rewardId	rewardType	rangeId	levelRange	rewardItem	isPrecious	rateValue
奖励ID	奖励类型 1-对应1朵玫瑰 2-对应99朵玫瑰	等级段ID	等级区段	奖励物品(coding,cnt)	是否珍贵物品(0-否 1-是)	抽奖概率
1	1	1	[30,39]	(25600,1)	0	1000
2	1	1	[30,39]	(26344,1)	0	1000
3	1	1	[30,39]	(25600,2)	0	1000
4	1	1	[30,39]	(26344,2)	0	1000
5	1	1	[30,39]	(26342,1)	0	1000
6	1	1	[30,39]	(26044,1)	0	300
7	1	1	[30,39]	(26033,1)	0	600
8	1	1	[30,39]	(26032,1)	0	1000
9	1	1	[30,39]	(25681,20)	0	1000
10	1	2	[40,59]	(25600,1)	0	1000
11	1	2	[40,59]	(26344,1)	0	1000
12	1	2	[40,59]	(25600,2)	0	1000
13	1	2	[40,59]	(26344,2)	0	1000
14	1	2	[40,59]	(26342,1)	0	1000
15	1	2	[40,59]	(26044,1)	0	300
16	1	2	[40,59]	(26033,1)	0	600
17	1	2	[40,59]	(26032,1)	0	1000
18	1	2	[40,59]	(25682,20)	0	1000
19	1	2	[40,59]	(25671,5)	0	1000
20	1	2	[40,59]	(25661,10)	0	1000
21	1	2	[40,59]	(25666,10)	0	1000
22	1	3	[60,79]	(25600,3)	0	1000
23	1	3	[60,79]	(26344,2)	0	1000
24	1	3	[60,79]	(25600,2)	0	1000
25	1	3	[60,79]	(26344,2)	0	1000
26	1	3	[60,79]	(26342,2)	0	1000
27	1	3	[60,79]	(26044,1)	0	300
28	1	3	[60,79]	(26033,1)	0	600
29	1	3	[60,79]	(26032,1)	0	1000
30	1	3	[60,79]	(26267,1)	0	300
31	1	3	[60,79]	(26119,1)	0	600
32	1	3	[60,79]	(26266,1)	0	1000
33	1	3	[60,79]	(25837,1)	0	1000
34	1	3	[60,79]	(26144,1)	0	1000
35	1	3	[60,79]	(25831,1)	0	1000
36	1	3	[60,79]	(25970,1)	0	1000
37	1	3	[60,79]	(25683,20)	0	1000
38	1	3	[60,79]	(25672,5)	0	1000
39	1	3	[60,79]	(25662,10)	0	1000
40	1	3	[60,79]	(25667,10)	0	1000
41	1	4	[80,99]	(25600,3)	0	1000
42	1	4	[80,99]	(26344,2)	0	1000
43	1	4	[80,99]	(25600,2)	0	1000
44	1	4	[80,99]	(26344,2)	0	1000
45	1	4	[80,99]	(26342,2)	0	1000
46	1	4	[80,99]	(26044,1)	0	300
47	1	4	[80,99]	(26033,1)	0	600
48	1	4	[80,99]	(26032,1)	0	1000
49	1	4	[80,99]	(26267,1)	0	300
50	1	4	[80,99]	(26119,1)	0	600
51	1	4	[80,99]	(26266,1)	0	1000
52	1	4	[80,99]	(25837,1)	0	1000
53	1	4	[80,99]	(26144,1)	0	1000
54	1	4	[80,99]	(25831,1)	0	1000
55	1	4	[80,99]	(25970,1)	0	1000
56	1	4	[80,99]	(25684,20)	0	1000
57	1	4	[80,99]	(25673,5)	0	1000
58	1	4	[80,99]	(25663,10)	0	1000
59	1	4	[80,99]	(25668,10)	0	1000
60	1	5	[100,119]	(25600,3)	0	1000
61	1	5	[100,119]	(26344,2)	0	1000
62	1	5	[100,119]	(25600,2)	0	1000
63	1	5	[100,119]	(26344,2)	0	1000
64	1	5	[100,119]	(26342,2)	0	1000
65	1	5	[100,119]	(26044,1)	0	300
66	1	5	[100,119]	(26033,1)	0	600
67	1	5	[100,119]	(26032,1)	0	1000
68	1	5	[100,119]	(26267,1)	0	300
69	1	5	[100,119]	(26119,1)	0	600
70	1	5	[100,119]	(26266,1)	0	1000
71	1	5	[100,119]	(25837,1)	0	1000
72	1	5	[100,119]	(26144,1)	0	1000
73	1	5	[100,119]	(25831,1)	0	1000
74	1	5	[100,119]	(25970,1)	0	1000
75	1	5	[100,119]	(25685,20)	0	1000
76	1	5	[100,119]	(25674,5)	0	1000
77	1	5	[100,119]	(25664,10)	0	1000
78	1	5	[100,119]	(25669,10)	0	1000
79	1	6	[120,139]	(25600,3)	0	1000
80	1	6	[120,139]	(26344,2)	0	1000
81	1	6	[120,139]	(25600,2)	0	1000
82	1	6	[120,139]	(26344,2)	0	1000
83	1	6	[120,139]	(26342,2)	0	1000
84	1	6	[120,139]	(26044,1)	0	300
85	1	6	[120,139]	(26033,1)	0	600
86	1	6	[120,139]	(26032,1)	0	1000
87	1	6	[120,139]	(26267,1)	0	300
88	1	6	[120,139]	(26119,1)	0	600
89	1	6	[120,139]	(26266,1)	0	1000
90	1	6	[120,139]	(25837,1)	0	1000
91	1	6	[120,139]	(26144,1)	0	1000
92	1	6	[120,139]	(25831,1)	0	1000
93	1	6	[120,139]	(25970,1)	0	1000
94	1	6	[120,139]	(25686,20)	0	1000
95	1	6	[120,139]	(25675,5)	0	1000
96	1	6	[120,139]	(25665,10)	0	1000
97	1	6	[120,139]	(25670,10)	0	1000
98	1	7	[140,159]	(25600,3)	0	1000
99	1	7	[140,159]	(26344,2)	0	1000
100	1	7	[140,159]	(25600,2)	0	1000
101	1	7	[140,159]	(26344,2)	0	1000
102	1	7	[140,159]	(26342,2)	0	1000
103	1	7	[140,159]	(26044,1)	0	300
104	1	7	[140,159]	(26033,1)	0	600
105	1	7	[140,159]	(26032,1)	0	1000
106	1	7	[140,159]	(26267,1)	0	300
107	1	7	[140,159]	(26119,1)	0	600
108	1	7	[140,159]	(26266,1)	0	1000
109	1	7	[140,159]	(25837,1)	0	1000
110	1	7	[140,159]	(26144,1)	0	1000
111	1	7	[140,159]	(25831,1)	0	1000
112	1	7	[140,159]	(25970,1)	0	1000
113	1	7	[140,159]	(26607,20)	0	1000
114	1	7	[140,159]	(27050,5)	0	1000
115	1	7	[140,159]	(27048,10)	0	1000
116	1	7	[140,159]	(27049,10)	0	1000
117	1	8	[160,179]	(25600,2)	0	1000
118	1	8	[160,179]	(26344,2)	0	1000
119	1	8	[160,179]	(26342,2)	0	1000
120	1	8	[160,179]	(26044,1)	0	300
121	1	8	[160,179]	(26033,1)	0	600
122	1	8	[160,179]	(26032,1)	0	1000
123	1	8	[160,179]	(26267,1)	0	300
124	1	8	[160,179]	(26119,1)	0	600
125	1	8	[160,179]	(26266,1)	0	1000
126	1	8	[160,179]	(25837,1)	0	1000
127	1	8	[160,179]	(26144,1)	0	1000
128	1	8	[160,179]	(25831,1)	0	1000
129	1	8	[160,179]	(25970,1)	0	1000
130	1	8	[160,179]	(27066,20)	0	1000
131	1	8	[160,179]	(27906,5)	0	1000
132	1	8	[160,179]	(27904,10)	0	1000
133	1	8	[160,179]	(27905,10)	0	1000
134	2	1	[30,39]	(37031,1)	1	23
135	2	1	[30,39]	(37033,1)	1	27
136	2	1	[30,39]	(26026,1)	0	1000
137	2	1	[30,39]	(26224,1)	0	350
138	2	1	[30,39]	(26225,1)	0	100
139	2	1	[30,39]	(25600,15)	0	600
140	2	1	[30,39]	(25600,18)	0	600
141	2	1	[30,39]	(25600,20)	0	600
142	2	1	[30,39]	(27566,2)	0	600
143	2	1	[30,39]	(26042,1)	0	400
144	2	2	[40,59]	(37031,1)	1	23
145	2	2	[40,59]	(37033,1)	1	27
146	2	2	[40,59]	(26026,1)	0	1000
147	2	2	[40,59]	(26224,1)	0	350
148	2	2	[40,59]	(26225,1)	0	100
149	2	2	[40,59]	(25600,15)	0	600
150	2	2	[40,59]	(25600,18)	0	600
151	2	2	[40,59]	(25600,20)	0	600
152	2	2	[40,59]	(27566,2)	0	600
153	2	2	[40,59]	(26042,1)	0	400
154	2	3	[60,79]	(37031,1)	1	50
155	2	3	[60,79]	(37033,1)	1	60
156	2	3	[60,79]	(27879,1)	1	10
157	2	3	[60,79]	(26026,1)	0	1000
158	2	3	[60,79]	(26224,1)	0	350
159	2	3	[60,79]	(26225,1)	1	100
160	2	3	[60,79]	(26226,1)	1	40
161	2	3	[60,79]	(27566,2)	0	800
162	2	3	[60,79]	(26042,1)	0	500
163	2	3	[60,79]	(26925,4)	0	800
164	2	3	[60,79]	(25837,10)	0	800
165	2	3	[60,79]	(26144,10)	0	800
166	2	3	[60,79]	(26924,4)	0	800
167	2	3	[60,79]	(26227,1)	0	800
168	2	3	[60,79]	(26228,1)	0	270
169	2	3	[60,79]	(26229,1)	1	80
170	2	3	[60,79]	(26934,5)	0	800
171	2	3	[60,79]	(26933,5)	0	800
172	2	3	[60,79]	(26485,2)	0	800
173	2	3	[60,79]	(26484,4)	0	800
174	2	4	[80,99]	(37031,1)	1	63
175	2	4	[80,99]	(37033,1)	1	72
176	2	4	[80,99]	(27879,1)	1	10
177	2	4	[80,99]	(27880,1)	1	10
178	2	4	[80,99]	(26026,1)	0	1000
179	2	4	[80,99]	(26224,1)	0	350
180	2	4	[80,99]	(26225,1)	1	100
181	2	4	[80,99]	(26226,1)	1	50
182	2	4	[80,99]	(26928,1)	1	25
183	2	4	[80,99]	(27566,2)	0	800
184	2	4	[80,99]	(26042,1)	0	500
185	2	4	[80,99]	(26925,5)	0	800
186	2	4	[80,99]	(26924,5)	0	800
187	2	4	[80,99]	(25837,12)	0	800
188	2	4	[80,99]	(26144,12)	0	800
189	2	4	[80,99]	(26227,1)	0	800
190	2	4	[80,99]	(26228,1)	0	270
191	2	4	[80,99]	(26229,1)	1	80
192	2	4	[80,99]	(26230,1)	1	40
193	2	4	[80,99]	(26934,6)	0	800
194	2	4	[80,99]	(26933,8)	0	800
195	2	4	[80,99]	(26485,3)	0	800
196	2	4	[80,99]	(26484,5)	0	800
197	2	4	[80,99]	(26676,1)	0	300
198	2	4	[80,99]	(26677,8)	0	800
199	2	4	[80,99]	(28030,1)	0	900
200	2	4	[80,99]	(28031,1)	0	250
201	2	5	[100,119]	(37031,1)	1	63
202	2	5	[100,119]	(37033,1)	1	72
203	2	5	[100,119]	(27879,1)	1	10
204	2	5	[100,119]	(27880,1)	1	10
205	2	5	[100,119]	(26026,1)	0	1000
206	2	5	[100,119]	(26224,1)	0	350
207	2	5	[100,119]	(26225,1)	1	100
208	2	5	[100,119]	(26226,1)	1	50
209	2	5	[100,119]	(26928,1)	1	25
210	2	5	[100,119]	(27566,2)	0	800
211	2	5	[100,119]	(26042,1)	0	500
212	2	5	[100,119]	(26925,5)	0	800
213	2	5	[100,119]	(26924,5)	0	800
214	2	5	[100,119]	(25837,12)	0	800
215	2	5	[100,119]	(26144,12)	0	800
216	2	5	[100,119]	(26227,1)	0	800
217	2	5	[100,119]	(26228,1)	0	270
218	2	5	[100,119]	(26229,1)	1	80
219	2	5	[100,119]	(26230,1)	1	40
220	2	5	[100,119]	(26934,6)	0	800
221	2	5	[100,119]	(26933,8)	0	800
222	2	5	[100,119]	(26485,3)	0	800
223	2	5	[100,119]	(26484,5)	0	800
224	2	5	[100,119]	(26676,1)	0	300
225	2	5	[100,119]	(26677,8)	0	800
226	2	5	[100,119]	(28030,1)	0	900
227	2	5	[100,119]	(28031,1)	0	250
228	2	6	[120,139]	(37031,1)	1	63
229	2	6	[120,139]	(37033,1)	1	72
230	2	6	[120,139]	(27879,1)	1	10
231	2	6	[120,139]	(27880,1)	1	10
232	2	6	[120,139]	(26026,1)	0	1000
233	2	6	[120,139]	(26224,1)	0	350
234	2	6	[120,139]	(26225,1)	1	100
235	2	6	[120,139]	(26226,1)	1	50
236	2	6	[120,139]	(26928,1)	1	25
237	2	6	[120,139]	(27566,2)	0	800
238	2	6	[120,139]	(26042,1)	0	500
239	2	6	[120,139]	(26925,5)	0	800
240	2	6	[120,139]	(26924,5)	0	800
241	2	6	[120,139]	(25837,12)	0	800
242	2	6	[120,139]	(26144,12)	0	800
243	2	6	[120,139]	(26227,1)	0	800
244	2	6	[120,139]	(26228,1)	0	270
245	2	6	[120,139]	(26229,1)	1	80
246	2	6	[120,139]	(26230,1)	1	40
247	2	6	[120,139]	(26934,6)	0	800
248	2	6	[120,139]	(26933,8)	0	800
249	2	6	[120,139]	(26485,3)	0	800
250	2	6	[120,139]	(26484,5)	0	800
251	2	6	[120,139]	(26676,1)	0	300
252	2	6	[120,139]	(26677,8)	0	800
253	2	6	[120,139]	(28030,1)	0	900
254	2	6	[120,139]	(28031,1)	0	250
255	2	7	[140,159]	(37031,1)	1	63
256	2	7	[140,159]	(37033,1)	1	72
257	2	7	[140,159]	(27879,1)	1	10
258	2	7	[140,159]	(27880,1)	1	10
259	2	7	[140,159]	(26026,1)	0	1000
260	2	7	[140,159]	(26224,1)	0	350
261	2	7	[140,159]	(26225,1)	1	100
262	2	7	[140,159]	(26226,1)	1	50
263	2	7	[140,159]	(26928,1)	1	25
264	2	7	[140,159]	(27566,2)	0	800
265	2	7	[140,159]	(26042,1)	0	500
266	2	7	[140,159]	(26925,5)	0	800
267	2	7	[140,159]	(26924,5)	0	800
268	2	7	[140,159]	(25837,12)	0	800
269	2	7	[140,159]	(26144,12)	0	800
270	2	7	[140,159]	(26227,1)	0	800
271	2	7	[140,159]	(26228,1)	0	270
272	2	7	[140,159]	(26229,1)	1	80
273	2	7	[140,159]	(26230,1)	1	40
274	2	7	[140,159]	(26934,6)	0	800
275	2	7	[140,159]	(26933,8)	0	800
276	2	7	[140,159]	(26485,3)	0	800
277	2	7	[140,159]	(26484,5)	0	800
278	2	7	[140,159]	(26676,1)	0	300
279	2	7	[140,159]	(26677,8)	0	800
280	2	7	[140,159]	(28030,1)	0	900
281	2	7	[140,159]	(28031,1)	0	250
282	2	8	[160,179]	(37031,1)	1	63
283	2	8	[160,179]	(37033,1)	1	72
284	2	8	[160,179]	(27879,1)	1	10
285	2	8	[160,179]	(27880,1)	1	10
286	2	8	[160,179]	(26026,1)	0	1000
287	2	8	[160,179]	(26224,1)	0	350
288	2	8	[160,179]	(26225,1)	1	100
289	2	8	[160,179]	(26226,1)	1	50
290	2	8	[160,179]	(26928,1)	1	25
291	2	8	[160,179]	(27566,2)	0	800
292	2	8	[160,179]	(26042,1)	0	500
293	2	8	[160,179]	(26925,5)	0	800
294	2	8	[160,179]	(26924,5)	0	800
295	2	8	[160,179]	(25837,12)	0	800
296	2	8	[160,179]	(26144,12)	0	800
297	2	8	[160,179]	(26227,1)	0	800
298	2	8	[160,179]	(26228,1)	0	270
299	2	8	[160,179]	(26229,1)	1	80
300	2	8	[160,179]	(26230,1)	1	40
301	2	8	[160,179]	(26934,6)	0	800
302	2	8	[160,179]	(26933,8)	0	800
303	2	8	[160,179]	(26485,3)	0	800
304	2	8	[160,179]	(26484,5)	0	800
305	2	8	[160,179]	(26676,1)	0	300
306	2	8	[160,179]	(26677,8)	0	800
307	2	8	[160,179]	(28030,1)	0	900
308	2	8	[160,179]	(28031,1)	0	250
