serverType	rank	needScore	rankPreview	rankImg	rewardItems	money	bindRMB	rewardItemsPreview
	排名	需要积分	排名预览	是否显示	奖励	金币奖励	魔晶	奖励道具预览（客户端用）
1	1	10000	1	SDJNH_TextDYM	[(27868,300),(26344,200),(26450,100),(25802,1),(27619,1)]	0	0	[(27868,300),(26344,200),(26450,100),(25802,1),(27619,1)]
1	2	10000	2	SDJNH_TextDRM	[(27868,250),(26344,150),(26450,75),(25793,1),(27618,1)]	0	0	[(27868,250),(26344,150),(26450,75),(25793,1),(27618,1)]
1	3	10000	3	SDJNH_TextDSM	[(27868,200),(26344,120),(26450,60),(25784,1),(27521,1)]	0	0	[(27868,200),(26344,120),(26450,60),(25784,1),(27521,1)]
1	4	10000	4	SDJNH_TextD4M	[(27868,150),(26344,100),(26450,50),(25775,1),(27520,1)]	0	0	[(27868,150),(26344,100),(26450,50),(25775,1),(27520,1)]
1	5	10000	5	SDJNH_TextD5M	[(27868,120),(26344,80),(26450,40),(25775,1),(27520,1)]	0	0	[(27868,120),(26344,80),(26450,40),(25775,1),(27520,1)]
1	6	8000	6	SDJNH_Text6	[(27868,100),(26344,60),(26450,30),(25766,1)]	0	0	[(27868,100),(26344,60),(26450,30),(25766,1)]
1	7	8000	0	0	[(27868,100),(26344,60),(26450,30),(25766,1)]	0	0	[(27868,100),(26344,60),(26450,30),(25766,1)]
1	8	8000	0	0	[(27868,100),(26344,60),(26450,30),(25766,1)]	0	0	[(27868,100),(26344,60),(26450,30),(25766,1)]
1	9	8000	0	0	[(27868,100),(26344,60),(26450,30),(25766,1)]	0	0	[(27868,100),(26344,60),(26450,30),(25766,1)]
1	10	8000	0	0	[(27868,100),(26344,60),(26450,30),(25766,1)]	0	0	[(27868,100),(26344,60),(26450,30),(25766,1)]
1	11	6000	7	SDJNH_Text11	[(27868,80),(26344,40),(26450,20),(25766,1)]	0	0	[(27868,80),(26344,40),(26450,20),(25766,1)]
1	12	6000	0	0	[(27868,80),(26344,40),(26450,20),(25766,1)]	0	0	[(27868,80),(26344,40),(26450,20),(25766,1)]
1	13	6000	0	0	[(27868,80),(26344,40),(26450,20),(25766,1)]	0	0	[(27868,80),(26344,40),(26450,20),(25766,1)]
1	14	6000	0	0	[(27868,80),(26344,40),(26450,20),(25766,1)]	0	0	[(27868,80),(26344,40),(26450,20),(25766,1)]
1	15	6000	0	0	[(27868,80),(26344,40),(26450,20),(25766,1)]	0	0	[(27868,80),(26344,40),(26450,20),(25766,1)]
1	16	6000	0	0	[(27868,80),(26344,40),(26450,20),(25766,1)]	0	0	[(27868,80),(26344,40),(26450,20),(25766,1)]
1	17	6000	0	0	[(27868,80),(26344,40),(26450,20),(25766,1)]	0	0	[(27868,80),(26344,40),(26450,20),(25766,1)]
1	18	6000	0	0	[(27868,80),(26344,40),(26450,20),(25766,1)]	0	0	[(27868,80),(26344,40),(26450,20),(25766,1)]
1	19	6000	0	0	[(27868,80),(26344,40),(26450,20),(25766,1)]	0	0	[(27868,80),(26344,40),(26450,20),(25766,1)]
1	20	6000	0	0	[(27868,80),(26344,40),(26450,20),(25766,1)]	0	0	[(27868,80),(26344,40),(26450,20),(25766,1)]
1	21	4000	8	SDJNH_Text21	[(27868,60),(26344,20),(26450,15),(25757,1)]	0	0	[(27868,60),(26344,20),(26450,15),(25757,1)]
1	22	4000	0	0	[(27868,60),(26344,20),(26450,15),(25757,1)]	0	0	[(27868,60),(26344,20),(26450,15),(25757,1)]
1	23	4000	0	0	[(27868,60),(26344,20),(26450,15),(25757,1)]	0	0	[(27868,60),(26344,20),(26450,15),(25757,1)]
1	24	4000	0	0	[(27868,60),(26344,20),(26450,15),(25757,1)]	0	0	[(27868,60),(26344,20),(26450,15),(25757,1)]
1	25	4000	0	0	[(27868,60),(26344,20),(26450,15),(25757,1)]	0	0	[(27868,60),(26344,20),(26450,15),(25757,1)]
1	26	4000	0	0	[(27868,60),(26344,20),(26450,15),(25757,1)]	0	0	[(27868,60),(26344,20),(26450,15),(25757,1)]
1	27	4000	0	0	[(27868,60),(26344,20),(26450,15),(25757,1)]	0	0	[(27868,60),(26344,20),(26450,15),(25757,1)]
1	28	4000	0	0	[(27868,60),(26344,20),(26450,15),(25757,1)]	0	0	[(27868,60),(26344,20),(26450,15),(25757,1)]
1	29	4000	0	0	[(27868,60),(26344,20),(26450,15),(25757,1)]	0	0	[(27868,60),(26344,20),(26450,15),(25757,1)]
1	30	4000	0	0	[(27868,60),(26344,20),(26450,15),(25757,1)]	0	0	[(27868,60),(26344,20),(26450,15),(25757,1)]
1	31	4000	0	0	[(27868,60),(26344,20),(26450,15),(25757,1)]	0	0	[(27868,60),(26344,20),(26450,15),(25757,1)]
1	32	4000	0	0	[(27868,60),(26344,20),(26450,15),(25757,1)]	0	0	[(27868,60),(26344,20),(26450,15),(25757,1)]
1	33	4000	0	0	[(27868,60),(26344,20),(26450,15),(25757,1)]	0	0	[(27868,60),(26344,20),(26450,15),(25757,1)]
1	34	4000	0	0	[(27868,60),(26344,20),(26450,15),(25757,1)]	0	0	[(27868,60),(26344,20),(26450,15),(25757,1)]
1	35	4000	0	0	[(27868,60),(26344,20),(26450,15),(25757,1)]	0	0	[(27868,60),(26344,20),(26450,15),(25757,1)]
1	36	4000	0	0	[(27868,60),(26344,20),(26450,15),(25757,1)]	0	0	[(27868,60),(26344,20),(26450,15),(25757,1)]
1	37	4000	0	0	[(27868,60),(26344,20),(26450,15),(25757,1)]	0	0	[(27868,60),(26344,20),(26450,15),(25757,1)]
1	38	4000	0	0	[(27868,60),(26344,20),(26450,15),(25757,1)]	0	0	[(27868,60),(26344,20),(26450,15),(25757,1)]
1	39	4000	0	0	[(27868,60),(26344,20),(26450,15),(25757,1)]	0	0	[(27868,60),(26344,20),(26450,15),(25757,1)]
1	40	4000	0	0	[(27868,60),(26344,20),(26450,15),(25757,1)]	0	0	[(27868,60),(26344,20),(26450,15),(25757,1)]
1	41	4000	0	0	[(27868,60),(26344,20),(26450,15),(25757,1)]	0	0	[(27868,60),(26344,20),(26450,15),(25757,1)]
1	42	4000	0	0	[(27868,60),(26344,20),(26450,15),(25757,1)]	0	0	[(27868,60),(26344,20),(26450,15),(25757,1)]
1	43	4000	0	0	[(27868,60),(26344,20),(26450,15),(25757,1)]	0	0	[(27868,60),(26344,20),(26450,15),(25757,1)]
1	44	4000	0	0	[(27868,60),(26344,20),(26450,15),(25757,1)]	0	0	[(27868,60),(26344,20),(26450,15),(25757,1)]
1	45	4000	0	0	[(27868,60),(26344,20),(26450,15),(25757,1)]	0	0	[(27868,60),(26344,20),(26450,15),(25757,1)]
1	46	4000	0	0	[(27868,60),(26344,20),(26450,15),(25757,1)]	0	0	[(27868,60),(26344,20),(26450,15),(25757,1)]
1	47	4000	0	0	[(27868,60),(26344,20),(26450,15),(25757,1)]	0	0	[(27868,60),(26344,20),(26450,15),(25757,1)]
1	48	4000	0	0	[(27868,60),(26344,20),(26450,15),(25757,1)]	0	0	[(27868,60),(26344,20),(26450,15),(25757,1)]
1	49	4000	0	0	[(27868,60),(26344,20),(26450,15),(25757,1)]	0	0	[(27868,60),(26344,20),(26450,15),(25757,1)]
1	50	4000	0	0	[(27868,60),(26344,20),(26450,15),(25757,1)]	0	0	[(27868,60),(26344,20),(26450,15),(25757,1)]
1	51	3000	9	SDJNH_Text51	[(27868,40),(26344,10),(26450,10),(25748,1)]	0	0	[(27868,40),(26344,10),(26450,10),(25748,1)]
1	52	3000	0	0	[(27868,40),(26344,10),(26450,10),(25748,1)]	0	0	[(27868,40),(26344,10),(26450,10),(25748,1)]
1	53	3000	0	0	[(27868,40),(26344,10),(26450,10),(25748,1)]	0	0	[(27868,40),(26344,10),(26450,10),(25748,1)]
1	54	3000	0	0	[(27868,40),(26344,10),(26450,10),(25748,1)]	0	0	[(27868,40),(26344,10),(26450,10),(25748,1)]
1	55	3000	0	0	[(27868,40),(26344,10),(26450,10),(25748,1)]	0	0	[(27868,40),(26344,10),(26450,10),(25748,1)]
1	56	3000	0	0	[(27868,40),(26344,10),(26450,10),(25748,1)]	0	0	[(27868,40),(26344,10),(26450,10),(25748,1)]
1	57	3000	0	0	[(27868,40),(26344,10),(26450,10),(25748,1)]	0	0	[(27868,40),(26344,10),(26450,10),(25748,1)]
1	58	3000	0	0	[(27868,40),(26344,10),(26450,10),(25748,1)]	0	0	[(27868,40),(26344,10),(26450,10),(25748,1)]
1	59	3000	0	0	[(27868,40),(26344,10),(26450,10),(25748,1)]	0	0	[(27868,40),(26344,10),(26450,10),(25748,1)]
1	60	3000	0	0	[(27868,40),(26344,10),(26450,10),(25748,1)]	0	0	[(27868,40),(26344,10),(26450,10),(25748,1)]
1	61	3000	0	0	[(27868,40),(26344,10),(26450,10),(25748,1)]	0	0	[(27868,40),(26344,10),(26450,10),(25748,1)]
1	62	3000	0	0	[(27868,40),(26344,10),(26450,10),(25748,1)]	0	0	[(27868,40),(26344,10),(26450,10),(25748,1)]
1	63	3000	0	0	[(27868,40),(26344,10),(26450,10),(25748,1)]	0	0	[(27868,40),(26344,10),(26450,10),(25748,1)]
1	64	3000	0	0	[(27868,40),(26344,10),(26450,10),(25748,1)]	0	0	[(27868,40),(26344,10),(26450,10),(25748,1)]
1	65	3000	0	0	[(27868,40),(26344,10),(26450,10),(25748,1)]	0	0	[(27868,40),(26344,10),(26450,10),(25748,1)]
1	66	3000	0	0	[(27868,40),(26344,10),(26450,10),(25748,1)]	0	0	[(27868,40),(26344,10),(26450,10),(25748,1)]
1	67	3000	0	0	[(27868,40),(26344,10),(26450,10),(25748,1)]	0	0	[(27868,40),(26344,10),(26450,10),(25748,1)]
1	68	3000	0	0	[(27868,40),(26344,10),(26450,10),(25748,1)]	0	0	[(27868,40),(26344,10),(26450,10),(25748,1)]
1	69	3000	0	0	[(27868,40),(26344,10),(26450,10),(25748,1)]	0	0	[(27868,40),(26344,10),(26450,10),(25748,1)]
1	70	3000	0	0	[(27868,40),(26344,10),(26450,10),(25748,1)]	0	0	[(27868,40),(26344,10),(26450,10),(25748,1)]
1	71	3000	0	0	[(27868,40),(26344,10),(26450,10),(25748,1)]	0	0	[(27868,40),(26344,10),(26450,10),(25748,1)]
1	72	3000	0	0	[(27868,40),(26344,10),(26450,10),(25748,1)]	0	0	[(27868,40),(26344,10),(26450,10),(25748,1)]
1	73	3000	0	0	[(27868,40),(26344,10),(26450,10),(25748,1)]	0	0	[(27868,40),(26344,10),(26450,10),(25748,1)]
1	74	3000	0	0	[(27868,40),(26344,10),(26450,10),(25748,1)]	0	0	[(27868,40),(26344,10),(26450,10),(25748,1)]
1	75	3000	0	0	[(27868,40),(26344,10),(26450,10),(25748,1)]	0	0	[(27868,40),(26344,10),(26450,10),(25748,1)]
1	76	3000	0	0	[(27868,40),(26344,10),(26450,10),(25748,1)]	0	0	[(27868,40),(26344,10),(26450,10),(25748,1)]
1	77	3000	0	0	[(27868,40),(26344,10),(26450,10),(25748,1)]	0	0	[(27868,40),(26344,10),(26450,10),(25748,1)]
1	78	3000	0	0	[(27868,40),(26344,10),(26450,10),(25748,1)]	0	0	[(27868,40),(26344,10),(26450,10),(25748,1)]
1	79	3000	0	0	[(27868,40),(26344,10),(26450,10),(25748,1)]	0	0	[(27868,40),(26344,10),(26450,10),(25748,1)]
1	80	3000	0	0	[(27868,40),(26344,10),(26450,10),(25748,1)]	0	0	[(27868,40),(26344,10),(26450,10),(25748,1)]
1	81	3000	0	0	[(27868,40),(26344,10),(26450,10),(25748,1)]	0	0	[(27868,40),(26344,10),(26450,10),(25748,1)]
1	82	3000	0	0	[(27868,40),(26344,10),(26450,10),(25748,1)]	0	0	[(27868,40),(26344,10),(26450,10),(25748,1)]
1	83	3000	0	0	[(27868,40),(26344,10),(26450,10),(25748,1)]	0	0	[(27868,40),(26344,10),(26450,10),(25748,1)]
1	84	3000	0	0	[(27868,40),(26344,10),(26450,10),(25748,1)]	0	0	[(27868,40),(26344,10),(26450,10),(25748,1)]
1	85	3000	0	0	[(27868,40),(26344,10),(26450,10),(25748,1)]	0	0	[(27868,40),(26344,10),(26450,10),(25748,1)]
1	86	3000	0	0	[(27868,40),(26344,10),(26450,10),(25748,1)]	0	0	[(27868,40),(26344,10),(26450,10),(25748,1)]
1	87	3000	0	0	[(27868,40),(26344,10),(26450,10),(25748,1)]	0	0	[(27868,40),(26344,10),(26450,10),(25748,1)]
1	88	3000	0	0	[(27868,40),(26344,10),(26450,10),(25748,1)]	0	0	[(27868,40),(26344,10),(26450,10),(25748,1)]
1	89	3000	0	0	[(27868,40),(26344,10),(26450,10),(25748,1)]	0	0	[(27868,40),(26344,10),(26450,10),(25748,1)]
1	90	3000	0	0	[(27868,40),(26344,10),(26450,10),(25748,1)]	0	0	[(27868,40),(26344,10),(26450,10),(25748,1)]
1	91	3000	0	0	[(27868,40),(26344,10),(26450,10),(25748,1)]	0	0	[(27868,40),(26344,10),(26450,10),(25748,1)]
1	92	3000	0	0	[(27868,40),(26344,10),(26450,10),(25748,1)]	0	0	[(27868,40),(26344,10),(26450,10),(25748,1)]
1	93	3000	0	0	[(27868,40),(26344,10),(26450,10),(25748,1)]	0	0	[(27868,40),(26344,10),(26450,10),(25748,1)]
1	94	3000	0	0	[(27868,40),(26344,10),(26450,10),(25748,1)]	0	0	[(27868,40),(26344,10),(26450,10),(25748,1)]
1	95	3000	0	0	[(27868,40),(26344,10),(26450,10),(25748,1)]	0	0	[(27868,40),(26344,10),(26450,10),(25748,1)]
1	96	3000	0	0	[(27868,40),(26344,10),(26450,10),(25748,1)]	0	0	[(27868,40),(26344,10),(26450,10),(25748,1)]
1	97	3000	0	0	[(27868,40),(26344,10),(26450,10),(25748,1)]	0	0	[(27868,40),(26344,10),(26450,10),(25748,1)]
1	98	3000	0	0	[(27868,40),(26344,10),(26450,10),(25748,1)]	0	0	[(27868,40),(26344,10),(26450,10),(25748,1)]
1	99	3000	0	0	[(27868,40),(26344,10),(26450,10),(25748,1)]	0	0	[(27868,40),(26344,10),(26450,10),(25748,1)]
1	100	3000	0	0	[(27868,40),(26344,10),(26450,10),(25748,1)]	0	0	[(27868,40),(26344,10),(26450,10),(25748,1)]
2	1	10000	1	SDJNH_TextDYM	[(27868,300),(26344,200),(26450,100),(25807,1),(27619,1)]	0	0	[(27868,300),(26344,200),(26450,100),(25807,1),(27619,1)]
2	2	10000	2	SDJNH_TextDRM	[(27868,250),(26344,150),(26450,75),(25798,1),(27618,1)]	0	0	[(27868,250),(26344,150),(26450,75),(25798,1),(27618,1)]
2	3	10000	3	SDJNH_TextDSM	[(27868,200),(26344,120),(26450,60),(25789,1),(27521,1)]	0	0	[(27868,200),(26344,120),(26450,60),(25789,1),(27521,1)]
2	4	10000	4	SDJNH_TextD4M	[(27868,150),(26344,100),(26450,50),(25780,1),(27520,1)]	0	0	[(27868,150),(26344,100),(26450,50),(25780,1),(27520,1)]
2	5	10000	5	SDJNH_TextD5M	[(27868,120),(26344,80),(26450,40),(25780,1),(27520,1)]	0	0	[(27868,120),(26344,80),(26450,40),(25780,1),(27520,1)]
2	6	8000	6	SDJNH_Text6	[(27868,100),(26344,60),(26450,30),(25771,1)]	0	0	[(27868,100),(26344,60),(26450,30),(25771,1)]
2	7	8000	0	0	[(27868,100),(26344,60),(26450,30),(25771,1)]	0	0	[(27868,100),(26344,60),(26450,30),(25771,1)]
2	8	8000	0	0	[(27868,100),(26344,60),(26450,30),(25771,1)]	0	0	[(27868,100),(26344,60),(26450,30),(25771,1)]
2	9	8000	0	0	[(27868,100),(26344,60),(26450,30),(25771,1)]	0	0	[(27868,100),(26344,60),(26450,30),(25771,1)]
2	10	8000	0	0	[(27868,100),(26344,60),(26450,30),(25771,1)]	0	0	[(27868,100),(26344,60),(26450,30),(25771,1)]
2	11	6000	7	SDJNH_Text11	[(27868,80),(26344,40),(26450,20),(25771,1)]	0	0	[(27868,80),(26344,40),(26450,20),(25771,1)]
2	12	6000	0	0	[(27868,80),(26344,40),(26450,20),(25771,1)]	0	0	[(27868,80),(26344,40),(26450,20),(25771,1)]
2	13	6000	0	0	[(27868,80),(26344,40),(26450,20),(25771,1)]	0	0	[(27868,80),(26344,40),(26450,20),(25771,1)]
2	14	6000	0	0	[(27868,80),(26344,40),(26450,20),(25771,1)]	0	0	[(27868,80),(26344,40),(26450,20),(25771,1)]
2	15	6000	0	0	[(27868,80),(26344,40),(26450,20),(25771,1)]	0	0	[(27868,80),(26344,40),(26450,20),(25771,1)]
2	16	6000	0	0	[(27868,80),(26344,40),(26450,20),(25771,1)]	0	0	[(27868,80),(26344,40),(26450,20),(25771,1)]
2	17	6000	0	0	[(27868,80),(26344,40),(26450,20),(25771,1)]	0	0	[(27868,80),(26344,40),(26450,20),(25771,1)]
2	18	6000	0	0	[(27868,80),(26344,40),(26450,20),(25771,1)]	0	0	[(27868,80),(26344,40),(26450,20),(25771,1)]
2	19	6000	0	0	[(27868,80),(26344,40),(26450,20),(25771,1)]	0	0	[(27868,80),(26344,40),(26450,20),(25771,1)]
2	20	6000	0	0	[(27868,80),(26344,40),(26450,20),(25771,1)]	0	0	[(27868,80),(26344,40),(26450,20),(25771,1)]
2	21	4000	8	SDJNH_Text21	[(27868,60),(26344,20),(26450,15),(25762,1)]	0	0	[(27868,60),(26344,20),(26450,15),(25762,1)]
2	22	4000	0	0	[(27868,60),(26344,20),(26450,15),(25762,1)]	0	0	[(27868,60),(26344,20),(26450,15),(25762,1)]
2	23	4000	0	0	[(27868,60),(26344,20),(26450,15),(25762,1)]	0	0	[(27868,60),(26344,20),(26450,15),(25762,1)]
2	24	4000	0	0	[(27868,60),(26344,20),(26450,15),(25762,1)]	0	0	[(27868,60),(26344,20),(26450,15),(25762,1)]
2	25	4000	0	0	[(27868,60),(26344,20),(26450,15),(25762,1)]	0	0	[(27868,60),(26344,20),(26450,15),(25762,1)]
2	26	4000	0	0	[(27868,60),(26344,20),(26450,15),(25762,1)]	0	0	[(27868,60),(26344,20),(26450,15),(25762,1)]
2	27	4000	0	0	[(27868,60),(26344,20),(26450,15),(25762,1)]	0	0	[(27868,60),(26344,20),(26450,15),(25762,1)]
2	28	4000	0	0	[(27868,60),(26344,20),(26450,15),(25762,1)]	0	0	[(27868,60),(26344,20),(26450,15),(25762,1)]
2	29	4000	0	0	[(27868,60),(26344,20),(26450,15),(25762,1)]	0	0	[(27868,60),(26344,20),(26450,15),(25762,1)]
2	30	4000	0	0	[(27868,60),(26344,20),(26450,15),(25762,1)]	0	0	[(27868,60),(26344,20),(26450,15),(25762,1)]
2	31	4000	0	0	[(27868,60),(26344,20),(26450,15),(25762,1)]	0	0	[(27868,60),(26344,20),(26450,15),(25762,1)]
2	32	4000	0	0	[(27868,60),(26344,20),(26450,15),(25762,1)]	0	0	[(27868,60),(26344,20),(26450,15),(25762,1)]
2	33	4000	0	0	[(27868,60),(26344,20),(26450,15),(25762,1)]	0	0	[(27868,60),(26344,20),(26450,15),(25762,1)]
2	34	4000	0	0	[(27868,60),(26344,20),(26450,15),(25762,1)]	0	0	[(27868,60),(26344,20),(26450,15),(25762,1)]
2	35	4000	0	0	[(27868,60),(26344,20),(26450,15),(25762,1)]	0	0	[(27868,60),(26344,20),(26450,15),(25762,1)]
2	36	4000	0	0	[(27868,60),(26344,20),(26450,15),(25762,1)]	0	0	[(27868,60),(26344,20),(26450,15),(25762,1)]
2	37	4000	0	0	[(27868,60),(26344,20),(26450,15),(25762,1)]	0	0	[(27868,60),(26344,20),(26450,15),(25762,1)]
2	38	4000	0	0	[(27868,60),(26344,20),(26450,15),(25762,1)]	0	0	[(27868,60),(26344,20),(26450,15),(25762,1)]
2	39	4000	0	0	[(27868,60),(26344,20),(26450,15),(25762,1)]	0	0	[(27868,60),(26344,20),(26450,15),(25762,1)]
2	40	4000	0	0	[(27868,60),(26344,20),(26450,15),(25762,1)]	0	0	[(27868,60),(26344,20),(26450,15),(25762,1)]
2	41	4000	0	0	[(27868,60),(26344,20),(26450,15),(25762,1)]	0	0	[(27868,60),(26344,20),(26450,15),(25762,1)]
2	42	4000	0	0	[(27868,60),(26344,20),(26450,15),(25762,1)]	0	0	[(27868,60),(26344,20),(26450,15),(25762,1)]
2	43	4000	0	0	[(27868,60),(26344,20),(26450,15),(25762,1)]	0	0	[(27868,60),(26344,20),(26450,15),(25762,1)]
2	44	4000	0	0	[(27868,60),(26344,20),(26450,15),(25762,1)]	0	0	[(27868,60),(26344,20),(26450,15),(25762,1)]
2	45	4000	0	0	[(27868,60),(26344,20),(26450,15),(25762,1)]	0	0	[(27868,60),(26344,20),(26450,15),(25762,1)]
2	46	4000	0	0	[(27868,60),(26344,20),(26450,15),(25762,1)]	0	0	[(27868,60),(26344,20),(26450,15),(25762,1)]
2	47	4000	0	0	[(27868,60),(26344,20),(26450,15),(25762,1)]	0	0	[(27868,60),(26344,20),(26450,15),(25762,1)]
2	48	4000	0	0	[(27868,60),(26344,20),(26450,15),(25762,1)]	0	0	[(27868,60),(26344,20),(26450,15),(25762,1)]
2	49	4000	0	0	[(27868,60),(26344,20),(26450,15),(25762,1)]	0	0	[(27868,60),(26344,20),(26450,15),(25762,1)]
2	50	4000	0	0	[(27868,60),(26344,20),(26450,15),(25762,1)]	0	0	[(27868,60),(26344,20),(26450,15),(25762,1)]
2	51	3000	9	SDJNH_Text51	[(27868,40),(26344,10),(26450,10),(25753,1)]	0	0	[(27868,40),(26344,10),(26450,10),(25753,1)]
2	52	3000	0	0	[(27868,40),(26344,10),(26450,10),(25753,1)]	0	0	[(27868,40),(26344,10),(26450,10),(25753,1)]
2	53	3000	0	0	[(27868,40),(26344,10),(26450,10),(25753,1)]	0	0	[(27868,40),(26344,10),(26450,10),(25753,1)]
2	54	3000	0	0	[(27868,40),(26344,10),(26450,10),(25753,1)]	0	0	[(27868,40),(26344,10),(26450,10),(25753,1)]
2	55	3000	0	0	[(27868,40),(26344,10),(26450,10),(25753,1)]	0	0	[(27868,40),(26344,10),(26450,10),(25753,1)]
2	56	3000	0	0	[(27868,40),(26344,10),(26450,10),(25753,1)]	0	0	[(27868,40),(26344,10),(26450,10),(25753,1)]
2	57	3000	0	0	[(27868,40),(26344,10),(26450,10),(25753,1)]	0	0	[(27868,40),(26344,10),(26450,10),(25753,1)]
2	58	3000	0	0	[(27868,40),(26344,10),(26450,10),(25753,1)]	0	0	[(27868,40),(26344,10),(26450,10),(25753,1)]
2	59	3000	0	0	[(27868,40),(26344,10),(26450,10),(25753,1)]	0	0	[(27868,40),(26344,10),(26450,10),(25753,1)]
2	60	3000	0	0	[(27868,40),(26344,10),(26450,10),(25753,1)]	0	0	[(27868,40),(26344,10),(26450,10),(25753,1)]
2	61	3000	0	0	[(27868,40),(26344,10),(26450,10),(25753,1)]	0	0	[(27868,40),(26344,10),(26450,10),(25753,1)]
2	62	3000	0	0	[(27868,40),(26344,10),(26450,10),(25753,1)]	0	0	[(27868,40),(26344,10),(26450,10),(25753,1)]
2	63	3000	0	0	[(27868,40),(26344,10),(26450,10),(25753,1)]	0	0	[(27868,40),(26344,10),(26450,10),(25753,1)]
2	64	3000	0	0	[(27868,40),(26344,10),(26450,10),(25753,1)]	0	0	[(27868,40),(26344,10),(26450,10),(25753,1)]
2	65	3000	0	0	[(27868,40),(26344,10),(26450,10),(25753,1)]	0	0	[(27868,40),(26344,10),(26450,10),(25753,1)]
2	66	3000	0	0	[(27868,40),(26344,10),(26450,10),(25753,1)]	0	0	[(27868,40),(26344,10),(26450,10),(25753,1)]
2	67	3000	0	0	[(27868,40),(26344,10),(26450,10),(25753,1)]	0	0	[(27868,40),(26344,10),(26450,10),(25753,1)]
2	68	3000	0	0	[(27868,40),(26344,10),(26450,10),(25753,1)]	0	0	[(27868,40),(26344,10),(26450,10),(25753,1)]
2	69	3000	0	0	[(27868,40),(26344,10),(26450,10),(25753,1)]	0	0	[(27868,40),(26344,10),(26450,10),(25753,1)]
2	70	3000	0	0	[(27868,40),(26344,10),(26450,10),(25753,1)]	0	0	[(27868,40),(26344,10),(26450,10),(25753,1)]
2	71	3000	0	0	[(27868,40),(26344,10),(26450,10),(25753,1)]	0	0	[(27868,40),(26344,10),(26450,10),(25753,1)]
2	72	3000	0	0	[(27868,40),(26344,10),(26450,10),(25753,1)]	0	0	[(27868,40),(26344,10),(26450,10),(25753,1)]
2	73	3000	0	0	[(27868,40),(26344,10),(26450,10),(25753,1)]	0	0	[(27868,40),(26344,10),(26450,10),(25753,1)]
2	74	3000	0	0	[(27868,40),(26344,10),(26450,10),(25753,1)]	0	0	[(27868,40),(26344,10),(26450,10),(25753,1)]
2	75	3000	0	0	[(27868,40),(26344,10),(26450,10),(25753,1)]	0	0	[(27868,40),(26344,10),(26450,10),(25753,1)]
2	76	3000	0	0	[(27868,40),(26344,10),(26450,10),(25753,1)]	0	0	[(27868,40),(26344,10),(26450,10),(25753,1)]
2	77	3000	0	0	[(27868,40),(26344,10),(26450,10),(25753,1)]	0	0	[(27868,40),(26344,10),(26450,10),(25753,1)]
2	78	3000	0	0	[(27868,40),(26344,10),(26450,10),(25753,1)]	0	0	[(27868,40),(26344,10),(26450,10),(25753,1)]
2	79	3000	0	0	[(27868,40),(26344,10),(26450,10),(25753,1)]	0	0	[(27868,40),(26344,10),(26450,10),(25753,1)]
2	80	3000	0	0	[(27868,40),(26344,10),(26450,10),(25753,1)]	0	0	[(27868,40),(26344,10),(26450,10),(25753,1)]
2	81	3000	0	0	[(27868,40),(26344,10),(26450,10),(25753,1)]	0	0	[(27868,40),(26344,10),(26450,10),(25753,1)]
2	82	3000	0	0	[(27868,40),(26344,10),(26450,10),(25753,1)]	0	0	[(27868,40),(26344,10),(26450,10),(25753,1)]
2	83	3000	0	0	[(27868,40),(26344,10),(26450,10),(25753,1)]	0	0	[(27868,40),(26344,10),(26450,10),(25753,1)]
2	84	3000	0	0	[(27868,40),(26344,10),(26450,10),(25753,1)]	0	0	[(27868,40),(26344,10),(26450,10),(25753,1)]
2	85	3000	0	0	[(27868,40),(26344,10),(26450,10),(25753,1)]	0	0	[(27868,40),(26344,10),(26450,10),(25753,1)]
2	86	3000	0	0	[(27868,40),(26344,10),(26450,10),(25753,1)]	0	0	[(27868,40),(26344,10),(26450,10),(25753,1)]
2	87	3000	0	0	[(27868,40),(26344,10),(26450,10),(25753,1)]	0	0	[(27868,40),(26344,10),(26450,10),(25753,1)]
2	88	3000	0	0	[(27868,40),(26344,10),(26450,10),(25753,1)]	0	0	[(27868,40),(26344,10),(26450,10),(25753,1)]
2	89	3000	0	0	[(27868,40),(26344,10),(26450,10),(25753,1)]	0	0	[(27868,40),(26344,10),(26450,10),(25753,1)]
2	90	3000	0	0	[(27868,40),(26344,10),(26450,10),(25753,1)]	0	0	[(27868,40),(26344,10),(26450,10),(25753,1)]
2	91	3000	0	0	[(27868,40),(26344,10),(26450,10),(25753,1)]	0	0	[(27868,40),(26344,10),(26450,10),(25753,1)]
2	92	3000	0	0	[(27868,40),(26344,10),(26450,10),(25753,1)]	0	0	[(27868,40),(26344,10),(26450,10),(25753,1)]
2	93	3000	0	0	[(27868,40),(26344,10),(26450,10),(25753,1)]	0	0	[(27868,40),(26344,10),(26450,10),(25753,1)]
2	94	3000	0	0	[(27868,40),(26344,10),(26450,10),(25753,1)]	0	0	[(27868,40),(26344,10),(26450,10),(25753,1)]
2	95	3000	0	0	[(27868,40),(26344,10),(26450,10),(25753,1)]	0	0	[(27868,40),(26344,10),(26450,10),(25753,1)]
2	96	3000	0	0	[(27868,40),(26344,10),(26450,10),(25753,1)]	0	0	[(27868,40),(26344,10),(26450,10),(25753,1)]
2	97	3000	0	0	[(27868,40),(26344,10),(26450,10),(25753,1)]	0	0	[(27868,40),(26344,10),(26450,10),(25753,1)]
2	98	3000	0	0	[(27868,40),(26344,10),(26450,10),(25753,1)]	0	0	[(27868,40),(26344,10),(26450,10),(25753,1)]
2	99	3000	0	0	[(27868,40),(26344,10),(26450,10),(25753,1)]	0	0	[(27868,40),(26344,10),(26450,10),(25753,1)]
2	100	3000	0	0	[(27868,40),(26344,10),(26450,10),(25753,1)]	0	0	[(27868,40),(26344,10),(26450,10),(25753,1)]
3	1	10000	1	SDJNH_TextDYM	[(27868,300),(26344,200),(26450,100),(25807,1),(27626,1)]	0	0	[(27868,300),(26344,200),(26450,100),(25807,1),(27626,1)]
3	2	10000	2	SDJNH_TextDRM	[(27868,250),(26344,150),(26450,75),(25798,1),(27625,1)]	0	0	[(27868,250),(26344,150),(26450,75),(25798,1),(27625,1)]
3	3	10000	3	SDJNH_TextDSM	[(27868,200),(26344,120),(26450,60),(25789,1),(27624,1)]	0	0	[(27868,200),(26344,120),(26450,60),(25789,1),(27624,1)]
3	4	10000	4	SDJNH_TextD4M	[(27868,150),(26344,100),(26450,50),(25780,1),(27623,1)]	0	0	[(27868,150),(26344,100),(26450,50),(25780,1),(27623,1)]
3	5	10000	5	SDJNH_TextD5M	[(27868,120),(26344,80),(26450,40),(25780,1),(27623,1)]	0	0	[(27868,120),(26344,80),(26450,40),(25780,1),(27623,1)]
3	6	8000	6	SDJNH_Text6	[(27868,100),(26344,60),(26450,30),(25771,1)]	0	0	[(27868,100),(26344,60),(26450,30),(25771,1)]
3	7	8000	0	0	[(27868,100),(26344,60),(26450,30),(25771,1)]	0	0	[(27868,100),(26344,60),(26450,30),(25771,1)]
3	8	8000	0	0	[(27868,100),(26344,60),(26450,30),(25771,1)]	0	0	[(27868,100),(26344,60),(26450,30),(25771,1)]
3	9	8000	0	0	[(27868,100),(26344,60),(26450,30),(25771,1)]	0	0	[(27868,100),(26344,60),(26450,30),(25771,1)]
3	10	8000	0	0	[(27868,100),(26344,60),(26450,30),(25771,1)]	0	0	[(27868,100),(26344,60),(26450,30),(25771,1)]
3	11	6000	7	SDJNH_Text11	[(27868,80),(26344,40),(26450,20),(25771,1)]	0	0	[(27868,80),(26344,40),(26450,20),(25771,1)]
3	12	6000	0	0	[(27868,80),(26344,40),(26450,20),(25771,1)]	0	0	[(27868,80),(26344,40),(26450,20),(25771,1)]
3	13	6000	0	0	[(27868,80),(26344,40),(26450,20),(25771,1)]	0	0	[(27868,80),(26344,40),(26450,20),(25771,1)]
3	14	6000	0	0	[(27868,80),(26344,40),(26450,20),(25771,1)]	0	0	[(27868,80),(26344,40),(26450,20),(25771,1)]
3	15	6000	0	0	[(27868,80),(26344,40),(26450,20),(25771,1)]	0	0	[(27868,80),(26344,40),(26450,20),(25771,1)]
3	16	6000	0	0	[(27868,80),(26344,40),(26450,20),(25771,1)]	0	0	[(27868,80),(26344,40),(26450,20),(25771,1)]
3	17	6000	0	0	[(27868,80),(26344,40),(26450,20),(25771,1)]	0	0	[(27868,80),(26344,40),(26450,20),(25771,1)]
3	18	6000	0	0	[(27868,80),(26344,40),(26450,20),(25771,1)]	0	0	[(27868,80),(26344,40),(26450,20),(25771,1)]
3	19	6000	0	0	[(27868,80),(26344,40),(26450,20),(25771,1)]	0	0	[(27868,80),(26344,40),(26450,20),(25771,1)]
3	20	6000	0	0	[(27868,80),(26344,40),(26450,20),(25771,1)]	0	0	[(27868,80),(26344,40),(26450,20),(25771,1)]
3	21	4000	8	SDJNH_Text21	[(27868,60),(26344,20),(26450,15),(25762,1)]	0	0	[(27868,60),(26344,20),(26450,15),(25762,1)]
3	22	4000	0	0	[(27868,60),(26344,20),(26450,15),(25762,1)]	0	0	[(27868,60),(26344,20),(26450,15),(25762,1)]
3	23	4000	0	0	[(27868,60),(26344,20),(26450,15),(25762,1)]	0	0	[(27868,60),(26344,20),(26450,15),(25762,1)]
3	24	4000	0	0	[(27868,60),(26344,20),(26450,15),(25762,1)]	0	0	[(27868,60),(26344,20),(26450,15),(25762,1)]
3	25	4000	0	0	[(27868,60),(26344,20),(26450,15),(25762,1)]	0	0	[(27868,60),(26344,20),(26450,15),(25762,1)]
3	26	4000	0	0	[(27868,60),(26344,20),(26450,15),(25762,1)]	0	0	[(27868,60),(26344,20),(26450,15),(25762,1)]
3	27	4000	0	0	[(27868,60),(26344,20),(26450,15),(25762,1)]	0	0	[(27868,60),(26344,20),(26450,15),(25762,1)]
3	28	4000	0	0	[(27868,60),(26344,20),(26450,15),(25762,1)]	0	0	[(27868,60),(26344,20),(26450,15),(25762,1)]
3	29	4000	0	0	[(27868,60),(26344,20),(26450,15),(25762,1)]	0	0	[(27868,60),(26344,20),(26450,15),(25762,1)]
3	30	4000	0	0	[(27868,60),(26344,20),(26450,15),(25762,1)]	0	0	[(27868,60),(26344,20),(26450,15),(25762,1)]
3	31	4000	0	0	[(27868,60),(26344,20),(26450,15),(25762,1)]	0	0	[(27868,60),(26344,20),(26450,15),(25762,1)]
3	32	4000	0	0	[(27868,60),(26344,20),(26450,15),(25762,1)]	0	0	[(27868,60),(26344,20),(26450,15),(25762,1)]
3	33	4000	0	0	[(27868,60),(26344,20),(26450,15),(25762,1)]	0	0	[(27868,60),(26344,20),(26450,15),(25762,1)]
3	34	4000	0	0	[(27868,60),(26344,20),(26450,15),(25762,1)]	0	0	[(27868,60),(26344,20),(26450,15),(25762,1)]
3	35	4000	0	0	[(27868,60),(26344,20),(26450,15),(25762,1)]	0	0	[(27868,60),(26344,20),(26450,15),(25762,1)]
3	36	4000	0	0	[(27868,60),(26344,20),(26450,15),(25762,1)]	0	0	[(27868,60),(26344,20),(26450,15),(25762,1)]
3	37	4000	0	0	[(27868,60),(26344,20),(26450,15),(25762,1)]	0	0	[(27868,60),(26344,20),(26450,15),(25762,1)]
3	38	4000	0	0	[(27868,60),(26344,20),(26450,15),(25762,1)]	0	0	[(27868,60),(26344,20),(26450,15),(25762,1)]
3	39	4000	0	0	[(27868,60),(26344,20),(26450,15),(25762,1)]	0	0	[(27868,60),(26344,20),(26450,15),(25762,1)]
3	40	4000	0	0	[(27868,60),(26344,20),(26450,15),(25762,1)]	0	0	[(27868,60),(26344,20),(26450,15),(25762,1)]
3	41	4000	0	0	[(27868,60),(26344,20),(26450,15),(25762,1)]	0	0	[(27868,60),(26344,20),(26450,15),(25762,1)]
3	42	4000	0	0	[(27868,60),(26344,20),(26450,15),(25762,1)]	0	0	[(27868,60),(26344,20),(26450,15),(25762,1)]
3	43	4000	0	0	[(27868,60),(26344,20),(26450,15),(25762,1)]	0	0	[(27868,60),(26344,20),(26450,15),(25762,1)]
3	44	4000	0	0	[(27868,60),(26344,20),(26450,15),(25762,1)]	0	0	[(27868,60),(26344,20),(26450,15),(25762,1)]
3	45	4000	0	0	[(27868,60),(26344,20),(26450,15),(25762,1)]	0	0	[(27868,60),(26344,20),(26450,15),(25762,1)]
3	46	4000	0	0	[(27868,60),(26344,20),(26450,15),(25762,1)]	0	0	[(27868,60),(26344,20),(26450,15),(25762,1)]
3	47	4000	0	0	[(27868,60),(26344,20),(26450,15),(25762,1)]	0	0	[(27868,60),(26344,20),(26450,15),(25762,1)]
3	48	4000	0	0	[(27868,60),(26344,20),(26450,15),(25762,1)]	0	0	[(27868,60),(26344,20),(26450,15),(25762,1)]
3	49	4000	0	0	[(27868,60),(26344,20),(26450,15),(25762,1)]	0	0	[(27868,60),(26344,20),(26450,15),(25762,1)]
3	50	4000	0	0	[(27868,60),(26344,20),(26450,15),(25762,1)]	0	0	[(27868,60),(26344,20),(26450,15),(25762,1)]
3	51	3000	9	SDJNH_Text51	[(27868,40),(26344,10),(26450,10),(25753,1)]	0	0	[(27868,40),(26344,10),(26450,10),(25753,1)]
3	52	3000	0	0	[(27868,40),(26344,10),(26450,10),(25753,1)]	0	0	[(27868,40),(26344,10),(26450,10),(25753,1)]
3	53	3000	0	0	[(27868,40),(26344,10),(26450,10),(25753,1)]	0	0	[(27868,40),(26344,10),(26450,10),(25753,1)]
3	54	3000	0	0	[(27868,40),(26344,10),(26450,10),(25753,1)]	0	0	[(27868,40),(26344,10),(26450,10),(25753,1)]
3	55	3000	0	0	[(27868,40),(26344,10),(26450,10),(25753,1)]	0	0	[(27868,40),(26344,10),(26450,10),(25753,1)]
3	56	3000	0	0	[(27868,40),(26344,10),(26450,10),(25753,1)]	0	0	[(27868,40),(26344,10),(26450,10),(25753,1)]
3	57	3000	0	0	[(27868,40),(26344,10),(26450,10),(25753,1)]	0	0	[(27868,40),(26344,10),(26450,10),(25753,1)]
3	58	3000	0	0	[(27868,40),(26344,10),(26450,10),(25753,1)]	0	0	[(27868,40),(26344,10),(26450,10),(25753,1)]
3	59	3000	0	0	[(27868,40),(26344,10),(26450,10),(25753,1)]	0	0	[(27868,40),(26344,10),(26450,10),(25753,1)]
3	60	3000	0	0	[(27868,40),(26344,10),(26450,10),(25753,1)]	0	0	[(27868,40),(26344,10),(26450,10),(25753,1)]
3	61	3000	0	0	[(27868,40),(26344,10),(26450,10),(25753,1)]	0	0	[(27868,40),(26344,10),(26450,10),(25753,1)]
3	62	3000	0	0	[(27868,40),(26344,10),(26450,10),(25753,1)]	0	0	[(27868,40),(26344,10),(26450,10),(25753,1)]
3	63	3000	0	0	[(27868,40),(26344,10),(26450,10),(25753,1)]	0	0	[(27868,40),(26344,10),(26450,10),(25753,1)]
3	64	3000	0	0	[(27868,40),(26344,10),(26450,10),(25753,1)]	0	0	[(27868,40),(26344,10),(26450,10),(25753,1)]
3	65	3000	0	0	[(27868,40),(26344,10),(26450,10),(25753,1)]	0	0	[(27868,40),(26344,10),(26450,10),(25753,1)]
3	66	3000	0	0	[(27868,40),(26344,10),(26450,10),(25753,1)]	0	0	[(27868,40),(26344,10),(26450,10),(25753,1)]
3	67	3000	0	0	[(27868,40),(26344,10),(26450,10),(25753,1)]	0	0	[(27868,40),(26344,10),(26450,10),(25753,1)]
3	68	3000	0	0	[(27868,40),(26344,10),(26450,10),(25753,1)]	0	0	[(27868,40),(26344,10),(26450,10),(25753,1)]
3	69	3000	0	0	[(27868,40),(26344,10),(26450,10),(25753,1)]	0	0	[(27868,40),(26344,10),(26450,10),(25753,1)]
3	70	3000	0	0	[(27868,40),(26344,10),(26450,10),(25753,1)]	0	0	[(27868,40),(26344,10),(26450,10),(25753,1)]
3	71	3000	0	0	[(27868,40),(26344,10),(26450,10),(25753,1)]	0	0	[(27868,40),(26344,10),(26450,10),(25753,1)]
3	72	3000	0	0	[(27868,40),(26344,10),(26450,10),(25753,1)]	0	0	[(27868,40),(26344,10),(26450,10),(25753,1)]
3	73	3000	0	0	[(27868,40),(26344,10),(26450,10),(25753,1)]	0	0	[(27868,40),(26344,10),(26450,10),(25753,1)]
3	74	3000	0	0	[(27868,40),(26344,10),(26450,10),(25753,1)]	0	0	[(27868,40),(26344,10),(26450,10),(25753,1)]
3	75	3000	0	0	[(27868,40),(26344,10),(26450,10),(25753,1)]	0	0	[(27868,40),(26344,10),(26450,10),(25753,1)]
3	76	3000	0	0	[(27868,40),(26344,10),(26450,10),(25753,1)]	0	0	[(27868,40),(26344,10),(26450,10),(25753,1)]
3	77	3000	0	0	[(27868,40),(26344,10),(26450,10),(25753,1)]	0	0	[(27868,40),(26344,10),(26450,10),(25753,1)]
3	78	3000	0	0	[(27868,40),(26344,10),(26450,10),(25753,1)]	0	0	[(27868,40),(26344,10),(26450,10),(25753,1)]
3	79	3000	0	0	[(27868,40),(26344,10),(26450,10),(25753,1)]	0	0	[(27868,40),(26344,10),(26450,10),(25753,1)]
3	80	3000	0	0	[(27868,40),(26344,10),(26450,10),(25753,1)]	0	0	[(27868,40),(26344,10),(26450,10),(25753,1)]
3	81	3000	0	0	[(27868,40),(26344,10),(26450,10),(25753,1)]	0	0	[(27868,40),(26344,10),(26450,10),(25753,1)]
3	82	3000	0	0	[(27868,40),(26344,10),(26450,10),(25753,1)]	0	0	[(27868,40),(26344,10),(26450,10),(25753,1)]
3	83	3000	0	0	[(27868,40),(26344,10),(26450,10),(25753,1)]	0	0	[(27868,40),(26344,10),(26450,10),(25753,1)]
3	84	3000	0	0	[(27868,40),(26344,10),(26450,10),(25753,1)]	0	0	[(27868,40),(26344,10),(26450,10),(25753,1)]
3	85	3000	0	0	[(27868,40),(26344,10),(26450,10),(25753,1)]	0	0	[(27868,40),(26344,10),(26450,10),(25753,1)]
3	86	3000	0	0	[(27868,40),(26344,10),(26450,10),(25753,1)]	0	0	[(27868,40),(26344,10),(26450,10),(25753,1)]
3	87	3000	0	0	[(27868,40),(26344,10),(26450,10),(25753,1)]	0	0	[(27868,40),(26344,10),(26450,10),(25753,1)]
3	88	3000	0	0	[(27868,40),(26344,10),(26450,10),(25753,1)]	0	0	[(27868,40),(26344,10),(26450,10),(25753,1)]
3	89	3000	0	0	[(27868,40),(26344,10),(26450,10),(25753,1)]	0	0	[(27868,40),(26344,10),(26450,10),(25753,1)]
3	90	3000	0	0	[(27868,40),(26344,10),(26450,10),(25753,1)]	0	0	[(27868,40),(26344,10),(26450,10),(25753,1)]
3	91	3000	0	0	[(27868,40),(26344,10),(26450,10),(25753,1)]	0	0	[(27868,40),(26344,10),(26450,10),(25753,1)]
3	92	3000	0	0	[(27868,40),(26344,10),(26450,10),(25753,1)]	0	0	[(27868,40),(26344,10),(26450,10),(25753,1)]
3	93	3000	0	0	[(27868,40),(26344,10),(26450,10),(25753,1)]	0	0	[(27868,40),(26344,10),(26450,10),(25753,1)]
3	94	3000	0	0	[(27868,40),(26344,10),(26450,10),(25753,1)]	0	0	[(27868,40),(26344,10),(26450,10),(25753,1)]
3	95	3000	0	0	[(27868,40),(26344,10),(26450,10),(25753,1)]	0	0	[(27868,40),(26344,10),(26450,10),(25753,1)]
3	96	3000	0	0	[(27868,40),(26344,10),(26450,10),(25753,1)]	0	0	[(27868,40),(26344,10),(26450,10),(25753,1)]
3	97	3000	0	0	[(27868,40),(26344,10),(26450,10),(25753,1)]	0	0	[(27868,40),(26344,10),(26450,10),(25753,1)]
3	98	3000	0	0	[(27868,40),(26344,10),(26450,10),(25753,1)]	0	0	[(27868,40),(26344,10),(26450,10),(25753,1)]
3	99	3000	0	0	[(27868,40),(26344,10),(26450,10),(25753,1)]	0	0	[(27868,40),(26344,10),(26450,10),(25753,1)]
3	100	3000	0	0	[(27868,40),(26344,10),(26450,10),(25753,1)]	0	0	[(27868,40),(26344,10),(26450,10),(25753,1)]
4	1	10000	1	SDJNH_TextDYM	[(27868,300),(26344,200),(26450,100),(25961,1),(27626,1)]	0	0	[(27868,300),(26344,200),(26450,100),(25961,1),(27626,1)]
4	2	10000	2	SDJNH_TextDRM	[(27868,250),(26344,150),(26450,75),(25949,1),(27625,1)]	0	0	[(27868,250),(26344,150),(26450,75),(25949,1),(27625,1)]
4	3	10000	3	SDJNH_TextDSM	[(27868,200),(26344,120),(26450,60),(25937,1),(27624,1)]	0	0	[(27868,200),(26344,120),(26450,60),(25937,1),(27624,1)]
4	4	10000	4	SDJNH_TextD4M	[(27868,150),(26344,100),(26450,50),(25925,1),(27623,1)]	0	0	[(27868,150),(26344,100),(26450,50),(25925,1),(27623,1)]
4	5	10000	5	SDJNH_TextD5M	[(27868,120),(26344,80),(26450,40),(25925,1),(27623,1)]	0	0	[(27868,120),(26344,80),(26450,40),(25925,1),(27623,1)]
4	6	8000	6	SDJNH_Text6	[(27868,100),(26344,60),(26450,30),(25913,1)]	0	0	[(27868,100),(26344,60),(26450,30),(25913,1)]
4	7	8000	0	0	[(27868,100),(26344,60),(26450,30),(25913,1)]	0	0	[(27868,100),(26344,60),(26450,30),(25913,1)]
4	8	8000	0	0	[(27868,100),(26344,60),(26450,30),(25913,1)]	0	0	[(27868,100),(26344,60),(26450,30),(25913,1)]
4	9	8000	0	0	[(27868,100),(26344,60),(26450,30),(25913,1)]	0	0	[(27868,100),(26344,60),(26450,30),(25913,1)]
4	10	8000	0	0	[(27868,100),(26344,60),(26450,30),(25913,1)]	0	0	[(27868,100),(26344,60),(26450,30),(25913,1)]
4	11	6000	7	SDJNH_Text11	[(27868,80),(26344,40),(26450,20),(25913,1)]	0	0	[(27868,80),(26344,40),(26450,20),(25913,1)]
4	12	6000	0	0	[(27868,80),(26344,40),(26450,20),(25913,1)]	0	0	[(27868,80),(26344,40),(26450,20),(25913,1)]
4	13	6000	0	0	[(27868,80),(26344,40),(26450,20),(25913,1)]	0	0	[(27868,80),(26344,40),(26450,20),(25913,1)]
4	14	6000	0	0	[(27868,80),(26344,40),(26450,20),(25913,1)]	0	0	[(27868,80),(26344,40),(26450,20),(25913,1)]
4	15	6000	0	0	[(27868,80),(26344,40),(26450,20),(25913,1)]	0	0	[(27868,80),(26344,40),(26450,20),(25913,1)]
4	16	6000	0	0	[(27868,80),(26344,40),(26450,20),(25913,1)]	0	0	[(27868,80),(26344,40),(26450,20),(25913,1)]
4	17	6000	0	0	[(27868,80),(26344,40),(26450,20),(25913,1)]	0	0	[(27868,80),(26344,40),(26450,20),(25913,1)]
4	18	6000	0	0	[(27868,80),(26344,40),(26450,20),(25913,1)]	0	0	[(27868,80),(26344,40),(26450,20),(25913,1)]
4	19	6000	0	0	[(27868,80),(26344,40),(26450,20),(25913,1)]	0	0	[(27868,80),(26344,40),(26450,20),(25913,1)]
4	20	6000	0	0	[(27868,80),(26344,40),(26450,20),(25913,1)]	0	0	[(27868,80),(26344,40),(26450,20),(25913,1)]
4	21	4000	8	SDJNH_Text21	[(27868,60),(26344,20),(26450,15),(25901,1)]	0	0	[(27868,60),(26344,20),(26450,15),(25901,1)]
4	22	4000	0	0	[(27868,60),(26344,20),(26450,15),(25901,1)]	0	0	[(27868,60),(26344,20),(26450,15),(25901,1)]
4	23	4000	0	0	[(27868,60),(26344,20),(26450,15),(25901,1)]	0	0	[(27868,60),(26344,20),(26450,15),(25901,1)]
4	24	4000	0	0	[(27868,60),(26344,20),(26450,15),(25901,1)]	0	0	[(27868,60),(26344,20),(26450,15),(25901,1)]
4	25	4000	0	0	[(27868,60),(26344,20),(26450,15),(25901,1)]	0	0	[(27868,60),(26344,20),(26450,15),(25901,1)]
4	26	4000	0	0	[(27868,60),(26344,20),(26450,15),(25901,1)]	0	0	[(27868,60),(26344,20),(26450,15),(25901,1)]
4	27	4000	0	0	[(27868,60),(26344,20),(26450,15),(25901,1)]	0	0	[(27868,60),(26344,20),(26450,15),(25901,1)]
4	28	4000	0	0	[(27868,60),(26344,20),(26450,15),(25901,1)]	0	0	[(27868,60),(26344,20),(26450,15),(25901,1)]
4	29	4000	0	0	[(27868,60),(26344,20),(26450,15),(25901,1)]	0	0	[(27868,60),(26344,20),(26450,15),(25901,1)]
4	30	4000	0	0	[(27868,60),(26344,20),(26450,15),(25901,1)]	0	0	[(27868,60),(26344,20),(26450,15),(25901,1)]
4	31	4000	0	0	[(27868,60),(26344,20),(26450,15),(25901,1)]	0	0	[(27868,60),(26344,20),(26450,15),(25901,1)]
4	32	4000	0	0	[(27868,60),(26344,20),(26450,15),(25901,1)]	0	0	[(27868,60),(26344,20),(26450,15),(25901,1)]
4	33	4000	0	0	[(27868,60),(26344,20),(26450,15),(25901,1)]	0	0	[(27868,60),(26344,20),(26450,15),(25901,1)]
4	34	4000	0	0	[(27868,60),(26344,20),(26450,15),(25901,1)]	0	0	[(27868,60),(26344,20),(26450,15),(25901,1)]
4	35	4000	0	0	[(27868,60),(26344,20),(26450,15),(25901,1)]	0	0	[(27868,60),(26344,20),(26450,15),(25901,1)]
4	36	4000	0	0	[(27868,60),(26344,20),(26450,15),(25901,1)]	0	0	[(27868,60),(26344,20),(26450,15),(25901,1)]
4	37	4000	0	0	[(27868,60),(26344,20),(26450,15),(25901,1)]	0	0	[(27868,60),(26344,20),(26450,15),(25901,1)]
4	38	4000	0	0	[(27868,60),(26344,20),(26450,15),(25901,1)]	0	0	[(27868,60),(26344,20),(26450,15),(25901,1)]
4	39	4000	0	0	[(27868,60),(26344,20),(26450,15),(25901,1)]	0	0	[(27868,60),(26344,20),(26450,15),(25901,1)]
4	40	4000	0	0	[(27868,60),(26344,20),(26450,15),(25901,1)]	0	0	[(27868,60),(26344,20),(26450,15),(25901,1)]
4	41	4000	0	0	[(27868,60),(26344,20),(26450,15),(25901,1)]	0	0	[(27868,60),(26344,20),(26450,15),(25901,1)]
4	42	4000	0	0	[(27868,60),(26344,20),(26450,15),(25901,1)]	0	0	[(27868,60),(26344,20),(26450,15),(25901,1)]
4	43	4000	0	0	[(27868,60),(26344,20),(26450,15),(25901,1)]	0	0	[(27868,60),(26344,20),(26450,15),(25901,1)]
4	44	4000	0	0	[(27868,60),(26344,20),(26450,15),(25901,1)]	0	0	[(27868,60),(26344,20),(26450,15),(25901,1)]
4	45	4000	0	0	[(27868,60),(26344,20),(26450,15),(25901,1)]	0	0	[(27868,60),(26344,20),(26450,15),(25901,1)]
4	46	4000	0	0	[(27868,60),(26344,20),(26450,15),(25901,1)]	0	0	[(27868,60),(26344,20),(26450,15),(25901,1)]
4	47	4000	0	0	[(27868,60),(26344,20),(26450,15),(25901,1)]	0	0	[(27868,60),(26344,20),(26450,15),(25901,1)]
4	48	4000	0	0	[(27868,60),(26344,20),(26450,15),(25901,1)]	0	0	[(27868,60),(26344,20),(26450,15),(25901,1)]
4	49	4000	0	0	[(27868,60),(26344,20),(26450,15),(25901,1)]	0	0	[(27868,60),(26344,20),(26450,15),(25901,1)]
4	50	4000	0	0	[(27868,60),(26344,20),(26450,15),(25901,1)]	0	0	[(27868,60),(26344,20),(26450,15),(25901,1)]
4	51	3000	9	SDJNH_Text51	[(27868,40),(26344,10),(26450,10),(25889,1)]	0	0	[(27868,40),(26344,10),(26450,10),(25889,1)]
4	52	3000	0	0	[(27868,40),(26344,10),(26450,10),(25889,1)]	0	0	[(27868,40),(26344,10),(26450,10),(25889,1)]
4	53	3000	0	0	[(27868,40),(26344,10),(26450,10),(25889,1)]	0	0	[(27868,40),(26344,10),(26450,10),(25889,1)]
4	54	3000	0	0	[(27868,40),(26344,10),(26450,10),(25889,1)]	0	0	[(27868,40),(26344,10),(26450,10),(25889,1)]
4	55	3000	0	0	[(27868,40),(26344,10),(26450,10),(25889,1)]	0	0	[(27868,40),(26344,10),(26450,10),(25889,1)]
4	56	3000	0	0	[(27868,40),(26344,10),(26450,10),(25889,1)]	0	0	[(27868,40),(26344,10),(26450,10),(25889,1)]
4	57	3000	0	0	[(27868,40),(26344,10),(26450,10),(25889,1)]	0	0	[(27868,40),(26344,10),(26450,10),(25889,1)]
4	58	3000	0	0	[(27868,40),(26344,10),(26450,10),(25889,1)]	0	0	[(27868,40),(26344,10),(26450,10),(25889,1)]
4	59	3000	0	0	[(27868,40),(26344,10),(26450,10),(25889,1)]	0	0	[(27868,40),(26344,10),(26450,10),(25889,1)]
4	60	3000	0	0	[(27868,40),(26344,10),(26450,10),(25889,1)]	0	0	[(27868,40),(26344,10),(26450,10),(25889,1)]
4	61	3000	0	0	[(27868,40),(26344,10),(26450,10),(25889,1)]	0	0	[(27868,40),(26344,10),(26450,10),(25889,1)]
4	62	3000	0	0	[(27868,40),(26344,10),(26450,10),(25889,1)]	0	0	[(27868,40),(26344,10),(26450,10),(25889,1)]
4	63	3000	0	0	[(27868,40),(26344,10),(26450,10),(25889,1)]	0	0	[(27868,40),(26344,10),(26450,10),(25889,1)]
4	64	3000	0	0	[(27868,40),(26344,10),(26450,10),(25889,1)]	0	0	[(27868,40),(26344,10),(26450,10),(25889,1)]
4	65	3000	0	0	[(27868,40),(26344,10),(26450,10),(25889,1)]	0	0	[(27868,40),(26344,10),(26450,10),(25889,1)]
4	66	3000	0	0	[(27868,40),(26344,10),(26450,10),(25889,1)]	0	0	[(27868,40),(26344,10),(26450,10),(25889,1)]
4	67	3000	0	0	[(27868,40),(26344,10),(26450,10),(25889,1)]	0	0	[(27868,40),(26344,10),(26450,10),(25889,1)]
4	68	3000	0	0	[(27868,40),(26344,10),(26450,10),(25889,1)]	0	0	[(27868,40),(26344,10),(26450,10),(25889,1)]
4	69	3000	0	0	[(27868,40),(26344,10),(26450,10),(25889,1)]	0	0	[(27868,40),(26344,10),(26450,10),(25889,1)]
4	70	3000	0	0	[(27868,40),(26344,10),(26450,10),(25889,1)]	0	0	[(27868,40),(26344,10),(26450,10),(25889,1)]
4	71	3000	0	0	[(27868,40),(26344,10),(26450,10),(25889,1)]	0	0	[(27868,40),(26344,10),(26450,10),(25889,1)]
4	72	3000	0	0	[(27868,40),(26344,10),(26450,10),(25889,1)]	0	0	[(27868,40),(26344,10),(26450,10),(25889,1)]
4	73	3000	0	0	[(27868,40),(26344,10),(26450,10),(25889,1)]	0	0	[(27868,40),(26344,10),(26450,10),(25889,1)]
4	74	3000	0	0	[(27868,40),(26344,10),(26450,10),(25889,1)]	0	0	[(27868,40),(26344,10),(26450,10),(25889,1)]
4	75	3000	0	0	[(27868,40),(26344,10),(26450,10),(25889,1)]	0	0	[(27868,40),(26344,10),(26450,10),(25889,1)]
4	76	3000	0	0	[(27868,40),(26344,10),(26450,10),(25889,1)]	0	0	[(27868,40),(26344,10),(26450,10),(25889,1)]
4	77	3000	0	0	[(27868,40),(26344,10),(26450,10),(25889,1)]	0	0	[(27868,40),(26344,10),(26450,10),(25889,1)]
4	78	3000	0	0	[(27868,40),(26344,10),(26450,10),(25889,1)]	0	0	[(27868,40),(26344,10),(26450,10),(25889,1)]
4	79	3000	0	0	[(27868,40),(26344,10),(26450,10),(25889,1)]	0	0	[(27868,40),(26344,10),(26450,10),(25889,1)]
4	80	3000	0	0	[(27868,40),(26344,10),(26450,10),(25889,1)]	0	0	[(27868,40),(26344,10),(26450,10),(25889,1)]
4	81	3000	0	0	[(27868,40),(26344,10),(26450,10),(25889,1)]	0	0	[(27868,40),(26344,10),(26450,10),(25889,1)]
4	82	3000	0	0	[(27868,40),(26344,10),(26450,10),(25889,1)]	0	0	[(27868,40),(26344,10),(26450,10),(25889,1)]
4	83	3000	0	0	[(27868,40),(26344,10),(26450,10),(25889,1)]	0	0	[(27868,40),(26344,10),(26450,10),(25889,1)]
4	84	3000	0	0	[(27868,40),(26344,10),(26450,10),(25889,1)]	0	0	[(27868,40),(26344,10),(26450,10),(25889,1)]
4	85	3000	0	0	[(27868,40),(26344,10),(26450,10),(25889,1)]	0	0	[(27868,40),(26344,10),(26450,10),(25889,1)]
4	86	3000	0	0	[(27868,40),(26344,10),(26450,10),(25889,1)]	0	0	[(27868,40),(26344,10),(26450,10),(25889,1)]
4	87	3000	0	0	[(27868,40),(26344,10),(26450,10),(25889,1)]	0	0	[(27868,40),(26344,10),(26450,10),(25889,1)]
4	88	3000	0	0	[(27868,40),(26344,10),(26450,10),(25889,1)]	0	0	[(27868,40),(26344,10),(26450,10),(25889,1)]
4	89	3000	0	0	[(27868,40),(26344,10),(26450,10),(25889,1)]	0	0	[(27868,40),(26344,10),(26450,10),(25889,1)]
4	90	3000	0	0	[(27868,40),(26344,10),(26450,10),(25889,1)]	0	0	[(27868,40),(26344,10),(26450,10),(25889,1)]
4	91	3000	0	0	[(27868,40),(26344,10),(26450,10),(25889,1)]	0	0	[(27868,40),(26344,10),(26450,10),(25889,1)]
4	92	3000	0	0	[(27868,40),(26344,10),(26450,10),(25889,1)]	0	0	[(27868,40),(26344,10),(26450,10),(25889,1)]
4	93	3000	0	0	[(27868,40),(26344,10),(26450,10),(25889,1)]	0	0	[(27868,40),(26344,10),(26450,10),(25889,1)]
4	94	3000	0	0	[(27868,40),(26344,10),(26450,10),(25889,1)]	0	0	[(27868,40),(26344,10),(26450,10),(25889,1)]
4	95	3000	0	0	[(27868,40),(26344,10),(26450,10),(25889,1)]	0	0	[(27868,40),(26344,10),(26450,10),(25889,1)]
4	96	3000	0	0	[(27868,40),(26344,10),(26450,10),(25889,1)]	0	0	[(27868,40),(26344,10),(26450,10),(25889,1)]
4	97	3000	0	0	[(27868,40),(26344,10),(26450,10),(25889,1)]	0	0	[(27868,40),(26344,10),(26450,10),(25889,1)]
4	98	3000	0	0	[(27868,40),(26344,10),(26450,10),(25889,1)]	0	0	[(27868,40),(26344,10),(26450,10),(25889,1)]
4	99	3000	0	0	[(27868,40),(26344,10),(26450,10),(25889,1)]	0	0	[(27868,40),(26344,10),(26450,10),(25889,1)]
4	100	3000	0	0	[(27868,40),(26344,10),(26450,10),(25889,1)]	0	0	[(27868,40),(26344,10),(26450,10),(25889,1)]
5	1	10000	1	SDJNH_TextDYM	[(27868,300),(26344,200),(26450,100),(25961,1),(27626,1)]	0	0	[(27868,300),(26344,200),(26450,100),(25961,1),(27626,1)]
5	2	10000	2	SDJNH_TextDRM	[(27868,250),(26344,150),(26450,75),(25949,1),(27625,1)]	0	0	[(27868,250),(26344,150),(26450,75),(25949,1),(27625,1)]
5	3	10000	3	SDJNH_TextDSM	[(27868,200),(26344,120),(26450,60),(25937,1),(27624,1)]	0	0	[(27868,200),(26344,120),(26450,60),(25937,1),(27624,1)]
5	4	10000	4	SDJNH_TextD4M	[(27868,150),(26344,100),(26450,50),(25925,1),(27623,1)]	0	0	[(27868,150),(26344,100),(26450,50),(25925,1),(27623,1)]
5	5	10000	5	SDJNH_TextD5M	[(27868,120),(26344,80),(26450,40),(25925,1),(27623,1)]	0	0	[(27868,120),(26344,80),(26450,40),(25925,1),(27623,1)]
5	6	8000	6	SDJNH_Text6	[(27868,100),(26344,60),(26450,30),(25913,1)]	0	0	[(27868,100),(26344,60),(26450,30),(25913,1)]
5	7	8000	0	0	[(27868,100),(26344,60),(26450,30),(25913,1)]	0	0	[(27868,100),(26344,60),(26450,30),(25913,1)]
5	8	8000	0	0	[(27868,100),(26344,60),(26450,30),(25913,1)]	0	0	[(27868,100),(26344,60),(26450,30),(25913,1)]
5	9	8000	0	0	[(27868,100),(26344,60),(26450,30),(25913,1)]	0	0	[(27868,100),(26344,60),(26450,30),(25913,1)]
5	10	8000	0	0	[(27868,100),(26344,60),(26450,30),(25913,1)]	0	0	[(27868,100),(26344,60),(26450,30),(25913,1)]
5	11	6000	7	SDJNH_Text11	[(27868,80),(26344,40),(26450,20),(25913,1)]	0	0	[(27868,80),(26344,40),(26450,20),(25913,1)]
5	12	6000	0	0	[(27868,80),(26344,40),(26450,20),(25913,1)]	0	0	[(27868,80),(26344,40),(26450,20),(25913,1)]
5	13	6000	0	0	[(27868,80),(26344,40),(26450,20),(25913,1)]	0	0	[(27868,80),(26344,40),(26450,20),(25913,1)]
5	14	6000	0	0	[(27868,80),(26344,40),(26450,20),(25913,1)]	0	0	[(27868,80),(26344,40),(26450,20),(25913,1)]
5	15	6000	0	0	[(27868,80),(26344,40),(26450,20),(25913,1)]	0	0	[(27868,80),(26344,40),(26450,20),(25913,1)]
5	16	6000	0	0	[(27868,80),(26344,40),(26450,20),(25913,1)]	0	0	[(27868,80),(26344,40),(26450,20),(25913,1)]
5	17	6000	0	0	[(27868,80),(26344,40),(26450,20),(25913,1)]	0	0	[(27868,80),(26344,40),(26450,20),(25913,1)]
5	18	6000	0	0	[(27868,80),(26344,40),(26450,20),(25913,1)]	0	0	[(27868,80),(26344,40),(26450,20),(25913,1)]
5	19	6000	0	0	[(27868,80),(26344,40),(26450,20),(25913,1)]	0	0	[(27868,80),(26344,40),(26450,20),(25913,1)]
5	20	6000	0	0	[(27868,80),(26344,40),(26450,20),(25913,1)]	0	0	[(27868,80),(26344,40),(26450,20),(25913,1)]
5	21	4000	8	SDJNH_Text21	[(27868,60),(26344,20),(26450,15),(25901,1)]	0	0	[(27868,60),(26344,20),(26450,15),(25901,1)]
5	22	4000	0	0	[(27868,60),(26344,20),(26450,15),(25901,1)]	0	0	[(27868,60),(26344,20),(26450,15),(25901,1)]
5	23	4000	0	0	[(27868,60),(26344,20),(26450,15),(25901,1)]	0	0	[(27868,60),(26344,20),(26450,15),(25901,1)]
5	24	4000	0	0	[(27868,60),(26344,20),(26450,15),(25901,1)]	0	0	[(27868,60),(26344,20),(26450,15),(25901,1)]
5	25	4000	0	0	[(27868,60),(26344,20),(26450,15),(25901,1)]	0	0	[(27868,60),(26344,20),(26450,15),(25901,1)]
5	26	4000	0	0	[(27868,60),(26344,20),(26450,15),(25901,1)]	0	0	[(27868,60),(26344,20),(26450,15),(25901,1)]
5	27	4000	0	0	[(27868,60),(26344,20),(26450,15),(25901,1)]	0	0	[(27868,60),(26344,20),(26450,15),(25901,1)]
5	28	4000	0	0	[(27868,60),(26344,20),(26450,15),(25901,1)]	0	0	[(27868,60),(26344,20),(26450,15),(25901,1)]
5	29	4000	0	0	[(27868,60),(26344,20),(26450,15),(25901,1)]	0	0	[(27868,60),(26344,20),(26450,15),(25901,1)]
5	30	4000	0	0	[(27868,60),(26344,20),(26450,15),(25901,1)]	0	0	[(27868,60),(26344,20),(26450,15),(25901,1)]
5	31	4000	0	0	[(27868,60),(26344,20),(26450,15),(25901,1)]	0	0	[(27868,60),(26344,20),(26450,15),(25901,1)]
5	32	4000	0	0	[(27868,60),(26344,20),(26450,15),(25901,1)]	0	0	[(27868,60),(26344,20),(26450,15),(25901,1)]
5	33	4000	0	0	[(27868,60),(26344,20),(26450,15),(25901,1)]	0	0	[(27868,60),(26344,20),(26450,15),(25901,1)]
5	34	4000	0	0	[(27868,60),(26344,20),(26450,15),(25901,1)]	0	0	[(27868,60),(26344,20),(26450,15),(25901,1)]
5	35	4000	0	0	[(27868,60),(26344,20),(26450,15),(25901,1)]	0	0	[(27868,60),(26344,20),(26450,15),(25901,1)]
5	36	4000	0	0	[(27868,60),(26344,20),(26450,15),(25901,1)]	0	0	[(27868,60),(26344,20),(26450,15),(25901,1)]
5	37	4000	0	0	[(27868,60),(26344,20),(26450,15),(25901,1)]	0	0	[(27868,60),(26344,20),(26450,15),(25901,1)]
5	38	4000	0	0	[(27868,60),(26344,20),(26450,15),(25901,1)]	0	0	[(27868,60),(26344,20),(26450,15),(25901,1)]
5	39	4000	0	0	[(27868,60),(26344,20),(26450,15),(25901,1)]	0	0	[(27868,60),(26344,20),(26450,15),(25901,1)]
5	40	4000	0	0	[(27868,60),(26344,20),(26450,15),(25901,1)]	0	0	[(27868,60),(26344,20),(26450,15),(25901,1)]
5	41	4000	0	0	[(27868,60),(26344,20),(26450,15),(25901,1)]	0	0	[(27868,60),(26344,20),(26450,15),(25901,1)]
5	42	4000	0	0	[(27868,60),(26344,20),(26450,15),(25901,1)]	0	0	[(27868,60),(26344,20),(26450,15),(25901,1)]
5	43	4000	0	0	[(27868,60),(26344,20),(26450,15),(25901,1)]	0	0	[(27868,60),(26344,20),(26450,15),(25901,1)]
5	44	4000	0	0	[(27868,60),(26344,20),(26450,15),(25901,1)]	0	0	[(27868,60),(26344,20),(26450,15),(25901,1)]
5	45	4000	0	0	[(27868,60),(26344,20),(26450,15),(25901,1)]	0	0	[(27868,60),(26344,20),(26450,15),(25901,1)]
5	46	4000	0	0	[(27868,60),(26344,20),(26450,15),(25901,1)]	0	0	[(27868,60),(26344,20),(26450,15),(25901,1)]
5	47	4000	0	0	[(27868,60),(26344,20),(26450,15),(25901,1)]	0	0	[(27868,60),(26344,20),(26450,15),(25901,1)]
5	48	4000	0	0	[(27868,60),(26344,20),(26450,15),(25901,1)]	0	0	[(27868,60),(26344,20),(26450,15),(25901,1)]
5	49	4000	0	0	[(27868,60),(26344,20),(26450,15),(25901,1)]	0	0	[(27868,60),(26344,20),(26450,15),(25901,1)]
5	50	4000	0	0	[(27868,60),(26344,20),(26450,15),(25901,1)]	0	0	[(27868,60),(26344,20),(26450,15),(25901,1)]
5	51	3000	9	SDJNH_Text51	[(27868,40),(26344,10),(26450,10),(25889,1)]	0	0	[(27868,40),(26344,10),(26450,10),(25889,1)]
5	52	3000	0	0	[(27868,40),(26344,10),(26450,10),(25889,1)]	0	0	[(27868,40),(26344,10),(26450,10),(25889,1)]
5	53	3000	0	0	[(27868,40),(26344,10),(26450,10),(25889,1)]	0	0	[(27868,40),(26344,10),(26450,10),(25889,1)]
5	54	3000	0	0	[(27868,40),(26344,10),(26450,10),(25889,1)]	0	0	[(27868,40),(26344,10),(26450,10),(25889,1)]
5	55	3000	0	0	[(27868,40),(26344,10),(26450,10),(25889,1)]	0	0	[(27868,40),(26344,10),(26450,10),(25889,1)]
5	56	3000	0	0	[(27868,40),(26344,10),(26450,10),(25889,1)]	0	0	[(27868,40),(26344,10),(26450,10),(25889,1)]
5	57	3000	0	0	[(27868,40),(26344,10),(26450,10),(25889,1)]	0	0	[(27868,40),(26344,10),(26450,10),(25889,1)]
5	58	3000	0	0	[(27868,40),(26344,10),(26450,10),(25889,1)]	0	0	[(27868,40),(26344,10),(26450,10),(25889,1)]
5	59	3000	0	0	[(27868,40),(26344,10),(26450,10),(25889,1)]	0	0	[(27868,40),(26344,10),(26450,10),(25889,1)]
5	60	3000	0	0	[(27868,40),(26344,10),(26450,10),(25889,1)]	0	0	[(27868,40),(26344,10),(26450,10),(25889,1)]
5	61	3000	0	0	[(27868,40),(26344,10),(26450,10),(25889,1)]	0	0	[(27868,40),(26344,10),(26450,10),(25889,1)]
5	62	3000	0	0	[(27868,40),(26344,10),(26450,10),(25889,1)]	0	0	[(27868,40),(26344,10),(26450,10),(25889,1)]
5	63	3000	0	0	[(27868,40),(26344,10),(26450,10),(25889,1)]	0	0	[(27868,40),(26344,10),(26450,10),(25889,1)]
5	64	3000	0	0	[(27868,40),(26344,10),(26450,10),(25889,1)]	0	0	[(27868,40),(26344,10),(26450,10),(25889,1)]
5	65	3000	0	0	[(27868,40),(26344,10),(26450,10),(25889,1)]	0	0	[(27868,40),(26344,10),(26450,10),(25889,1)]
5	66	3000	0	0	[(27868,40),(26344,10),(26450,10),(25889,1)]	0	0	[(27868,40),(26344,10),(26450,10),(25889,1)]
5	67	3000	0	0	[(27868,40),(26344,10),(26450,10),(25889,1)]	0	0	[(27868,40),(26344,10),(26450,10),(25889,1)]
5	68	3000	0	0	[(27868,40),(26344,10),(26450,10),(25889,1)]	0	0	[(27868,40),(26344,10),(26450,10),(25889,1)]
5	69	3000	0	0	[(27868,40),(26344,10),(26450,10),(25889,1)]	0	0	[(27868,40),(26344,10),(26450,10),(25889,1)]
5	70	3000	0	0	[(27868,40),(26344,10),(26450,10),(25889,1)]	0	0	[(27868,40),(26344,10),(26450,10),(25889,1)]
5	71	3000	0	0	[(27868,40),(26344,10),(26450,10),(25889,1)]	0	0	[(27868,40),(26344,10),(26450,10),(25889,1)]
5	72	3000	0	0	[(27868,40),(26344,10),(26450,10),(25889,1)]	0	0	[(27868,40),(26344,10),(26450,10),(25889,1)]
5	73	3000	0	0	[(27868,40),(26344,10),(26450,10),(25889,1)]	0	0	[(27868,40),(26344,10),(26450,10),(25889,1)]
5	74	3000	0	0	[(27868,40),(26344,10),(26450,10),(25889,1)]	0	0	[(27868,40),(26344,10),(26450,10),(25889,1)]
5	75	3000	0	0	[(27868,40),(26344,10),(26450,10),(25889,1)]	0	0	[(27868,40),(26344,10),(26450,10),(25889,1)]
5	76	3000	0	0	[(27868,40),(26344,10),(26450,10),(25889,1)]	0	0	[(27868,40),(26344,10),(26450,10),(25889,1)]
5	77	3000	0	0	[(27868,40),(26344,10),(26450,10),(25889,1)]	0	0	[(27868,40),(26344,10),(26450,10),(25889,1)]
5	78	3000	0	0	[(27868,40),(26344,10),(26450,10),(25889,1)]	0	0	[(27868,40),(26344,10),(26450,10),(25889,1)]
5	79	3000	0	0	[(27868,40),(26344,10),(26450,10),(25889,1)]	0	0	[(27868,40),(26344,10),(26450,10),(25889,1)]
5	80	3000	0	0	[(27868,40),(26344,10),(26450,10),(25889,1)]	0	0	[(27868,40),(26344,10),(26450,10),(25889,1)]
5	81	3000	0	0	[(27868,40),(26344,10),(26450,10),(25889,1)]	0	0	[(27868,40),(26344,10),(26450,10),(25889,1)]
5	82	3000	0	0	[(27868,40),(26344,10),(26450,10),(25889,1)]	0	0	[(27868,40),(26344,10),(26450,10),(25889,1)]
5	83	3000	0	0	[(27868,40),(26344,10),(26450,10),(25889,1)]	0	0	[(27868,40),(26344,10),(26450,10),(25889,1)]
5	84	3000	0	0	[(27868,40),(26344,10),(26450,10),(25889,1)]	0	0	[(27868,40),(26344,10),(26450,10),(25889,1)]
5	85	3000	0	0	[(27868,40),(26344,10),(26450,10),(25889,1)]	0	0	[(27868,40),(26344,10),(26450,10),(25889,1)]
5	86	3000	0	0	[(27868,40),(26344,10),(26450,10),(25889,1)]	0	0	[(27868,40),(26344,10),(26450,10),(25889,1)]
5	87	3000	0	0	[(27868,40),(26344,10),(26450,10),(25889,1)]	0	0	[(27868,40),(26344,10),(26450,10),(25889,1)]
5	88	3000	0	0	[(27868,40),(26344,10),(26450,10),(25889,1)]	0	0	[(27868,40),(26344,10),(26450,10),(25889,1)]
5	89	3000	0	0	[(27868,40),(26344,10),(26450,10),(25889,1)]	0	0	[(27868,40),(26344,10),(26450,10),(25889,1)]
5	90	3000	0	0	[(27868,40),(26344,10),(26450,10),(25889,1)]	0	0	[(27868,40),(26344,10),(26450,10),(25889,1)]
5	91	3000	0	0	[(27868,40),(26344,10),(26450,10),(25889,1)]	0	0	[(27868,40),(26344,10),(26450,10),(25889,1)]
5	92	3000	0	0	[(27868,40),(26344,10),(26450,10),(25889,1)]	0	0	[(27868,40),(26344,10),(26450,10),(25889,1)]
5	93	3000	0	0	[(27868,40),(26344,10),(26450,10),(25889,1)]	0	0	[(27868,40),(26344,10),(26450,10),(25889,1)]
5	94	3000	0	0	[(27868,40),(26344,10),(26450,10),(25889,1)]	0	0	[(27868,40),(26344,10),(26450,10),(25889,1)]
5	95	3000	0	0	[(27868,40),(26344,10),(26450,10),(25889,1)]	0	0	[(27868,40),(26344,10),(26450,10),(25889,1)]
5	96	3000	0	0	[(27868,40),(26344,10),(26450,10),(25889,1)]	0	0	[(27868,40),(26344,10),(26450,10),(25889,1)]
5	97	3000	0	0	[(27868,40),(26344,10),(26450,10),(25889,1)]	0	0	[(27868,40),(26344,10),(26450,10),(25889,1)]
5	98	3000	0	0	[(27868,40),(26344,10),(26450,10),(25889,1)]	0	0	[(27868,40),(26344,10),(26450,10),(25889,1)]
5	99	3000	0	0	[(27868,40),(26344,10),(26450,10),(25889,1)]	0	0	[(27868,40),(26344,10),(26450,10),(25889,1)]
5	100	3000	0	0	[(27868,40),(26344,10),(26450,10),(25889,1)]	0	0	[(27868,40),(26344,10),(26450,10),(25889,1)]
