zjID	fbId	index	fbName	FbImg	sceneId	needLevel	posX	posY	Monster1	x1	y1	face1	reward1	camp1	fight1	Monster2	x2	y2	face2	reward2	camp2	fight2	Monster3	x3	y3	face3	reward3	camp3	fight3	mc1	mc2	mc3	rewardId	jlyl	ljyl
章节ID	副本ID	副本索引（在一个章节中副本类型的排列顺序）	副本名字	副本界面中的副本图标	副本场景ID	需要神龙等级	进入x坐标	进入y坐标	怪物1	坐标x1	坐标y1	朝向1	奖励1	阵营1	战斗底图1	怪物2	坐标x2	坐标y2	朝向2	奖励2	阵营2	战斗底图2	怪物3	坐标x3	坐标y3	朝向3	奖励3	阵营3	战斗底图3	怪物配置1(怪物npc类型,坐标x,坐标y,朝向,奖励ID,阵营id,战斗类型)	怪物配置2	怪物配置3	通关翻牌奖励ID	副本奖励预览（客户端显示）	龙心预览（客户端显示）
1	1	1	绿龙	30031	53	1	512	782	11001	789	697	0	11	12001	38	11001	1127	526	0	12	12002	38	11022	1464	274	0	13	12003	38	(11001,789,697,0,11,12001,38)	(11001,1127,526,0,12,12002,38)	(11022,1464,274,0,13,12003,38)	14	[26451,26452]	[26451,1～9]
1	2	2	白龙	30032	54	20	238	1343	11002	733	1111	0	21	12011	39	11002	1509	791	0	22	12012	39	11023	1589	452	0	23	12013	39	(11002,733,1111,0,21,12011,39)	(11002,1509,791,0,22,12012,39)	(11023,1589,452,0,23,12013,39)	24	[26451,26453]	[26451,1～9]
1	3	3	红龙	30033	53	30	512	782	11003	789	697	0	31	12021	40	11003	1127	526	0	32	12022	40	11024	1464	274	0	33	12023	40	(11003,789,697,0,31,12021,40)	(11003,1127,526,0,32,12022,40)	(11024,1464,274,0,33,12023,40)	34	[26451,26453]	[26451,1～9]
1	4	4	蓝龙	30034	54	40	238	1343	11004	733	1111	0	41	12031	38	11004	1509	791	0	42	12032	38	11025	1589	452	0	43	12033	38	(11004,733,1111,0,41,12031,38)	(11004,1509,791,0,42,12032,38)	(11025,1589,452,0,43,12033,38)	44	[26451,26454]	[26451,1～9]
1	5	5	绿龙祭祀	30031	53	45	512	782	11005	789	697	0	51	12041	39	11005	1127	526	0	52	12042	39	11026	1464	274	0	53	12043	39	(11005,789,697,0,51,12041,39)	(11005,1127,526,0,52,12042,39)	(11026,1464,274,0,53,12043,39)	54	[26451,26454]	[26451,1～9]
2	6	1	绿龙	30031	55	50	243	949	11006	507	840	0	61	12051	40	11006	964	547	0	62	12052	40	11027	1482	332	0	63	12053	40	(11006,507,840,0,61,12051,40)	(11006,964,547,0,62,12052,40)	(11027,1482,332,0,63,12053,40)	64	[26451,26454]	[26451,1～9]
2	7	2	白龙	30032	56	55	385	1522	11007	725	1350	0	71	12061	38	11007	1509	791	0	72	12062	38	11028	2000	565	0	73	12063	38	(11007,725,1350,0,71,12061,38)	(11007,1509,791,0,72,12062,38)	(11028,2000,565,0,73,12063,38)	74	[26451,26454]	[26451,1～9]
2	8	3	红龙	30033	55	60	243	949	11008	507	840	0	81	12071	39	11008	964	547	0	82	12072	39	11029	1482	332	0	83	12073	39	(11008,507,840,0,81,12071,39)	(11008,964,547,0,82,12072,39)	(11029,1482,332,0,83,12073,39)	84	[26451,26455]	[26451,1～9]
2	9	4	蓝龙	30034	56	65	385	1522	11009	725	1350	0	91	12081	40	11009	1509	791	0	92	12082	40	11030	2000	565	0	93	12083	40	(11009,725,1350,0,91,12081,40)	(11009,1509,791,0,92,12082,40)	(11030,2000,565,0,93,12083,40)	94	[26451,26455]	[26451,1～9]
2	10	5	金龙	30035	55	70	243	949	11010	507	840	0	101	12091	38	11010	964	547	0	102	12092	38	11031	1482	332	0	103	12093	38	(11010,507,840,0,101,12091,38)	(11010,964,547,0,102,12092,38)	(11031,1482,332,0,103,12093,38)	104	[26451,26455]	[26451,1～9]
2	11	6	黑龙	30036	56	75	385	1522	11011	725	1350	0	111	12101	39	11011	1509	791	0	112	12102	39	11032	2000	565	0	113	12103	39	(11011,725,1350,0,111,12101,39)	(11011,1509,791,0,112,12102,39)	(11032,2000,565,0,113,12103,39)	114	[26451,26455]	[26451,1～9]
2	12	7	彩虹龙	30037	55	80	243	949	11012	507	840	0	121	12111	40	11012	964	547	0	122	12112	40	11033	1482	332	0	123	12113	40	(11012,507,840,0,121,12111,40)	(11012,964,547,0,122,12112,40)	(11033,1482,332,0,123,12113,40)	124	[26451,26456]	[26451,1～9]
2	13	8	白金龙	30038	56	85	385	1522	11013	725	1350	0	131	12121	38	11013	1509	791	0	132	12122	38	11034	2000	565	0	133	12123	38	(11013,725,1350,0,131,12121,38)	(11013,1509,791,0,132,12122,38)	(11034,2000,565,0,133,12123,38)	134	[26451,26456]	[26451,1～9]
2	14	9	龙巫妖	30040	55	90	243	949	11014	507	840	0	141	12131	39	11014	964	547	0	142	12132	39	11035	1482	332	0	143	12133	39	(11014,507,840,0,141,12131,39)	(11014,964,547,0,142,12132,39)	(11035,1482,332,0,143,12133,39)	144	[26451,26456]	[26451,1～9]
2	15	10	红龙刺客	30033	56	95	385	1522	11015	725	1350	0	151	12141	40	11015	1509	791	0	152	12142	40	11036	2000	565	0	153	12143	40	(11015,725,1350,0,151,12141,40)	(11015,1509,791,0,152,12142,40)	(11036,2000,565,0,153,12143,40)	154	[26451,26456]	[26451,1～9]
3	16	1	绿龙	30031	57	100	241	234	11016	473	591	0	161	12151	38	11016	893	800	0	162	12152	38	11037	1329	601	0	163	12153	38	(11016,473,591,0,161,12151,38)	(11016,893,800,0,162,12152,38)	(11037,1329,601,0,163,12153,38)	164	[26451,26456]	[26451,1～9]
3	17	2	白龙	30032	58	105	236	234	11017	265	638	0	171	12161	39	11017	748	687	0	172	12162	39	11038	1287	441	0	173	12163	39	(11017,265,638,0,171,12161,39)	(11017,748,687,0,172,12162,39)	(11038,1287,441,0,173,12163,39)	174	[26451,26456]	[26451,1～9]
3	18	3	红龙	30033	57	110	241	234	11018	473	591	0	181	12171	40	11018	893	800	0	182	12172	40	11039	1329	601	0	183	12173	40	(11018,473,591,0,181,12171,40)	(11018,893,800,0,182,12172,40)	(11039,1329,601,0,183,12173,40)	184	[26451,26456]	[26451,1～9]
3	19	4	蓝龙	30034	58	115	236	234	11019	265	638	0	191	12181	38	11019	748	687	0	192	12182	38	11040	1287	441	0	193	12183	38	(11019,265,638,0,191,12181,38)	(11019,748,687,0,192,12182,38)	(11040,1287,441,0,193,12183,38)	194	[26451,26456]	[26451,1～9]
3	20	5	金龙	30035	57	120	241	234	11020	473	591	0	201	12191	39	11020	893	800	0	202	12192	39	11041	1329	601	0	203	12193	39	(11020,473,591,0,201,12191,39)	(11020,893,800,0,202,12192,39)	(11041,1329,601,0,203,12193,39)	204	[26451,26456]	[26451,1～9]
3	21	6	黑龙	30036	58	125	236	234	11021	265	638	0	211	12201	40	11021	748	687	0	212	12202	40	11042	1287	441	0	213	12203	40	(11021,265,638,0,211,12201,40)	(11021,748,687,0,212,12202,40)	(11042,1287,441,0,213,12203,40)	214	[26451,26456]	[26451,1～9]
3	22	7	彩虹龙	30037	57	130	241	234	11000	473	591	0	221	12211	38	11000	893	800	0	222	12212	38	11043	1329	601	0	223	12213	38	(11000,473,591,0,221,12211,38)	(11000,893,800,0,222,12212,38)	(11043,1329,601,0,223,12213,38)	224	[26451,26456]	[26451,1～9]
3	23	8	白金龙	30038	58	135	236	234	11001	265	638	0	231	12221	39	11001	748	687	0	232	12222	39	11044	1287	441	0	233	12223	39	(11001,265,638,0,231,12221,39)	(11001,748,687,0,232,12222,39)	(11044,1287,441,0,233,12223,39)	234	[26451,26456]	[26451,1～9]
3	24	9	龙巫妖	30040	57	140	241	234	11002	473	591	0	241	12231	40	11002	893	800	0	242	12232	40	11045	1329	601	0	243	12233	40	(11002,473,591,0,241,12231,40)	(11002,893,800,0,242,12232,40)	(11045,1329,601,0,243,12233,40)	244	[26451,26457]	[26451,1～9]
3	25	10	蓝龙武士	30034	58	145	236	234	11003	265	638	0	251	12241	38	11003	748	687	0	252	12242	38	11046	1287	441	0	253	12243	38	(11003,265,638,0,251,12241,38)	(11003,748,687,0,252,12242,38)	(11046,1287,441,0,253,12243,38)	254	[26451,26457]	[26451,1～9]
4	26	1	绿龙	30031	59	150	258	295	11004	658	321	0	261	12251	39	11004	998	491	0	262	12252	39	11047	1392	327	0	263	12253	39	(11004,658,321,0,261,12251,39)	(11004,998,491,0,262,12252,39)	(11047,1392,327,0,263,12253,39)	264	[26451,26457]	[26451,1～9]
4	27	2	白龙	30032	60	155	161	383	11005	627	287	0	271	12261	40	11005	1056	276	0	272	12262	40	11048	1173	774	0	273	12263	40	(11005,627,287,0,271,12261,40)	(11005,1056,276,0,272,12262,40)	(11048,1173,774,0,273,12263,40)	274	[26451,26457]	[26451,1～9]
4	28	3	红龙	30033	59	160	258	295	11006	658	321	0	281	12271	38	11006	998	491	0	282	12272	38	11049	1392	327	0	283	12273	38	(11006,658,321,0,281,12271,38)	(11006,998,491,0,282,12272,38)	(11049,1392,327,0,283,12273,38)	284	[26451,26457]	[26451,1～9]
4	29	4	蓝龙	30034	60	165	161	383	11007	627	287	0	291	12281	39	11007	1056	276	0	292	12282	39	11050	1173	774	0	293	12283	39	(11007,627,287,0,291,12281,39)	(11007,1056,276,0,292,12282,39)	(11050,1173,774,0,293,12283,39)	294	[26451,26457]	[26451,1～9]
4	30	5	金龙	30035	59	170	258	295	11008	658	321	0	301	12291	40	11008	998	491	0	302	12292	40	11051	1392	327	0	303	12293	40	(11008,658,321,0,301,12291,40)	(11008,998,491,0,302,12292,40)	(11051,1392,327,0,303,12293,40)	304	[26451,26457]	[26451,1～9]
4	31	6	黑龙	30036	60	175	161	383	11009	627	287	0	311	12301	38	11009	1056	276	0	312	12302	38	11052	1173	774	0	313	12303	38	(11009,627,287,0,311,12301,38)	(11009,1056,276,0,312,12302,38)	(11052,1173,774,0,313,12303,38)	314	[26451,26457]	[26451,1～9]
4	32	7	彩虹龙	30037	59	180	258	295	11010	658	321	0	321	12311	39	11010	998	491	0	322	12312	39	11053	1392	327	0	323	12313	39	(11010,658,321,0,321,12311,39)	(11010,998,491,0,322,12312,39)	(11053,1392,327,0,323,12313,39)	324	[26451,26457]	[26451,1～9]
4	33	8	白金龙	30038	60	185	161	383	11011	627	287	0	331	12321	40	11011	1056	276	0	332	12322	40	11054	1173	774	0	333	12323	40	(11011,627,287,0,331,12321,40)	(11011,1056,276,0,332,12322,40)	(11054,1173,774,0,333,12323,40)	334	[26451,26457]	[26451,1～9]
4	34	9	龙巫妖	30040	59	190	258	295	11012	658	321	0	341	12331	38	11012	998	491	0	342	12332	38	11055	1392	327	0	343	12333	38	(11012,658,321,0,341,12331,38)	(11012,998,491,0,342,12332,38)	(11055,1392,327,0,343,12333,38)	344	[26451,26457]	[26451,1～9]
4	35	10	金龙	30035	60	195	161	383	11013	627	287	0	351	12341	39	11013	1056	276	0	352	12342	39	11056	1173	774	0	353	12343	39	(11013,627,287,0,351,12341,39)	(11013,1056,276,0,352,12342,39)	(11056,1173,774,0,353,12343,39)	354	[26451,26457]	[26451,1～9]
