activeID	activeType	needLevel	name	startDate	endDate	kaifuDay	startDays	circularDays	startType
唯一编号	活动类型	需要等级	活动名称	活动开启日期（活动开启后不可删除。活动尚未开启或者结束后可删除，删除则不再开启这个活动。默认读表时间，维护重启服务器当天。）	此列已废（策划看而已）	开服天数区间(大于等于和小于等于)	每次开启持续天数	结束后等待开启天数	开启类型，0=即使活动开启当天不满足开服天数条件，跨天或重启后，若满足开服天数要求就开启；1=开启当天满足开服天数条件的才开启，跨天或重启后即使满足开服天数要求仍然不开启
1	1	70	冲向云霄	(2015,2,12,0,0,0)		(10,99999)	7	9999	0
2	2	70	宠物灵树	(2015,2,12,0,0,0)		(12,99999)	7	9999	0
8	10	70	宠物大转盘	(2015,2,12,0,0,0)		(20,99999)	3	9999	0
10	3	50	神秘商店	(2015,2,12,0,0,0)		(6,99999)	2	9999	0
47	12	30	砸龙蛋	(2015,2,12,0,0,0)		(1,99999)	5	9999	0
48	13	80	勇闯十二宫	(2015,2,12,0,0,0)		(25,99999)	2	9999	0
50	15	60	英雄徽章商店	(2015,2,12,0,0,0)		(1,99999)	6	9999	0
51	16	35	天天秒杀	(2015,2,12,0,0,0)		(1,99999)	7	9999	0
52	17	60	深海寻宝	(2015,2,12,0,0,0)		(1,99999)	3	9999	0
7	4	45	狂欢充值	(2015,2,12,0,0,0)		(10,59)	1	9999	0
53	4	45	狂欢充值	(2015,2,12,0,0,0)		(60,119)	1	9999	0
54	4	45	狂欢充值	(2015,2,12,0,0,0)		(120,99999)	1	9999	0
9	11	45	一球成名	(2015,2,12,0,0,0)		(10,59)	2	9999	0
55	11	45	一球成名	(2015,2,12,0,0,0)		(60,119)	2	9999	0
56	11	45	一球成名	(2015,2,12,0,0,0)		(120,99999)	2	9999	0
49	14	45	黄金宝箱	(2015,2,12,0,0,0)		(10,59)	2	9999	0
57	14	45	黄金宝箱	(2015,2,12,0,0,0)		(60,119)	2	9999	0
58	14	45	黄金宝箱	(2015,2,12,0,0,0)		(120,99999)	2	9999	0
59	18	30	国庆活动-节日有礼 神石回赠	(2015,2,12,0,0,0)		(1,99999)	24	9999	0
60	19	30	国庆活动-击杀节日boss	(2015,2,12,0,0,0)	(2014,10,8,0,0,0)	(1,99999)	9	9999	0
61	61	30	国庆活动-天天挂机	(2015,2,12,0,0,0)	(2014,10,8,0,0,0)	(1,99999)	9	9999	0
62	62	30	国庆活动-节日登陆礼包	(2015,2,12,0,0,0)	(2014,10,20,0,0,0)	(1,99999)	19	9999	0
63	63	30	国庆活动-节日奖励兑换	(2015,2,12,0,0,0)	(2014,10,20,0,0,0)	(1,99999)	21	9999	0
64	64	30	万圣节活动	(2015,2,12,0,0,0)	(2014,11,1,0,0,0)	(1,99999)	12	9999	0
65	65	30	天马行空	(2015,2,12,0,0,0)		(1,99999)	3	9999	0
66	66	30	博饼活动	(2015,2,12,0,0,0)		(1,99999)	1	9999	0
67	67	30	双十一-祝福轮盘	(2015,2,12,0,0,0)	(2014,11,14,0,0,0)	(1,99999)	7	9999	0
68	68	30	双十一-秒杀汇	(2015,2,12,0,0,0)	(2014,11,14,0,0,0)	(1,99999)	7	9999	0
69	69	30	双十一-狂欢兑不停	(2015,2,12,0,0,0)	(2014,11,16,0,0,0)	(1,99999)	9	9999	0
70	70	70	宠物福田	(2015,2,12,0,0,0)		(91,99999)	3	9999	0
71	71	45	龙魂石碑	(2015,2,12,0,0,0)		(1,99999)	3	9999	0
72	72	75	众神秘宝	(2015,2,12,0,0,0)		(15,99999)	2	9999	0
73	73	30	感恩节—充值豪礼	(2015,2,12,0,0,0)	(2014,12,01,0,0,0)	(1,99999)	10	9999	0
74	74	30	感恩节—在线好礼	(2015,2,12,0,0,0)	(2014,11,28,0,0,0)	(1,99999)	7	9999	0
75	75	30	感恩节—感恩切	(2015,2,12,0,0,0)	(2014,11,28,0,0,0)	(1,99999)	7	9999	0
76	76	30	2015狂欢派对-幸运摩天轮	(2015,2,12,0,0,0)	(2015,1,28,0,0,0)	(1,99999)	5	9999	0
77	77	30	2015狂欢派对-好礼在一起	(2015,2,12,0,0,0)	(2015,1,28,0,0,0)	(1,99999)	5	9999	0
78	78	30	返利领不停	(2015,2,12,0,0,0)	(2014,12,13,0,0,0)	(1,99999)	5	9999	0
79	79	30	2015狂欢派对-好运币专场	(2015,2,12,0,0,0)	(2015,1,28,0,0,0)	(1,99999)	5	9999	0
80	80	30	圣诞嘉年华-圣诞许愿树	(2015,2,12,0,0,0)	(2014,12,26,0,0,0)	(1,99999)	7	9999	0
81	81	30	圣诞嘉年华-羽翼转转乐	(2015,2,12,0,0,0)	(2014,12,26,0,0,0)	(1,99999)	7	9999	0
82	82	30	圣诞嘉年华-坐骑转转乐	(2015,2,12,0,0,0)	(2014,12,26,0,0,0)	(1,99999)	7	9999	0
83	83	30	圣诞嘉年华-圣诞时装秀	(2015,2,12,0,0,0)	(2014,12,26,0,0,0)	(1,99999)	7	9999	0
84	84	30	圣诞嘉年华-精彩兑不停	(2015,2,12,0,0,0)	(2014,12,29,0,0,0)	(1,99999)	9	9999	0
85	85	30	元旦大狂欢-迎新送好礼	(2015,2,12,0,0,0)	(2015,1,4,0,0,0)	(1,99999)	4	9999	0
86	86	30	元旦大狂欢-跨年购物节	(2015,2,12,0,0,0)	(2015,1,4,0,0,0)	(1,99999)	4	9999	0
87	87	30	元旦大狂欢-充值开宝箱	(2015,2,12,0,0,0)	(2015,1,4,0,0,0)	(1,99999)	4	9999	0
88	88	30	元旦大狂欢-金币祈福礼	(2015,2,12,0,0,0)	(2015,1,4,0,0,0)	(1,99999)	4	9999	0
89	89	30	新年乐翻天-新年折扣汇	(2015,2,12,0,0,0)	(2015,1,16,0,0,0)	(1,99999)	7	9999	0
90	90	30	新年乐翻天-新年冲冲冲	(2015,2,12,0,0,0)	(2015,1,16,0,0,0)	(1,99999)	7	9999	0
91	91	30	2015狂欢派对-好礼兑不停	(2015,2,12,0,0,0)	(2015,1,30,0,0,0)	(1,99999)	7	9999	0
92	92	40	女神卡牌	(2015,2,12,0,0,0)		(1,99999)	3	9999	0
93	93	30	情人节-送人玫瑰	(2015,2,12,0,0,0)		(1,99999)	5	9999	0
94	94	30	情人节-玫瑰返利	(2015,2,12,0,0,0)		(1,99999)	5	9999	0
95	95	30	情人节-魅力派对	(2015,2,12,0,0,0)		(1,99999)	5	9999	0
96	96	30	情人节-情侣酷炫时装	(2015,2,12,0,0,0)		(1,99999)	5	9999	0
97	97	30	情人节-情人目标	(2015,2,12,0,0,0)		(1,99999)	5	9999	0
98	98	30	情人节-魅力大兑换	(2015,2,12,0,0,0)		(1,99999)	7	9999	0
99	99	1	黄钻活动	(2015,2,12,0,0,0)		(1,99999)	6	9999	0
101	101	30	专题活动-坐骑升阶	(2015,2,12,0,0,0)		(1,10)	2	9999	0
102	102	30	专题活动-坐骑升阶	(2015,2,12,0,0,0)		(11,20)	2	9999	0
103	103	30	专题活动-坐骑升阶	(2015,2,12,0,0,0)		(21,30)	2	9999	0
104	104	30	专题活动-坐骑升阶	(2015,2,12,0,0,0)		(31,40)	2	9999	0
105	105	30	专题活动-坐骑升阶	(2015,2,12,0,0,0)		(41,60)	2	9999	0
106	106	30	专题活动-坐骑培养	(2015,2,12,0,0,0)		(61,99999)	2	9999	0
107	107	30	专题活动-宝石合成	(2015,2,12,0,0,0)		(1,99999)	2	9999	0
108	108	30	专题活动-许愿	(2015,2,12,0,0,0)		(1,99999)	2	9999	0
109	109	50	专题活动-占卜	(2015,2,12,0,0,0)		(1,99999)	2	9999	0
110	110	65	专题活动-羽翼	(2015,2,12,0,0,0)		(1,99999)	2	9999	0
111	111	60	专题活动-符文	(2015,2,12,0,0,0)		(1,99999)	2	9999	0
112	112	70	专题活动-宠物	(2015,2,12,0,0,0)		(1,99999)	1	9999	0
113	113	36	专题活动-婚戒	(2015,2,12,0,0,0)		(1,99999)	1	9999	0
114	114	60	专题活动-星灵	(2015,2,12,0,0,0)		(8,99999)	1	9999	0
201	201	30	坐骑成长大礼	(2015,2,12,0,0,0)		(1,60)	2	9999	0
210	210	30	坐骑特惠大礼	(2015,2,12,0,0,0)		(1,60)	2	9999	0
202	202	30	坐骑培养大礼	(2015,2,12,0,0,0)		(61,99999)	2	9999	0
211	211	30	坐骑特惠大礼	(2015,2,12,0,0,0)		(61,99999)	2	9999	0
203	203	60	宝石优惠大礼	(2015,2,12,0,0,0)		(1,99999)	2	9999	0
212	212	60	宝石特惠大礼	(2015,2,12,0,0,0)		(1,30)	2	9999	0
213	213	60	宝石特惠大礼	(2015,2,12,0,0,0)		(31,90)	2	9999	0
214	214	60	宝石特惠大礼	(2015,2,12,0,0,0)		(91,99999)	2	9999	0
204	204	30	许愿幸福大礼	(2015,2,12,0,0,0)		(1,99999)	2	9999	0
215	215	30	许愿特惠大礼	(2015,2,12,0,0,0)		(1,30)	2	9999	0
216	216	30	许愿特惠大礼	(2015,2,12,0,0,0)		(31,90)	2	9999	0
217	217	30	许愿特惠大礼	(2015,2,12,0,0,0)		(91,99999)	2	9999	0
205	205	50	占卜好运大礼	(2015,2,12,0,0,0)		(1,99999)	2	9999	0
218	218	50	占卜特惠大礼	(2015,2,12,0,0,0)		(1,30)	2	9999	0
219	219	50	占卜特惠大礼	(2015,2,12,0,0,0)		(31,90)	2	9999	0
220	220	50	占卜特惠大礼	(2015,2,12,0,0,0)		(91,99999)	2	9999	0
206	206	60	符文超级大礼	(2015,2,12,0,0,0)	(2015,1,29,0,0,0)	(1,99999)	2	9999	0
221	221	60	符文特惠大礼	(2015,2,12,0,0,0)		(1,30)	2	9999	0
222	222	60	符文特惠大礼	(2015,2,12,0,0,0)		(31,90)	2	9999	0
223	223	60	符文特惠大礼	(2015,2,12,0,0,0)		(91,99999)	2	9999	0
207	207	65	羽翼培养大礼	(2015,2,12,0,0,0)		(1,99999)	2	9999	0
224	224	65	羽翼特惠大礼	(2015,2,12,0,0,0)		(1,30)	2	9999	0
225	225	65	羽翼特惠大礼	(2015,2,12,0,0,0)		(31,90)	2	9999	0
226	226	65	羽翼特惠大礼	(2015,2,12,0,0,0)		(91,99999)	2	9999	0
208	208	70	宠物育成大礼	(2015,2,12,0,0,0)		(1,99999)	1	9999	0
238	238	70	宠物圣诞大礼	(2015,2,12,0,0,0)	(2014,12,3,0,0,0)	(1,99999)	2	9999	0
227	227	70	宠物特惠大礼	(2015,2,12,0,0,0)		(1,30)	2	9999	0
228	228	70	宠物特惠大礼	(2015,2,12,0,0,0)		(31,90)	2	9999	0
229	229	70	宠物特惠大礼	(2015,2,12,0,0,0)		(91,99999)	2	9999	0
209	209	36	婚戒永恒大礼	(2015,2,12,0,0,0)		(1,99999)	1	9999	0
230	230	36	婚戒特惠大礼	(2015,2,12,0,0,0)		(1,30)	2	9999	0
231	231	36	婚戒特惠大礼	(2015,2,12,0,0,0)		(31,90)	2	9999	0
232	232	36	婚戒特惠大礼	(2015,2,12,0,0,0)		(91,99999)	2	9999	0
233	233	60	星灵升星大礼	(2015,2,12,0,0,0)		(8,99999)	2	9999	0
234	234	60	星灵升星大礼	(2015,2,12,0,0,0)	(2014,12,10,0,0,0)	(1,99999)	1	9999	0
235	235	60	星灵升星大礼	(2015,2,12,0,0,0)	(2014,12,11,0,0,0)	(1,99999)	1	9999	0
236	236	60	星灵升星大礼	(2015,2,12,0,0,0)	(2014,12,12,0,0,0)	(1,99999)	1	9999	0
237	237	60	星灵升星大礼	(2015,2,12,0,0,0)	(2014,12,13,0,0,0)	(1,99999)	1	9999	0
239	239	40	羊年好礼	(2015,2,12,0,0,0)	(2015,2,19,0,0,0)	(1,99999)	1	9999	0
240	240	40	羊年好礼	(2015,2,12,0,0,0)	(2015,2,20,0,0,0)	(1,99999)	1	9999	0
241	241	40	羊年好礼	(2015,2,12,0,0,0)	(2015,2,21,0,0,0)	(1,99999)	1	9999	0
242	242	40	羊年好礼	(2015,2,12,0,0,0)	(2015,2,22,0,0,0)	(1,99999)	1	9999	0
243	243	40	羊年好礼	(2015,2,12,0,0,0)	(2015,2,23,0,0,0)	(1,99999)	1	9999	0
244	244	40	羊年好礼	(2015,2,12,0,0,0)	(2015,2,24,0,0,0)	(1,99999)	1	9999	0
245	245	40	羊年好礼	(2015,2,12,0,0,0)	(2015,2,25,0,0,0)	(1,99999)	1	9999	0
246	246	30	情人节大礼	(2015,2,12,0,0,0)	(2015,2,14,0,0,0)	(1,99999)	1	9999	0
247	247	30	情人节大礼	(2015,2,12,0,0,0)	(2015,2,15,0,0,0)	(1,99999)	1	9999	0
248	248	30	情人节大礼	(2015,2,12,0,0,0)	(2015,2,16,0,0,0)	(1,99999)	1	9999	0
249	249	30	情人节大礼	(2015,2,12,0,0,0)	(2015,2,17,0,0,0)	(1,99999)	1	9999	0
250	250	30	情人节大礼	(2015,2,12,0,0,0)	(2015,2,18,0,0,0)	(1,99999)	1	9999	0
306	306	30	欢乐花灯	(2015,2,12,0,0,0)	(2015,3,7,0,0,0)	(1,99999)	5	9999	0
307	307	30	花灯返利	(2015,2,12,0,0,0)	(2015,3,7,0,0,0)	(1,99999)	5	9999	0
308	308	30	猜灯谜	(2015,2,12,0,0,0)	(2015,3,7,0,0,0)	(1,99999)	5	9999	0
309	309	30	元宵商店	(2015,2,12,0,0,0)	(2015,3,9,0,0,0)	(1,99999)	7	9999	0
301	301	30	春节活动-普天同庆	(2015,2,12,0,0,0)	(2014,12,26,0,0,0)	(1,99999)	7	9999	0
302	302	30	春节活动-天降财神	(2015,2,12,0,0,0)	(2014,12,26,0,0,0)	(1,99999)	3	9999	0
303	303	30	春节活动-年兽来了	(2015,2,12,0,0,0)	(2014,12,26,0,0,0)	(1,99999)	7	9999	0
304	304	30	春节活动-新春折扣汇	(2015,2,12,0,0,0)	(2014,12,26,0,0,0)	(1,99999)	7	9999	0
305	305	30	春节活动-靓丽时装秀	(2015,2,12,0,0,0)	(2014,12,29,0,0,0)	(1,99999)	9	9999	0
310	310	30	战神宝箱	(2015,2,12,0,0,0)		(1,99999)	5	9999	0
311	311	30	超级理财	(2015,2,12,0,0,0)		(1,99999)	3	9999	0
312	312	30	清明踏青	(2015,2,12,0,0,0)		(1,99999)	7	9999	0
313	313	30	清明幸运轮盘	(2015,2,12,0,0,0)		(1,99999)	7	9999	0
314	314	30	清明好礼兑不停	(2015,2,12,0,0,0)		(1,99999)	9	9999	0
315	315	30	清明全民炼金	(2015,2,12,0,0,0)		(1,99999)	7	9999	0
316	316	30	清明7天充值	(2015,2,12,0,0,0)		(1,99999)	7	9999	0
317	317	30	清明7天消费	(2015,2,12,0,0,0)		(1,99999)	7	9999	0
318	318	120	魔灵大转盘	(2015,2,12,0,0,0)		(1,99999)	3	9999	0
320	320	30	体力投资	(2015,2,12,0,0,0)		(27,99999)	5	9999	0
321	321	45	神龙投资	(2015,2,12,0,0,0)		(1,99999)	5	9999	0
322	322	30	魔晶投资	(2015,2,12,0,0,0)		(1,99999)	5	9999	0
323	323	65	宝石投资	(2015,2,12,0,0,0)		(1,99999)	5	9999	0
324	324	75	符文投资	(2015,2,12,0,0,0)		(1,99999)	5	9999	0
325	325	80	雕纹投资	(2015,2,12,0,0,0)		(1,99999)	5	9999	0
326	326	85	时装投资	(2015,2,12,0,0,0)		(1,99999)	5	9999	0
327	327	60	星灵投资	(2015,2,12,0,0,0)		(1,99999)	5	9999	0
329	329	100	战魂投资	(2015,2,12,0,0,0)		(27,99999)	5	9999	0
330	330	100	阵灵投资	(2015,2,12,0,0,0)		(27,99999)	5	9999	0
331	331	120	魔法阵投资	(2015,2,12,0,0,0)		(27,99999)	5	9999	0
328	328	30	投资总览	(2015,2,12,0,0,0)		(1,99999)	5	9999	0
341	341	30	五一登录	(2015,2,12,0,0,0)		(1,99999)	7	9999	0
342	342	30	五一消费送惊喜	(2015,2,12,0,0,0)		(1,99999)	7	9999	0
343	343	30	五一勇者斗恶龙	(2015,2,12,0,0,0)		(1,99999)	7	9999	0
344	344	30	五一神龙宝库	(2015,2,12,0,0,0)		(1,99999)	9	9999	0
345	345	30	页游节折扣汇	(2015,2,12,0,0,0)		(1,99999)	4	9999	0
346	346	30	页游节BUFF加成	(2015,2,12,0,0,0)		(1,99999)	3	9999	0
347	347	30	空间十周年回归礼包	(2015,2,12,0,0,0)		(1,99999)	7	9999	0
348	348	30	空间累计充值	(2015,2,12,0,0,0)		(1,99999)	7	9999	0
349	349	30	周年纪念币	(2015,2,12,0,0,0)		(1,99999)	7	9999	0
350	350	30	首充拿大礼	(2015,2,12,0,0,0)		(1,99999)	7	9999	0
351	351	30	天天领好礼	(2015,2,12,0,0,0)		(1,99999)	7	9999	0
352	352	30	空间十周年	(2015,2,12,0,0,0)		(1,99999)	7	9999	0
403	403	30	活跃度奖励	(2015,2,12,0,0,0)		(31,99999)	1	9999	0
501	501	30	王者公测——在线有豪礼	(2015,2,12,0,0,0)		(1,99999)	7	9999	0
502	502	30	王者公测——兑换由我定	(2015,2,12,0,0,0)		(1,99999)	8	9999	0
503	503	30	王者公测——最炫时装秀	(2015,2,12,0,0,0)		(1,99999)	7	9999	0
504	504	30	王者公测——公测折扣汇	(2015,2,12,0,0,0)		(1,99999)	7	9999	0
505	505	30	王者公测——奖励狂翻倍	(2015,2,12,0,0,0)		(1,99999)	7	9999	0
506	506	30	王者公测——充值返利	(2015,2,12,0,0,0)		(1,99999)	7	9999	0
400	400	20	坐骑培养日	(2015,2,12,0,0,0)		(31,99999)	1	9999	0
402	402	20	充值满额送礼-坐骑培养	(2015,2,12,0,0,0)		(31,99999)	1	9999	0
405	405	20	兑换得豪礼-坐骑培养	(2015,2,12,0,0,0)		(31,99999)	1	9999	0
404	404	20	坐骑进化日	(2015,2,12,0,0,0)		(31,99999)	1	9999	0
408	408	20	充值满额送礼-坐骑进化	(2015,2,12,0,0,0)		(31,99999)	1	9999	0
409	409	20	兑换得豪礼-坐骑进化	(2015,2,12,0,0,0)		(31,99999)	1	9999	0
410	410	70	宠物培养日	(2015,2,12,0,0,0)		(31,99999)	1	9999	0
412	412	70	充值满额送礼-宠物培养	(2015,2,12,0,0,0)		(31,99999)	1	9999	0
413	413	70	兑换得豪礼-宠物培养	(2015,2,12,0,0,0)		(31,99999)	1	9999	0
411	411	70	宠物修行日	(2015,2,12,0,0,0)		(31,99999)	1	9999	0
414	414	70	充值满额送礼-宠物修行	(2015,2,12,0,0,0)		(31,99999)	1	9999	0
415	415	70	兑换得豪礼-宠物修行	(2015,2,12,0,0,0)		(31,99999)	1	9999	0
507	507	30	欢乐粽子	(2015,2,12,0,0,0)		(1,99999)	3	9999	0
401	401	60	星灵升星日	(2015,2,12,0,0,0)		(31,99999)	1	9999	0
419	419	60	充值满额送礼-星灵升星	(2015,2,12,0,0,0)		(31,99999)	1	9999	0
420	420	60	兑换得豪礼-星灵升星	(2015,2,12,0,0,0)		(31,99999)	1	9999	0
416	416	65	羽翼培养日	(2015,2,12,0,0,0)		(31,99999)	1	9999	0
417	417	65	充值满额送礼-羽翼培养	(2015,2,12,0,0,0)		(31,99999)	1	9999	0
418	418	65	兑换得豪礼-羽翼培养	(2015,2,12,0,0,0)		(31,99999)	1	9999	0
421	421	45	神龙进化日	(2015,2,12,0,0,0)		(31,99999)	1	9999	0
422	422	45	充值满额送礼-神龙进化	(2015,2,12,0,0,0)		(31,99999)	1	9999	0
423	423	45	兑换得豪礼-神龙进化	(2015,2,12,0,0,0)		(31,99999)	1	9999	0
424	424	100	装备洗炼日	(2015,2,12,0,0,0)		(31,99999)	1	9999	0
425	425	100	充值满额送礼-装备洗炼	(2015,2,12,0,0,0)		(31,99999)	1	9999	0
426	426	100	兑换得豪礼-装备洗炼	(2015,2,12,0,0,0)		(31,99999)	1	9999	0
508	508	30	七月有礼	(2015,2,12,0,0,0)		(8,99999)	7	9999	1
509	509	30	奖励翻倍	(2015,2,12,0,0,0)		(8,99999)	7	9999	1
513	513	30	特惠商品	(2015,2,12,0,0,0)		(1,99999)	8	9999	1
514	514	30	七月卖场	(2015,2,12,0,0,0)		(8,99999)	7	9999	1
510	510	30	充值返利	(2015,2,12,0,0,0)		(1,99999)	8	9999	1
511	511	30	消费返利	(2015,2,12,0,0,0)		(8,99999)	7	9999	1
512	512	30	限时兑换	(2015,2,12,0,0,0)		(1,99999)	9	9999	0
427	427	100	消费满额送礼-战魂培养	(2015,2,12,0,0,0)		(31,99999)	1	9999	0
428	428	100	消费满额送礼-阵灵培养	(2015,2,12,0,0,0)		(31,99999)	1	9999	0
429	429	100	兑换得豪礼-战魂培养	(2015,2,12,0,0,0)		(31,99999)	1	9999	0
430	430	100	兑换得豪礼-阵灵培养	(2015,2,12,0,0,0)		(31,99999)	1	9999	0
432	432	100	战魂培养日	(2015,2,12,0,0,0)		(31,99999)	1	9999	0
431	431	100	阵灵培养日	(2015,2,12,0,0,0)		(31,99999)	1	9999	0
515	515	30	幸运转盘	(2015,2,12,0,0,0)		(8,99999)	7	9999	1
516	516	30	在线有礼	(2015,2,12,0,0,0)		(8,99999)	7	9999	1
561	561	30	抢红包	(2015,2,12,0,0,0)		(1,99999)	7	9999	0
562	562	30	中秋全民炼金	(2015,2,12,0,0,0)		(1,99999)	7	9999	1
563	563	30	中秋活跃大礼	(2015,2,12,0,0,0)		(1,99999)	6	9999	0
564	564	30	中秋首充	(2015,2,12,0,0,0)		(1,99999)	6	9999	0
565	565	30	中秋赏月	(2015,2,12,0,0,0)		(1,99999)	6	9999	0
566	566	80	精彩活动-充值送圣器	(2015,2,12,0,0,0)		(1,99999)	1	9999	0
517	517	30	登录有礼	(2015,2,12,0,0,0)		(1,99999)	7	9999	0
518	518	30	你消费我买单	(2015,2,12,0,0,0)		(1,99999)	15	9999	0
519	519	30	神树探秘	(2015,2,12,0,0,0)		(1,99999)	7	9999	0
520	520	30	神树兑换	(2015,2,12,0,0,0)		(8,99999)	9	9999	1
521	521	30	充值好礼	(2015,2,12,0,0,0)		(1,99999)	7	9999	0
522	522	30	消费好礼	(2015,2,12,0,0,0)		(1,99999)	7	9999	0
523	523	30	欢乐砸陶罐	(2015,2,12,0,0,0)		(1,99999)	7	9999	0
524	524	30	连充豪礼	(2015,2,12,0,0,0)		(1,99999)	7	9999	1
580	580	30	双十一商城满返	(2015,2,12,0,0,0)		(1,99999)	7	9999	0
581	581	30	双十一充值大放送	(2015,2,12,0,0,0)		(1,99999)	7	9999	0
582	582	30	双十一返利兑不停	(2015,2,12,0,0,0)		(1,99999)	7	9999	0
584	584	30	双十一转盘	(2015,2,12,0,0,0)		(1,99999)	7	9999	0
525	525	30	感恩活动积分兑换	(2015,2,12,0,0,0)		(1,99999)	7	9999	0
526	526	30	感恩活动买二送一	(2015,2,12,0,0,0)		(1,99999)	7	9999	0
527	527	30	感恩活动签到奖励	(2015,2,12,0,0,0)		(8,99999)	7	9999	1
528	528	30	感恩活动充值奖励	(2015,2,12,0,0,0)		(8,99999)	7	9999	1
590	590	120	点金大放送	(2015,2,12,0,0,0)		(1,99999)	2	9999	0
529	529	30	消费积分兑换	(2015,2,12,0,0,0)		(8,99999)	7	9999	1
530	530	30	充值送红包	(2015,2,12,0,0,0)		(8,99999)	7	9999	1
531	531	30	幸运红包	(2015,2,12,0,0,0)		(8,99999)	7	9999	1
532	532	30	自选商城	(2015,2,12,0,0,0)		(8,99999)	7	9999	1
533	533	30	超值团购	(2015,2,12,0,0,0)		(8,99999)	7	9999	1
534	534	30	圣诞大兑换	(2015,2,12,0,0,0)		(8,99999)	8	9999	1
535	535	30	惊喜礼包	(2015,2,12,0,0,0)		(1,99999)	3	9999	1
536	536	30	超值转盘	(2015,2,12,0,0,0)		(1,99999)	3	9999	1
591	591	30	元旦砸旦活动	(2015,2,12,0,0,0)		(1,99999)	3	9999	1
592	592	30	元旦金猪活动	(2015,2,12,0,0,0)		(1,99999)	3	9999	1
592	592	30	元旦金猪活动	(2015,2,12,0,0,0)		(1,99999)	3	9999	1
539	539	30	红包闹新春	(2015,2,12,0,0,0)		(1,99999)	8	9999	1
540	540	30	元宵花灯	(2015,2,12,0,0,0)		(8,99999)	7	9999	1
541	541	30	元宵充值	(2015,2,12,0,0,0)		(8,99999)	7	9999	1
593	593	40	连连看	(2015,2,12,0,0,0)		(1,99999)	14	9999	0
537	537	30	春节登陆返利	(2015,2,12,0,0,0)		(1,99999)	8	9999	0
538	538	30	春节打年兽	(2015,2,12,0,0,0)		(1,99999)	8	9999	0
594	594	85	幸运扭蛋（时装）	(2015,2,12,0,0,0)		(1,99999)	3	9999	0
433	433	80	圣器洗练日	(2015,2,12,0,0,0)		(31,99999)	1	9999	0
434	434	80	充值满额送礼-圣器洗练	(2015,2,12,0,0,0)		(31,99999)	1	9999	0
435	435	80	兑换得豪礼-圣器洗练	(2015,2,12,0,0,0)		(31,99999)	1	9999	0
542	542	30	充值送大礼	(2015,2,12,0,0,0)		(8,99999)	7	9999	1
595	595	85	幸运扭蛋（坐骑）	(2015,2,12,0,0,0)		(1,99999)	3	9999	0
