activeId	activeType	activeName	startTime	remarks
活动唯一ID	商品类型	商品名称	开始时间	每一个活动默认开启到当天的23点59分结束
1	1	坐骑超值大礼一	(2016,3,13,0,0,0)	
2	2	坐骑超值大礼二	(2016,3,13,0,0,0)	
3	3	坐骑超值大礼三	(2016,3,13,0,0,0)	
4	4	坐骑特惠礼包	(2016,2,28,0,0,0)	
5	5	宝石超值大礼一	(2016,3,11,0,0,0)	
6	6	宝石超值大礼二	(2016,3,11,0,0,0)	
7	7	宝石超值大礼三	(2016,3,11,0,0,0)	
8	8	宝石特惠礼包	(2016,3,11,0,0,0)	
9	9	许愿超值大礼一	(2016,2,7,0,0,0)	
10	10	许愿超值大礼二	(2016,2,7,0,0,0)	
11	11	许愿超值大礼三	(2016,2,7,0,0,0)	
12	12	许愿特惠礼包	(2016,2,7,0,0,0)	
13	13	占卜超值大礼一	(2016,2,26,0,0,0)	
14	14	占卜超值大礼二	(2016,2,26,0,0,0)	
15	15	占卜超值大礼三	(2016,2,26,0,0,0)	
16	16	占卜特惠礼包	(2016,2,26,0,0,0)	
17	17	符文超值大礼一	(2015,11,3,0,0,0)	
18	18	符文超值大礼二	(2015,11,3,0,0,0)	
19	19	符文超值大礼三	(2015,11,3,0,0,0)	
20	20	符文特惠礼包	(2015,11,3,0,0,0)	
21	21	羽翼超值大礼一	(2016,3,14,0,0,0)	
22	22	羽翼超值大礼二	(2016,3,14,0,0,0)	
23	23	羽翼超值大礼三	(2016,3,14,0,0,0)	
24	24	羽翼特惠礼包	(2015,7,11,0,0,0)	
25	25	宠物超值大礼一	(2016,3,7,0,0,0)	
26	26	宠物超值大礼二	(2016,3,7,0,0,0)	
27	27	宠物超值大礼三	(2016,3,7,0,0,0)	
28	28	宠物特惠礼包	(2015,5,17,0,0,0)	
29	29	婚戒超值大礼一	(2016,2,15,0,0,0)	
30	30	婚戒超值大礼二	(2016,2,15,0,0,0)	
31	31	婚戒超值大礼三	(2016,2,15,0,0,0)	
32	32	婚戒特惠礼包	(2016,2,15,0,0,0)	
33	33	星灵超值大礼一	(2016,3,17,0,0,0)	
34	34	星灵超值大礼二	(2016,3,17,0,0,0)	
35	35	星灵超值大礼三	(2016,3,17,0,0,0)	
36	36	星灵特惠礼包	(2016,3,17,0,0,0)	
37	37	装备洗练超值大礼一	(2016,3,18,0,0,0)	
38	38	装备洗练超值大礼二	(2016,3,18,0,0,0)	
39	39	装备洗练超值大礼三	(2016,3,18,0,0,0)	
40	40	装备洗练特惠礼包	(2016,3,18,0,0,0)	
41	41	时装升星超值大礼一	(2016,3,15,0,0,0)	
42	42	时装升星超值大礼二	(2016,3,15,0,0,0)	
43	43	时装升星超值大礼三	(2016,3,15,0,0,0)	
44	44	时装升星特惠礼包	(2016,3,15,0,0,0)	
45	45	神龙超值大礼一	(2016,3,12,0,0,0)	
46	46	神龙超值大礼二	(2016,3,12,0,0,0)	
47	47	神龙超值大礼三	(2016,3,12,0,0,0)	
48	48	神龙特惠礼包	(2016,3,9,0,0,0)	
49	49	时装进阶超值大礼一	(2016,3,6,0,0,0)	
50	50	时装进阶超值大礼二	(2016,3,6,0,0,0)	
51	51	时装进阶超值大礼三	(2016,3,6,0,0,0)	
52	52	时装进阶特惠礼包	(2016,2,20,0,0,0)	
53	53	龙脉升级超值大礼一	(2016,3,16,0,0,0)	
54	54	龙脉升级超值大礼二	(2016,3,16,0,0,0)	
55	55	龙脉升级超值大礼三	(2016,3,16,0,0,0)	
56	56	龙脉升级特惠礼包	(2016,2,20,0,0,0)	
57	57	龙脉进化超值大礼一	(2016,3,8,0,0,0)	
58	58	龙脉进化超值大礼二	(2016,3,8,0,0,0)	
59	59	龙脉进化超值大礼三	(2016,3,8,0,0,0)	
60	60	龙脉进化特惠礼包	(2016,2,24,0,0,0)	
61	61	雕纹超值大礼一	(2016,3,1,0,0,0)	
62	62	雕纹超值大礼二	(2016,3,1,0,0,0)	
63	63	雕纹超值大礼三	(2016,3,1,0,0,0)	
64	64	雕纹特惠礼包	(2016,3,1,0,0,0)	
65	65	坐骑进化石超值大礼一	(2016,3,5,0,0,0)	
66	66	坐骑进化石超值大礼二	(2016,3,5,0,0,0)	
67	67	坐骑进化石超值大礼三	(2016,3,5,0,0,0)	
68	68	坐骑进化石特惠礼包	(2016,11,3,0,0,0)	
