fIndex	name	level	needMoney
系统index	系统名称	对应角色等级	每次找回需要金币
10	经验	30	5700
10	经验	31	6200
10	经验	32	6600
10	经验	33	7100
10	经验	34	7600
10	经验	35	8100
10	经验	36	8400
10	经验	37	8900
10	经验	38	9300
10	经验	39	9800
10	经验	40	9800
10	经验	41	10000
10	经验	42	10100
10	经验	43	10200
10	经验	44	10300
10	经验	45	10400
10	经验	46	12600
10	经验	47	12700
10	经验	48	12900
10	经验	49	13000
10	经验	50	16600
10	经验	51	16700
10	经验	52	16900
10	经验	53	17100
10	经验	54	17200
10	经验	55	17400
10	经验	56	17600
10	经验	57	17700
10	经验	58	17900
10	经验	59	18000
10	经验	60	19300
10	经验	61	23000
10	经验	62	23200
10	经验	63	23500
10	经验	64	23700
10	经验	65	24000
10	经验	66	24200
10	经验	67	24500
10	经验	68	24700
10	经验	69	25000
10	经验	70	25500
10	经验	71	25700
10	经验	72	26000
10	经验	73	26200
10	经验	74	26500
10	经验	75	26700
10	经验	76	27000
10	经验	77	27300
10	经验	78	27500
10	经验	79	27800
10	经验	80	28100
10	经验	81	31400
10	经验	82	32700
10	经验	83	34000
10	经验	84	35300
10	经验	85	36600
10	经验	86	37900
10	经验	87	39200
10	经验	88	40500
10	经验	89	41800
10	经验	90	44300
10	经验	91	45600
10	经验	92	46900
10	经验	93	48200
10	经验	94	49500
10	经验	95	50800
10	经验	96	52100
10	经验	97	53400
10	经验	98	54700
10	经验	99	56000
10	经验	100	57400
10	经验	101	80200
10	经验	102	82200
10	经验	103	84100
10	经验	104	86100
10	经验	105	88000
10	经验	106	90000
10	经验	107	92000
10	经验	108	93900
10	经验	109	95900
10	经验	110	99800
10	经验	111	101700
10	经验	112	103700
10	经验	113	105700
10	经验	114	107600
10	经验	115	109600
10	经验	116	111500
10	经验	117	113500
10	经验	118	115400
10	经验	119	117400
10	经验	120	119300
10	经验	121	161200
10	经验	122	163300
10	经验	123	165400
10	经验	124	167500
10	经验	125	169600
10	经验	126	171700
10	经验	127	173700
10	经验	128	175800
10	经验	129	177900
10	经验	130	180000
10	经验	131	182100
10	经验	132	184200
10	经验	133	186300
10	经验	134	188300
10	经验	135	190400
10	经验	136	192500
10	经验	137	194600
10	经验	138	196700
10	经验	139	198800
10	经验	140	200900
10	经验	141	203000
10	经验	142	205000
10	经验	143	207100
10	经验	144	209200
10	经验	145	211600
10	经验	146	213900
10	经验	147	216300
10	经验	148	218600
10	经验	149	221000
10	经验	150	223300
10	经验	151	225700
10	经验	152	228000
10	经验	153	230300
10	经验	154	232700
10	经验	155	235000
10	经验	156	237400
10	经验	157	239700
10	经验	158	242100
10	经验	159	244400
10	经验	160	245700
10	经验	161	247000
10	经验	162	248300
10	经验	163	249700
10	经验	164	251000
10	经验	165	252300
10	经验	166	253600
10	经验	167	254900
10	经验	168	256200
10	经验	169	257500
10	经验	170	258800
10	经验	171	260100
10	经验	172	261400
10	经验	173	262700
10	经验	174	264000
10	经验	175	265300
10	经验	176	266600
10	经验	177	267900
10	经验	178	269200
10	经验	179	270500
20	英雄竞技	30	2800
20	英雄竞技	31	3100
20	英雄竞技	32	3300
20	英雄竞技	33	3600
20	英雄竞技	34	3800
20	英雄竞技	35	4000
20	英雄竞技	36	4200
20	英雄竞技	37	4400
20	英雄竞技	38	4700
20	英雄竞技	39	4900
20	英雄竞技	40	4900
20	英雄竞技	41	5000
20	英雄竞技	42	5000
20	英雄竞技	43	5100
20	英雄竞技	44	5100
20	英雄竞技	45	5200
20	英雄竞技	46	6300
20	英雄竞技	47	6400
20	英雄竞技	48	6400
20	英雄竞技	49	6500
20	英雄竞技	50	8300
20	英雄竞技	51	8400
20	英雄竞技	52	8400
20	英雄竞技	53	8500
20	英雄竞技	54	8600
20	英雄竞技	55	8700
20	英雄竞技	56	8800
20	英雄竞技	57	8900
20	英雄竞技	58	8900
20	英雄竞技	59	9000
20	英雄竞技	60	9700
20	英雄竞技	61	11500
20	英雄竞技	62	11600
20	英雄竞技	63	11700
20	英雄竞技	64	11900
20	英雄竞技	65	12000
20	英雄竞技	66	12100
20	英雄竞技	67	12200
20	英雄竞技	68	12400
20	英雄竞技	69	12500
20	英雄竞技	70	12700
20	英雄竞技	71	12900
20	英雄竞技	72	13000
20	英雄竞技	73	13100
20	英雄竞技	74	13200
20	英雄竞技	75	13400
20	英雄竞技	76	13500
20	英雄竞技	77	13600
20	英雄竞技	78	13800
20	英雄竞技	79	13900
20	英雄竞技	80	14000
20	英雄竞技	81	15700
20	英雄竞技	82	16400
20	英雄竞技	83	17000
20	英雄竞技	84	17600
20	英雄竞技	85	18300
20	英雄竞技	86	18900
20	英雄竞技	87	19600
20	英雄竞技	88	20200
20	英雄竞技	89	20900
20	英雄竞技	90	22200
20	英雄竞技	91	22800
20	英雄竞技	92	23500
20	英雄竞技	93	24100
20	英雄竞技	94	24800
20	英雄竞技	95	25400
20	英雄竞技	96	26000
20	英雄竞技	97	26700
20	英雄竞技	98	27300
20	英雄竞技	99	28000
20	英雄竞技	100	28700
20	英雄竞技	101	40100
20	英雄竞技	102	41100
20	英雄竞技	103	42100
20	英雄竞技	104	43000
20	英雄竞技	105	44000
20	英雄竞技	106	45000
20	英雄竞技	107	46000
20	英雄竞技	108	47000
20	英雄竞技	109	47900
20	英雄竞技	110	49900
20	英雄竞技	111	50900
20	英雄竞技	112	51800
20	英雄竞技	113	52800
20	英雄竞技	114	53800
20	英雄竞技	115	54800
20	英雄竞技	116	55800
20	英雄竞技	117	56700
20	英雄竞技	118	57700
20	英雄竞技	119	58700
20	英雄竞技	120	59700
20	英雄竞技	121	80600
20	英雄竞技	122	81700
20	英雄竞技	123	82700
20	英雄竞技	124	83700
20	英雄竞技	125	84800
20	英雄竞技	126	85800
20	英雄竞技	127	86900
20	英雄竞技	128	87900
20	英雄竞技	129	89000
20	英雄竞技	130	90000
20	英雄竞技	131	91000
20	英雄竞技	132	92100
20	英雄竞技	133	93100
20	英雄竞技	134	94200
20	英雄竞技	135	95200
20	英雄竞技	136	96300
20	英雄竞技	137	97300
20	英雄竞技	138	98300
20	英雄竞技	139	99400
20	英雄竞技	140	100400
20	英雄竞技	141	101500
20	英雄竞技	142	102500
20	英雄竞技	143	103600
20	英雄竞技	144	104600
20	英雄竞技	145	105800
20	英雄竞技	146	107000
20	英雄竞技	147	108100
20	英雄竞技	148	109300
20	英雄竞技	149	110500
20	英雄竞技	150	111700
20	英雄竞技	151	112800
20	英雄竞技	152	114000
20	英雄竞技	153	115200
20	英雄竞技	154	116300
20	英雄竞技	155	117500
20	英雄竞技	156	118700
20	英雄竞技	157	119900
20	英雄竞技	158	121000
20	英雄竞技	159	122200
20	英雄竞技	160	122900
20	英雄竞技	161	123500
20	英雄竞技	162	124200
20	英雄竞技	163	124800
20	英雄竞技	164	125500
20	英雄竞技	165	126100
20	英雄竞技	166	126800
20	英雄竞技	167	127400
20	英雄竞技	168	128100
20	英雄竞技	169	128700
20	英雄竞技	170	129400
20	英雄竞技	171	130000
20	英雄竞技	172	130700
20	英雄竞技	173	131300
20	英雄竞技	174	132000
20	英雄竞技	175	132700
20	英雄竞技	176	133300
20	英雄竞技	177	134000
20	英雄竞技	178	134600
20	英雄竞技	179	135300
30	魔兽入侵	30	2800
30	魔兽入侵	31	3100
30	魔兽入侵	32	3300
30	魔兽入侵	33	3600
30	魔兽入侵	34	3800
30	魔兽入侵	35	4000
30	魔兽入侵	36	4200
30	魔兽入侵	37	4400
30	魔兽入侵	38	4700
30	魔兽入侵	39	4900
30	魔兽入侵	40	4900
30	魔兽入侵	41	5000
30	魔兽入侵	42	5000
30	魔兽入侵	43	5100
30	魔兽入侵	44	5100
30	魔兽入侵	45	5200
30	魔兽入侵	46	6300
30	魔兽入侵	47	6400
30	魔兽入侵	48	6400
30	魔兽入侵	49	6500
30	魔兽入侵	50	8300
30	魔兽入侵	51	8400
30	魔兽入侵	52	8400
30	魔兽入侵	53	8500
30	魔兽入侵	54	8600
30	魔兽入侵	55	8700
30	魔兽入侵	56	8800
30	魔兽入侵	57	8900
30	魔兽入侵	58	8900
30	魔兽入侵	59	9000
30	魔兽入侵	60	9700
30	魔兽入侵	61	11500
30	魔兽入侵	62	11600
30	魔兽入侵	63	11700
30	魔兽入侵	64	11900
30	魔兽入侵	65	12000
30	魔兽入侵	66	12100
30	魔兽入侵	67	12200
30	魔兽入侵	68	12400
30	魔兽入侵	69	12500
30	魔兽入侵	70	12700
30	魔兽入侵	71	12900
30	魔兽入侵	72	13000
30	魔兽入侵	73	13100
30	魔兽入侵	74	13200
30	魔兽入侵	75	13400
30	魔兽入侵	76	13500
30	魔兽入侵	77	13600
30	魔兽入侵	78	13800
30	魔兽入侵	79	13900
30	魔兽入侵	80	14000
30	魔兽入侵	81	15700
30	魔兽入侵	82	16400
30	魔兽入侵	83	17000
30	魔兽入侵	84	17600
30	魔兽入侵	85	18300
30	魔兽入侵	86	18900
30	魔兽入侵	87	19600
30	魔兽入侵	88	20200
30	魔兽入侵	89	20900
30	魔兽入侵	90	22200
30	魔兽入侵	91	22800
30	魔兽入侵	92	23500
30	魔兽入侵	93	24100
30	魔兽入侵	94	24800
30	魔兽入侵	95	25400
30	魔兽入侵	96	26000
30	魔兽入侵	97	26700
30	魔兽入侵	98	27300
30	魔兽入侵	99	28000
30	魔兽入侵	100	28700
30	魔兽入侵	101	40100
30	魔兽入侵	102	41100
30	魔兽入侵	103	42100
30	魔兽入侵	104	43000
30	魔兽入侵	105	44000
30	魔兽入侵	106	45000
30	魔兽入侵	107	46000
30	魔兽入侵	108	47000
30	魔兽入侵	109	47900
30	魔兽入侵	110	49900
30	魔兽入侵	111	50900
30	魔兽入侵	112	51800
30	魔兽入侵	113	52800
30	魔兽入侵	114	53800
30	魔兽入侵	115	54800
30	魔兽入侵	116	55800
30	魔兽入侵	117	56700
30	魔兽入侵	118	57700
30	魔兽入侵	119	58700
30	魔兽入侵	120	59700
30	魔兽入侵	121	80600
30	魔兽入侵	122	81700
30	魔兽入侵	123	82700
30	魔兽入侵	124	83700
30	魔兽入侵	125	84800
30	魔兽入侵	126	85800
30	魔兽入侵	127	86900
30	魔兽入侵	128	87900
30	魔兽入侵	129	89000
30	魔兽入侵	130	90000
30	魔兽入侵	131	91000
30	魔兽入侵	132	92100
30	魔兽入侵	133	93100
30	魔兽入侵	134	94200
30	魔兽入侵	135	95200
30	魔兽入侵	136	96300
30	魔兽入侵	137	97300
30	魔兽入侵	138	98300
30	魔兽入侵	139	99400
30	魔兽入侵	140	100400
30	魔兽入侵	141	101500
30	魔兽入侵	142	102500
30	魔兽入侵	143	103600
30	魔兽入侵	144	104600
30	魔兽入侵	145	105800
30	魔兽入侵	146	107000
30	魔兽入侵	147	108100
30	魔兽入侵	148	109300
30	魔兽入侵	149	110500
30	魔兽入侵	150	111700
30	魔兽入侵	151	112800
30	魔兽入侵	152	114000
30	魔兽入侵	153	115200
30	魔兽入侵	154	116300
30	魔兽入侵	155	117500
30	魔兽入侵	156	118700
30	魔兽入侵	157	119900
30	魔兽入侵	158	121000
30	魔兽入侵	159	122200
30	魔兽入侵	160	122900
30	魔兽入侵	161	123500
30	魔兽入侵	162	124200
30	魔兽入侵	163	124800
30	魔兽入侵	164	125500
30	魔兽入侵	165	126100
30	魔兽入侵	166	126800
30	魔兽入侵	167	127400
30	魔兽入侵	168	128100
30	魔兽入侵	169	128700
30	魔兽入侵	170	129400
30	魔兽入侵	171	130000
30	魔兽入侵	172	130700
30	魔兽入侵	173	131300
30	魔兽入侵	174	132000
30	魔兽入侵	175	132700
30	魔兽入侵	176	133300
30	魔兽入侵	177	134000
30	魔兽入侵	178	134600
30	魔兽入侵	179	135300
40	荣耀之战	30	5700
40	荣耀之战	31	6200
40	荣耀之战	32	6600
40	荣耀之战	33	7100
40	荣耀之战	34	7600
40	荣耀之战	35	8100
40	荣耀之战	36	8400
40	荣耀之战	37	8900
40	荣耀之战	38	9300
40	荣耀之战	39	9800
40	荣耀之战	40	9800
40	荣耀之战	41	10000
40	荣耀之战	42	10100
40	荣耀之战	43	10200
40	荣耀之战	44	10300
40	荣耀之战	45	10400
40	荣耀之战	46	12600
40	荣耀之战	47	12700
40	荣耀之战	48	12900
40	荣耀之战	49	13000
40	荣耀之战	50	16600
40	荣耀之战	51	16700
40	荣耀之战	52	16900
40	荣耀之战	53	17100
40	荣耀之战	54	17200
40	荣耀之战	55	17400
40	荣耀之战	56	17600
40	荣耀之战	57	17700
40	荣耀之战	58	17900
40	荣耀之战	59	18000
40	荣耀之战	60	19300
40	荣耀之战	61	23000
40	荣耀之战	62	23200
40	荣耀之战	63	23500
40	荣耀之战	64	23700
40	荣耀之战	65	24000
40	荣耀之战	66	24200
40	荣耀之战	67	24500
40	荣耀之战	68	24700
40	荣耀之战	69	25000
40	荣耀之战	70	25500
40	荣耀之战	71	25700
40	荣耀之战	72	26000
40	荣耀之战	73	26200
40	荣耀之战	74	26500
40	荣耀之战	75	26700
40	荣耀之战	76	27000
40	荣耀之战	77	27300
40	荣耀之战	78	27500
40	荣耀之战	79	27800
40	荣耀之战	80	28100
40	荣耀之战	81	31400
40	荣耀之战	82	32700
40	荣耀之战	83	34000
40	荣耀之战	84	35300
40	荣耀之战	85	36600
40	荣耀之战	86	37900
40	荣耀之战	87	39200
40	荣耀之战	88	40500
40	荣耀之战	89	41800
40	荣耀之战	90	44300
40	荣耀之战	91	45600
40	荣耀之战	92	46900
40	荣耀之战	93	48200
40	荣耀之战	94	49500
40	荣耀之战	95	50800
40	荣耀之战	96	52100
40	荣耀之战	97	53400
40	荣耀之战	98	54700
40	荣耀之战	99	56000
40	荣耀之战	100	57400
40	荣耀之战	101	80200
40	荣耀之战	102	82200
40	荣耀之战	103	84100
40	荣耀之战	104	86100
40	荣耀之战	105	88000
40	荣耀之战	106	90000
40	荣耀之战	107	92000
40	荣耀之战	108	93900
40	荣耀之战	109	95900
40	荣耀之战	110	99800
40	荣耀之战	111	101700
40	荣耀之战	112	103700
40	荣耀之战	113	105700
40	荣耀之战	114	107600
40	荣耀之战	115	109600
40	荣耀之战	116	111500
40	荣耀之战	117	113500
40	荣耀之战	118	115400
40	荣耀之战	119	117400
40	荣耀之战	120	119300
40	荣耀之战	121	161200
40	荣耀之战	122	163300
40	荣耀之战	123	165400
40	荣耀之战	124	167500
40	荣耀之战	125	169600
40	荣耀之战	126	171700
40	荣耀之战	127	173700
40	荣耀之战	128	175800
40	荣耀之战	129	177900
40	荣耀之战	130	180000
40	荣耀之战	131	182100
40	荣耀之战	132	184200
40	荣耀之战	133	186300
40	荣耀之战	134	188300
40	荣耀之战	135	190400
40	荣耀之战	136	192500
40	荣耀之战	137	194600
40	荣耀之战	138	196700
40	荣耀之战	139	198800
40	荣耀之战	140	200900
40	荣耀之战	141	203000
40	荣耀之战	142	205000
40	荣耀之战	143	207100
40	荣耀之战	144	209200
40	荣耀之战	145	211600
40	荣耀之战	146	213900
40	荣耀之战	147	216300
40	荣耀之战	148	218600
40	荣耀之战	149	221000
40	荣耀之战	150	223300
40	荣耀之战	151	225700
40	荣耀之战	152	228000
40	荣耀之战	153	230300
40	荣耀之战	154	232700
40	荣耀之战	155	235000
40	荣耀之战	156	237400
40	荣耀之战	157	239700
40	荣耀之战	158	242100
40	荣耀之战	159	244400
40	荣耀之战	160	245700
40	荣耀之战	161	247000
40	荣耀之战	162	248300
40	荣耀之战	163	249700
40	荣耀之战	164	251000
40	荣耀之战	165	252300
40	荣耀之战	166	253600
40	荣耀之战	167	254900
40	荣耀之战	168	256200
40	荣耀之战	169	257500
40	荣耀之战	170	258800
40	荣耀之战	171	260100
40	荣耀之战	172	261400
40	荣耀之战	173	262700
40	荣耀之战	174	264000
40	荣耀之战	175	265300
40	荣耀之战	176	266600
40	荣耀之战	177	267900
40	荣耀之战	178	269200
40	荣耀之战	179	270500
50	答题	30	1900
50	答题	31	2100
50	答题	32	2200
50	答题	33	2400
50	答题	34	2500
50	答题	35	2650
50	答题	36	2800
50	答题	37	3000
50	答题	38	3100
50	答题	39	3300
50	答题	40	3300
50	答题	41	3300
50	答题	42	3400
50	答题	43	3400
50	答题	44	3400
50	答题	45	3500
50	答题	46	4200
50	答题	47	4200
50	答题	48	4300
50	答题	49	4300
50	答题	50	5500
50	答题	51	5600
50	答题	52	5600
50	答题	53	5700
50	答题	54	5700
50	答题	55	5800
50	答题	56	5900
50	答题	57	5900
50	答题	58	6000
50	答题	59	6000
50	答题	60	6400
50	答题	61	7700
50	答题	62	7700
50	答题	63	7800
50	答题	64	7900
50	答题	65	8000
50	答题	66	8100
50	答题	67	8200
50	答题	68	8200
50	答题	69	8300
50	答题	70	8500
50	答题	71	8600
50	答题	72	8700
50	答题	73	8700
50	答题	74	8800
50	答题	75	8900
50	答题	76	9000
50	答题	77	9100
50	答题	78	9200
50	答题	79	9300
50	答题	80	9400
50	答题	81	10500
50	答题	82	10900
50	答题	83	11300
50	答题	84	11800
50	答题	85	12200
50	答题	86	12600
50	答题	87	13100
50	答题	88	13500
50	答题	89	13900
50	答题	90	14800
50	答题	91	15200
50	答题	92	15600
50	答题	93	16100
50	答题	94	16500
50	答题	95	16900
50	答题	96	17400
50	答题	97	17800
50	答题	98	18200
50	答题	99	18700
50	答题	100	19100
50	答题	101	26700
50	答题	102	27400
50	答题	103	28000
50	答题	104	28700
50	答题	105	29300
50	答题	106	30000
50	答题	107	30700
50	答题	108	31300
50	答题	109	32000
50	答题	110	33300
50	答题	111	33900
50	答题	112	34600
50	答题	113	35200
50	答题	114	35900
50	答题	115	36500
50	答题	116	37200
50	答题	117	37800
50	答题	118	38500
50	答题	119	39100
50	答题	120	39800
50	答题	121	53700
50	答题	122	54400
50	答题	123	55100
50	答题	124	55800
50	答题	125	56500
50	答题	126	57200
50	答题	127	57900
50	答题	128	58600
50	答题	129	59300
50	答题	130	60000
50	答题	131	60700
50	答题	132	61400
50	答题	133	62100
50	答题	134	62800
50	答题	135	63500
50	答题	136	64200
50	答题	137	64900
50	答题	138	65600
50	答题	139	66300
50	答题	140	67000
50	答题	141	67700
50	答题	142	68300
50	答题	143	69000
50	答题	144	69700
50	答题	145	70500
50	答题	146	71300
50	答题	147	72100
50	答题	148	72900
50	答题	149	73700
50	答题	150	74400
50	答题	151	75200
50	答题	152	76000
50	答题	153	76800
50	答题	154	77600
50	答题	155	78300
50	答题	156	79100
50	答题	157	79900
50	答题	158	80700
50	答题	159	81500
50	答题	160	81900
50	答题	161	82300
50	答题	162	82800
50	答题	163	83200
50	答题	164	83700
50	答题	165	84100
50	答题	166	84500
50	答题	167	85000
50	答题	168	85400
50	答题	169	85800
50	答题	170	86300
50	答题	171	86700
50	答题	172	87100
50	答题	173	87600
50	答题	174	88000
50	答题	175	88400
50	答题	176	88900
50	答题	177	89300
50	答题	178	89700
50	答题	179	90200
60	体力	30	500
60	体力	31	500
60	体力	32	500
60	体力	33	500
60	体力	34	750
60	体力	35	750
60	体力	36	750
60	体力	37	750
60	体力	38	750
60	体力	39	750
60	体力	40	750
60	体力	41	750
60	体力	42	750
60	体力	43	750
60	体力	44	750
60	体力	45	750
60	体力	46	1000
60	体力	47	1000
60	体力	48	1000
60	体力	49	1000
60	体力	50	1500
60	体力	51	1500
60	体力	52	1500
60	体力	53	1500
60	体力	54	1500
60	体力	55	1500
60	体力	56	1500
60	体力	57	1500
60	体力	58	1500
60	体力	59	1500
60	体力	60	1500
60	体力	61	2000
60	体力	62	2000
60	体力	63	2000
60	体力	64	2000
60	体力	65	2000
60	体力	66	2000
60	体力	67	2000
60	体力	68	2000
60	体力	69	2000
60	体力	70	2000
60	体力	71	2250
60	体力	72	2250
60	体力	73	2250
60	体力	74	2250
60	体力	75	2250
60	体力	76	2250
60	体力	77	2250
60	体力	78	2250
60	体力	79	2250
60	体力	80	2250
60	体力	81	2500
60	体力	82	2750
60	体力	83	2750
60	体力	84	3000
60	体力	85	3000
60	体力	86	3250
60	体力	87	3250
60	体力	88	3250
60	体力	89	3500
60	体力	90	3750
60	体力	91	3750
60	体力	92	4000
60	体力	93	4000
60	体力	94	4250
60	体力	95	4250
60	体力	96	4250
60	体力	97	4500
60	体力	98	4500
60	体力	99	4750
60	体力	100	4750
60	体力	101	6750
60	体力	102	6750
60	体力	103	7000
60	体力	104	7250
60	体力	105	7250
60	体力	106	7500
60	体力	107	7750
60	体力	108	7750
60	体力	109	8000
60	体力	110	8250
60	体力	111	8500
60	体力	112	8750
60	体力	113	8750
60	体力	114	9000
60	体力	115	9250
60	体力	116	9250
60	体力	117	9500
60	体力	118	9500
60	体力	119	9750
60	体力	120	10000
60	体力	121	13500
60	体力	122	13500
60	体力	123	13750
60	体力	124	14000
60	体力	125	14250
60	体力	126	14250
60	体力	127	14500
60	体力	128	14750
60	体力	129	14750
60	体力	130	15000
60	体力	131	15250
60	体力	132	15250
60	体力	133	15500
60	体力	134	15750
60	体力	135	15750
60	体力	136	16000
60	体力	137	16250
60	体力	138	16500
60	体力	139	16500
60	体力	140	16750
60	体力	141	17000
60	体力	142	17000
60	体力	143	17250
60	体力	144	17500
60	体力	145	17750
60	体力	146	17750
60	体力	147	18000
60	体力	148	18250
60	体力	149	18500
60	体力	150	18500
60	体力	151	18750
60	体力	152	19000
60	体力	153	19250
60	体力	154	19500
60	体力	155	19500
60	体力	156	19750
60	体力	157	20000
60	体力	158	20250
60	体力	159	20250
60	体力	160	20500
60	体力	161	20500
60	体力	162	20750
60	体力	163	20750
60	体力	164	21000
60	体力	165	21000
60	体力	166	21250
60	体力	167	21250
60	体力	168	21250
60	体力	169	21500
60	体力	170	21500
60	体力	171	21750
60	体力	172	21750
60	体力	173	22000
60	体力	174	22000
60	体力	175	22000
60	体力	176	22250
60	体力	177	22250
60	体力	178	22500
60	体力	179	22500
70	日常任务	30	5700
70	日常任务	31	6200
70	日常任务	32	6600
70	日常任务	33	7100
70	日常任务	34	7600
70	日常任务	35	8100
70	日常任务	36	8400
70	日常任务	37	8900
70	日常任务	38	9300
70	日常任务	39	9800
70	日常任务	40	9800
70	日常任务	41	10000
70	日常任务	42	10100
70	日常任务	43	10200
70	日常任务	44	10300
70	日常任务	45	10400
70	日常任务	46	12600
70	日常任务	47	12700
70	日常任务	48	12900
70	日常任务	49	13000
70	日常任务	50	16600
70	日常任务	51	16700
70	日常任务	52	16900
70	日常任务	53	17100
70	日常任务	54	17200
70	日常任务	55	17400
70	日常任务	56	17600
70	日常任务	57	17700
70	日常任务	58	17900
70	日常任务	59	18000
70	日常任务	60	19300
70	日常任务	61	23000
70	日常任务	62	23200
70	日常任务	63	23500
70	日常任务	64	23700
70	日常任务	65	24000
70	日常任务	66	24200
70	日常任务	67	24500
70	日常任务	68	24700
70	日常任务	69	25000
70	日常任务	70	25500
70	日常任务	71	25700
70	日常任务	72	26000
70	日常任务	73	26200
70	日常任务	74	26500
70	日常任务	75	26700
70	日常任务	76	27000
70	日常任务	77	27300
70	日常任务	78	27500
70	日常任务	79	27800
70	日常任务	80	28100
70	日常任务	81	31400
70	日常任务	82	32700
70	日常任务	83	34000
70	日常任务	84	35300
70	日常任务	85	36600
70	日常任务	86	37900
70	日常任务	87	39200
70	日常任务	88	40500
70	日常任务	89	41800
70	日常任务	90	44300
70	日常任务	91	45600
70	日常任务	92	46900
70	日常任务	93	48200
70	日常任务	94	49500
70	日常任务	95	50800
70	日常任务	96	52100
70	日常任务	97	53400
70	日常任务	98	54700
70	日常任务	99	56000
70	日常任务	100	57400
70	日常任务	101	80200
70	日常任务	102	82200
70	日常任务	103	84100
70	日常任务	104	86100
70	日常任务	105	88000
70	日常任务	106	90000
70	日常任务	107	92000
70	日常任务	108	93900
70	日常任务	109	95900
70	日常任务	110	99800
70	日常任务	111	101700
70	日常任务	112	103700
70	日常任务	113	105700
70	日常任务	114	107600
70	日常任务	115	109600
70	日常任务	116	111500
70	日常任务	117	113500
70	日常任务	118	115400
70	日常任务	119	117400
70	日常任务	120	119300
70	日常任务	121	161200
70	日常任务	122	163300
70	日常任务	123	165400
70	日常任务	124	167500
70	日常任务	125	169600
70	日常任务	126	171700
70	日常任务	127	173700
70	日常任务	128	175800
70	日常任务	129	177900
70	日常任务	130	180000
70	日常任务	131	182100
70	日常任务	132	184200
70	日常任务	133	186300
70	日常任务	134	188300
70	日常任务	135	190400
70	日常任务	136	192500
70	日常任务	137	194600
70	日常任务	138	196700
70	日常任务	139	198800
70	日常任务	140	200900
70	日常任务	141	203000
70	日常任务	142	205000
70	日常任务	143	207100
70	日常任务	144	209200
70	日常任务	145	211600
70	日常任务	146	213900
70	日常任务	147	216300
70	日常任务	148	218600
70	日常任务	149	221000
70	日常任务	150	223300
70	日常任务	151	225700
70	日常任务	152	228000
70	日常任务	153	230300
70	日常任务	154	232700
70	日常任务	155	235000
70	日常任务	156	237400
70	日常任务	157	239700
70	日常任务	158	242100
70	日常任务	159	244400
70	日常任务	160	245700
70	日常任务	161	247000
70	日常任务	162	248300
70	日常任务	163	249700
70	日常任务	164	251000
70	日常任务	165	252300
70	日常任务	166	253600
70	日常任务	167	254900
70	日常任务	168	256200
70	日常任务	169	257500
70	日常任务	170	258800
70	日常任务	171	260100
70	日常任务	172	261400
70	日常任务	173	262700
70	日常任务	174	264000
70	日常任务	175	265300
70	日常任务	176	266600
70	日常任务	177	267900
70	日常任务	178	269200
70	日常任务	179	270500
80	副本	30	5700
80	副本	31	6200
80	副本	32	6600
80	副本	33	7100
80	副本	34	7600
80	副本	35	8100
80	副本	36	8400
80	副本	37	8900
80	副本	38	9300
80	副本	39	9800
80	副本	40	9800
80	副本	41	10000
80	副本	42	10100
80	副本	43	10200
80	副本	44	10300
80	副本	45	10400
80	副本	46	12600
80	副本	47	12700
80	副本	48	12900
80	副本	49	13000
80	副本	50	16600
80	副本	51	16700
80	副本	52	16900
80	副本	53	17100
80	副本	54	17200
80	副本	55	17400
80	副本	56	17600
80	副本	57	17700
80	副本	58	17900
80	副本	59	18000
80	副本	60	19300
80	副本	61	23000
80	副本	62	23200
80	副本	63	23500
80	副本	64	23700
80	副本	65	24000
80	副本	66	24200
80	副本	67	24500
80	副本	68	24700
80	副本	69	25000
80	副本	70	25500
80	副本	71	25700
80	副本	72	26000
80	副本	73	26200
80	副本	74	26500
80	副本	75	26700
80	副本	76	27000
80	副本	77	27300
80	副本	78	27500
80	副本	79	27800
80	副本	80	28100
80	副本	81	31400
80	副本	82	32700
80	副本	83	34000
80	副本	84	35300
80	副本	85	36600
80	副本	86	37900
80	副本	87	39200
80	副本	88	40500
80	副本	89	41800
80	副本	90	44300
80	副本	91	45600
80	副本	92	46900
80	副本	93	48200
80	副本	94	49500
80	副本	95	50800
80	副本	96	52100
80	副本	97	53400
80	副本	98	54700
80	副本	99	56000
80	副本	100	57400
80	副本	101	80200
80	副本	102	82200
80	副本	103	84100
80	副本	104	86100
80	副本	105	88000
80	副本	106	90000
80	副本	107	92000
80	副本	108	93900
80	副本	109	95900
80	副本	110	99800
80	副本	111	101700
80	副本	112	103700
80	副本	113	105700
80	副本	114	107600
80	副本	115	109600
80	副本	116	111500
80	副本	117	113500
80	副本	118	115400
80	副本	119	117400
80	副本	120	119300
80	副本	121	161200
80	副本	122	163300
80	副本	123	165400
80	副本	124	167500
80	副本	125	169600
80	副本	126	171700
80	副本	127	173700
80	副本	128	175800
80	副本	129	177900
80	副本	130	180000
80	副本	131	182100
80	副本	132	184200
80	副本	133	186300
80	副本	134	188300
80	副本	135	190400
80	副本	136	192500
80	副本	137	194600
80	副本	138	196700
80	副本	139	198800
80	副本	140	200900
80	副本	141	203000
80	副本	142	205000
80	副本	143	207100
80	副本	144	209200
80	副本	145	211600
80	副本	146	213900
80	副本	147	216300
80	副本	148	218600
80	副本	149	221000
80	副本	150	223300
80	副本	151	225700
80	副本	152	228000
80	副本	153	230300
80	副本	154	232700
80	副本	155	235000
80	副本	156	237400
80	副本	157	239700
80	副本	158	242100
80	副本	159	244400
80	副本	160	245700
80	副本	161	247000
80	副本	162	248300
80	副本	163	249700
80	副本	164	251000
80	副本	165	252300
80	副本	166	253600
80	副本	167	254900
80	副本	168	256200
80	副本	169	257500
80	副本	170	258800
80	副本	171	260100
80	副本	172	261400
80	副本	173	262700
80	副本	174	264000
80	副本	175	265300
80	副本	176	266600
80	副本	177	267900
80	副本	178	269200
80	副本	179	270500
90	英灵神殿	80	28100
90	英灵神殿	81	31400
90	英灵神殿	82	32700
90	英灵神殿	83	34000
90	英灵神殿	84	35300
90	英灵神殿	85	36600
90	英灵神殿	86	37900
90	英灵神殿	87	39200
90	英灵神殿	88	40500
90	英灵神殿	89	41800
90	英灵神殿	90	44300
90	英灵神殿	91	45600
90	英灵神殿	92	46900
90	英灵神殿	93	48200
90	英灵神殿	94	49500
90	英灵神殿	95	50800
90	英灵神殿	96	52100
90	英灵神殿	97	53400
90	英灵神殿	98	54700
90	英灵神殿	99	56000
90	英灵神殿	100	57400
90	英灵神殿	101	80200
90	英灵神殿	102	82200
90	英灵神殿	103	84100
90	英灵神殿	104	86100
90	英灵神殿	105	88000
90	英灵神殿	106	90000
90	英灵神殿	107	92000
90	英灵神殿	108	93900
90	英灵神殿	109	95900
90	英灵神殿	110	99800
90	英灵神殿	111	101700
90	英灵神殿	112	103700
90	英灵神殿	113	105700
90	英灵神殿	114	107600
90	英灵神殿	115	109600
90	英灵神殿	116	111500
90	英灵神殿	117	113500
90	英灵神殿	118	115400
90	英灵神殿	119	117400
90	英灵神殿	120	119300
90	英灵神殿	121	161200
90	英灵神殿	122	163300
90	英灵神殿	123	165400
90	英灵神殿	124	167500
90	英灵神殿	125	169600
90	英灵神殿	126	171700
90	英灵神殿	127	173700
90	英灵神殿	128	175800
90	英灵神殿	129	177900
90	英灵神殿	130	180000
90	英灵神殿	131	182100
90	英灵神殿	132	184200
90	英灵神殿	133	186300
90	英灵神殿	134	188300
90	英灵神殿	135	190400
90	英灵神殿	136	192500
90	英灵神殿	137	194600
90	英灵神殿	138	196700
90	英灵神殿	139	198800
90	英灵神殿	140	200900
90	英灵神殿	141	203000
90	英灵神殿	142	205000
90	英灵神殿	143	207100
90	英灵神殿	144	209200
90	英灵神殿	145	211600
90	英灵神殿	146	213900
90	英灵神殿	147	216300
90	英灵神殿	148	218600
90	英灵神殿	149	221000
90	英灵神殿	150	223300
90	英灵神殿	151	225700
90	英灵神殿	152	228000
90	英灵神殿	153	230300
90	英灵神殿	154	232700
90	英灵神殿	155	235000
90	英灵神殿	156	237400
90	英灵神殿	157	239700
90	英灵神殿	158	242100
90	英灵神殿	159	244400
90	英灵神殿	160	245700
90	英灵神殿	161	247000
90	英灵神殿	162	248300
90	英灵神殿	163	249700
90	英灵神殿	164	251000
90	英灵神殿	165	252300
90	英灵神殿	166	253600
90	英灵神殿	167	254900
90	英灵神殿	168	256200
90	英灵神殿	169	257500
90	英灵神殿	170	258800
90	英灵神殿	171	260100
90	英灵神殿	172	261400
90	英灵神殿	173	262700
90	英灵神殿	174	264000
90	英灵神殿	175	265300
90	英灵神殿	176	266600
90	英灵神殿	177	267900
90	英灵神殿	178	269200
90	英灵神殿	179	270500
100	试练场	30	17000
100	试练场	31	18500
100	试练场	32	19900
100	试练场	33	21400
100	试练场	34	22900
100	试练场	35	24600
100	试练场	36	25200
100	试练场	37	26600
100	试练场	38	27900
100	试练场	39	29300
100	试练场	40	29500
100	试练场	41	29900
100	试练场	42	30200
100	试练场	43	30500
100	试练场	44	30800
100	试练场	45	31200
100	试练场	46	37800
100	试练场	47	38200
100	试练场	48	38600
100	试练场	49	39000
100	试练场	50	49700
100	试练场	51	50200
100	试练场	52	50700
100	试练场	53	51200
100	试练场	54	51700
100	试练场	55	52200
100	试练场	56	52700
100	试练场	57	53200
100	试练场	58	53600
100	试练场	59	54100
100	试练场	60	57900
100	试练场	61	68900
100	试练场	62	69600
100	试练场	63	70400
100	试练场	64	71200
100	试练场	65	71900
100	试练场	66	72700
100	试练场	67	73400
100	试练场	68	74200
100	试练场	69	74900
100	试练场	70	76500
100	试练场	71	77200
100	试练场	72	78000
100	试练场	73	78700
100	试练场	74	79500
100	试练场	75	80200
100	试练场	76	81000
100	试练场	77	81800
100	试练场	78	82500
100	试练场	79	83300
100	试练场	80	84200
100	试练场	81	94300
100	试练场	82	98100
100	试练场	83	102000
100	试练场	84	105900
100	试练场	85	109800
100	试练场	86	113600
100	试练场	87	117500
100	试练场	88	121400
100	试练场	89	125300
100	试练场	90	133000
100	试练场	91	136900
100	试练场	92	140800
100	试练场	93	144600
100	试练场	94	148500
100	试练场	95	152400
100	试练场	96	156200
100	试练场	97	160100
100	试练场	98	164000
100	试练场	99	167900
100	试练场	100	172200
100	试练场	101	240700
100	试练场	102	246500
100	试练场	103	252400
100	试练场	104	258300
100	试练场	105	264100
100	试练场	106	270000
100	试练场	107	275900
100	试练场	108	281700
100	试练场	109	287600
100	试练场	110	299300
100	试练场	111	305200
100	试练场	112	311100
100	试练场	113	317000
100	试练场	114	322800
100	试练场	115	328700
100	试练场	116	334600
100	试练场	117	340400
100	试练场	118	346300
100	试练场	119	352200
100	试练场	120	358000
100	试练场	121	483700
100	试练场	122	489900
100	试练场	123	496200
100	试练场	124	502400
100	试练场	125	508700
100	试练场	126	515000
100	试练场	127	521200
100	试练场	128	527500
100	试练场	129	533700
100	试练场	130	540000
100	试练场	131	546300
100	试练场	132	552500
100	试练场	133	558800
100	试练场	134	565000
100	试练场	135	571300
100	试练场	136	577600
100	试练场	137	583800
100	试练场	138	590100
100	试练场	139	596300
100	试练场	140	602600
100	试练场	141	608900
100	试练场	142	615100
100	试练场	143	621400
100	试练场	144	627700
100	试练场	145	634700
100	试练场	146	641700
100	试练场	147	648800
100	试练场	148	655800
100	试练场	149	662900
100	试练场	150	669900
100	试练场	151	677000
100	试练场	152	684000
100	试练场	153	691000
100	试练场	154	698100
100	试练场	155	705100
100	试练场	156	712200
100	试练场	157	719200
100	试练场	158	726300
100	试练场	159	733300
100	试练场	160	737200
100	试练场	161	741100
100	试练场	162	745000
100	试练场	163	749000
100	试练场	164	752900
100	试练场	165	756800
100	试练场	166	760700
100	试练场	167	764600
100	试练场	168	768500
100	试练场	169	772400
100	试练场	170	776300
100	试练场	171	780300
100	试练场	172	784200
100	试练场	173	788100
100	试练场	174	792000
100	试练场	175	795900
100	试练场	176	799800
100	试练场	177	803700
100	试练场	178	807700
100	试练场	179	811600
110	情缘副本	36	8400
110	情缘副本	37	8900
110	情缘副本	38	9300
110	情缘副本	39	9800
110	情缘副本	40	9800
110	情缘副本	41	10000
110	情缘副本	42	10100
110	情缘副本	43	10200
110	情缘副本	44	10300
110	情缘副本	45	10400
110	情缘副本	46	12600
110	情缘副本	47	12700
110	情缘副本	48	12900
110	情缘副本	49	13000
110	情缘副本	50	16600
110	情缘副本	51	16700
110	情缘副本	52	16900
110	情缘副本	53	17100
110	情缘副本	54	17200
110	情缘副本	55	17400
110	情缘副本	56	17600
110	情缘副本	57	17700
110	情缘副本	58	17900
110	情缘副本	59	18000
110	情缘副本	60	19300
110	情缘副本	61	23000
110	情缘副本	62	23200
110	情缘副本	63	23500
110	情缘副本	64	23700
110	情缘副本	65	24000
110	情缘副本	66	24200
110	情缘副本	67	24500
110	情缘副本	68	24700
110	情缘副本	69	25000
110	情缘副本	70	25500
110	情缘副本	71	25700
110	情缘副本	72	26000
110	情缘副本	73	26200
110	情缘副本	74	26500
110	情缘副本	75	26700
110	情缘副本	76	27000
110	情缘副本	77	27300
110	情缘副本	78	27500
110	情缘副本	79	27800
110	情缘副本	80	28100
110	情缘副本	81	31400
110	情缘副本	82	32700
110	情缘副本	83	34000
110	情缘副本	84	35300
110	情缘副本	85	36600
110	情缘副本	86	37900
110	情缘副本	87	39200
110	情缘副本	88	40500
110	情缘副本	89	41800
110	情缘副本	90	44300
110	情缘副本	91	45600
110	情缘副本	92	46900
110	情缘副本	93	48200
110	情缘副本	94	49500
110	情缘副本	95	50800
110	情缘副本	96	52100
110	情缘副本	97	53400
110	情缘副本	98	54700
110	情缘副本	99	56000
110	情缘副本	100	57400
110	情缘副本	101	80200
110	情缘副本	102	82200
110	情缘副本	103	84100
110	情缘副本	104	86100
110	情缘副本	105	88000
110	情缘副本	106	90000
110	情缘副本	107	92000
110	情缘副本	108	93900
110	情缘副本	109	95900
110	情缘副本	110	99800
110	情缘副本	111	101700
110	情缘副本	112	103700
110	情缘副本	113	105700
110	情缘副本	114	107600
110	情缘副本	115	109600
110	情缘副本	116	111500
110	情缘副本	117	113500
110	情缘副本	118	115400
110	情缘副本	119	117400
110	情缘副本	120	119300
110	情缘副本	121	161200
110	情缘副本	122	163300
110	情缘副本	123	165400
110	情缘副本	124	167500
110	情缘副本	125	169600
110	情缘副本	126	171700
110	情缘副本	127	173700
110	情缘副本	128	175800
110	情缘副本	129	177900
110	情缘副本	130	180000
110	情缘副本	131	182100
110	情缘副本	132	184200
110	情缘副本	133	186300
110	情缘副本	134	188300
110	情缘副本	135	190400
110	情缘副本	136	192500
110	情缘副本	137	194600
110	情缘副本	138	196700
110	情缘副本	139	198800
110	情缘副本	140	200900
110	情缘副本	141	203000
110	情缘副本	142	205000
110	情缘副本	143	207100
110	情缘副本	144	209200
110	情缘副本	145	211600
110	情缘副本	146	213900
110	情缘副本	147	216300
110	情缘副本	148	218600
110	情缘副本	149	221000
110	情缘副本	150	223300
110	情缘副本	151	225700
110	情缘副本	152	228000
110	情缘副本	153	230300
110	情缘副本	154	232700
110	情缘副本	155	235000
110	情缘副本	156	237400
110	情缘副本	157	239700
110	情缘副本	158	242100
110	情缘副本	159	244400
110	情缘副本	160	245700
110	情缘副本	161	247000
110	情缘副本	162	248300
110	情缘副本	163	249700
110	情缘副本	164	251000
110	情缘副本	165	252300
110	情缘副本	166	253600
110	情缘副本	167	254900
110	情缘副本	168	256200
110	情缘副本	169	257500
110	情缘副本	170	258800
110	情缘副本	171	260100
110	情缘副本	172	261400
110	情缘副本	173	262700
110	情缘副本	174	264000
110	情缘副本	175	265300
110	情缘副本	176	266600
110	情缘副本	177	267900
110	情缘副本	178	269200
110	情缘副本	179	270500
