level	vipType	exp_f_exp	exp_f_items	qna_f_money	qna_f_items	df_f_exp	df_f_money	hw_f_money	hw_f_reputation	hw_f_items	jjc_f_reputation	jjc_f_items	daytask_f_exp	daytask_f_money	daytask_f_items	dl_f_exp	cfb_f_items
角色等级	贵族类型	经验找回每次经验值	经验找回每次物品	答题找回金币	答题找回物品列表	魔兽入侵找回经验	魔兽入侵找回金币	荣耀之战找回金币	荣耀之战找回声望	荣耀之战找回物品	英雄竞技找回声望	英雄竞技找回物品	日常任务经验	日常任务找回金币	日常任务找回物品	勇者试练场经验	情缘副本物品
30	1	110250	[(25636,45)]	125982		88560	123840	675000	3060	[(25661,36)]	1800	[(25681,54)]	81000	189000	[(26105,27)]	58320	[(26344,9),(25681,18)]
31	1	110250	[(25636,45)]	136782		88560	123840	675000	3060	[(25661,36)]	1800	[(25681,54)]	81000	189000	[(26105,27)]	71280	[(26344,9),(25681,18)]
32	1	110250	[(25636,45)]	147582		88560	123840	675000	3060	[(25661,36)]	1800	[(25681,54)]	81000	189000	[(26105,27)]	71280	[(26344,9),(25681,18)]
33	1	110250	[(25636,45)]	158382		88560	123840	675000	3060	[(25661,36)]	1800	[(25681,54)]	81000	189000	[(26105,27)]	103680	[(26344,9),(25681,18)]
34	1	110250	[(25636,45)]	169182		88560	123840	675000	3060	[(25661,36)]	1800	[(25681,54)]	81000	189000	[(26105,27)]	103680	[(26344,9),(25681,18)]
35	1	110250	[(25636,45)]	190782		88560	123840	675000	3060	[(25661,36)]	1800	[(25681,54)]	81000	189000	[(26105,27)]	103680	[(26344,9),(25681,18)]
36	1	110250	[(25636,45)]	201582		88560	123840	675000	3060	[(25661,36)]	1800	[(25681,54)]	81000	189000	[(26105,27)]	103680	[(26344,9),(25681,18)]
37	1	110250	[(25636,45)]	212382		88560	123840	675000	3060	[(25661,36)]	1800	[(25681,54)]	81000	189000	[(26105,27)]	103680	[(26344,9),(25681,18)]
38	1	110250	[(25636,45)]	223182		88560	123840	675000	3060	[(25661,36)]	1800	[(25681,54)]	81000	189000	[(26105,27)]	103680	[(26344,9),(25681,18)]
39	1	110250	[(25636,45)]	233982		88560	123840	675000	3060	[(25661,36)]	1800	[(25681,54)]	81000	189000	[(26105,27)]	103680	[(26344,9),(25681,18)]
40	1	234000	[(25638,67)]	253098		124020	168120	675000	3060	[(25661,36)]	1800	[(25682,54)]	135000	270000	[(26106,27)]	118800	[(26344,9),(25682,18)]
41	1	234000	[(25638,67)]	255906		124020	168120	675000	3060	[(25661,36)]	1800	[(25682,54)]	135000	270000	[(26106,27)]	127440	[(26344,9),(25682,18)]
42	1	234000	[(25638,67)]	258714		124020	168120	675000	3060	[(25661,36)]	1800	[(25682,54)]	135000	270000	[(26106,27)]	142560	[(26344,9),(25682,18)]
43	1	234000	[(25638,67)]	261522		124020	168120	675000	3060	[(25661,36)]	1800	[(25682,54)]	135000	270000	[(26106,27)]	153360	[(26344,9),(25682,18)]
44	1	234000	[(25638,67)]	264330		124020	168120	675000	3060	[(25661,36)]	1800	[(25682,54)]	135000	270000	[(26106,27)]	153360	[(26344,9),(25682,18)]
45	1	234000	[(25638,67)]	267138		124020	168120	675000	3060	[(25661,36)]	1800	[(25682,54)]	135000	270000	[(26106,27)]	153360	[(26344,9),(25682,18)]
46	1	234000	[(25638,67)]	270000		124020	168120	675000	3060	[(25661,36)]	1800	[(25682,54)]	135000	270000	[(26106,27)]	155520	[(26344,9),(25682,18)]
47	1	234000	[(25638,67)]	272808		124020	168120	675000	3060	[(25661,36)]	1800	[(25682,54)]	135000	270000	[(26106,27)]	155520	[(26344,9),(25682,18)]
48	1	234000	[(25638,67)]	275616		124020	168120	675000	3060	[(25661,36)]	1800	[(25682,54)]	135000	270000	[(26106,27)]	155520	[(26344,9),(25682,18)]
49	1	234000	[(25638,67)]	278424		124020	168120	675000	3060	[(25661,36)]	1800	[(25682,54)]	135000	270000	[(26106,27)]	155520	[(26344,9),(25682,18)]
50	1	234000	[(25638,67)]	284040		124020	168120	675000	3060	[(25661,36)]	1800	[(25682,54)]	135000	270000	[(26106,27)]	155520	[(26344,9),(25682,18)]
51	1	234000	[(25638,67)]	286848		124020	168120	675000	3060	[(25661,36)]	1800	[(25682,54)]	135000	270000	[(26106,27)]	155520	[(26344,9),(25682,18)]
52	1	234000	[(25638,67)]	289656		124020	168120	675000	3060	[(25661,36)]	1800	[(25682,54)]	135000	270000	[(26106,27)]	155520	[(26344,9),(25682,18)]
53	1	234000	[(25638,67)]	292464		124020	168120	675000	3060	[(25661,36)]	1800	[(25682,54)]	135000	270000	[(26106,27)]	155520	[(26344,9),(25682,18)]
54	1	234000	[(25638,67)]	295272		124020	168120	675000	3060	[(25661,36)]	1800	[(25682,54)]	135000	270000	[(26106,27)]	155520	[(26344,9),(25682,18)]
55	1	234000	[(25638,67)]	298080		124020	168120	675000	3060	[(25661,36)]	1800	[(25682,54)]	135000	270000	[(26106,27)]	155520	[(26344,9),(25682,18)]
56	1	234000	[(25638,67)]	300888		124020	168120	675000	3060	[(25661,36)]	1800	[(25682,54)]	135000	270000	[(26106,27)]	155520	[(26344,9),(25682,18)]
57	1	234000	[(25638,67)]	303750		124020	168120	675000	3060	[(25661,36)]	1800	[(25682,54)]	135000	270000	[(26106,27)]	155520	[(26344,9),(25682,18)]
58	1	234000	[(25638,67)]	306558		124020	168120	675000	3060	[(25661,36)]	1800	[(25682,54)]	135000	270000	[(26106,27)]	155520	[(26344,9),(25682,18)]
59	1	234000	[(25638,67)]	309366		124020	168120	675000	3060	[(25661,36)]	1800	[(25682,54)]	135000	270000	[(26106,27)]	155520	[(26344,9),(25682,18)]
60	1	348750	[(25639,67)]	313848		177120	212400	1305000	5985	[(25662,36)]	1800	[(25683,54)]	270000	540000	[(26107,57)]	198720	[(26344,14),(25683,18)]
61	1	348750	[(25639,67)]	317358		177120	212400	1305000	5985	[(25662,36)]	1800	[(25683,54)]	270000	540000	[(26107,57)]	207360	[(26344,14),(25683,18)]
62	1	348750	[(25639,67)]	320814		177120	212400	1305000	5985	[(25662,36)]	1800	[(25683,54)]	270000	540000	[(26107,57)]	224640	[(26344,14),(25683,18)]
63	1	348750	[(25639,67)]	324324		177120	212400	1305000	5985	[(25662,36)]	1800	[(25683,54)]	270000	540000	[(26107,57)]	237600	[(26344,14),(25683,18)]
64	1	348750	[(25639,67)]	327780		177120	212400	1305000	5985	[(25662,36)]	1800	[(25683,54)]	270000	540000	[(26107,57)]	237600	[(26344,14),(25683,18)]
65	1	348750	[(25639,67)]	331290		177120	212400	1305000	5985	[(25662,36)]	1800	[(25683,54)]	270000	540000	[(26107,57)]	237600	[(26344,14),(25683,18)]
66	1	348750	[(25639,67)]	334800		177120	212400	1305000	5985	[(25662,36)]	1800	[(25683,54)]	270000	540000	[(26107,57)]	237600	[(26344,14),(25683,18)]
67	1	348750	[(25639,67)]	338256		177120	212400	1305000	5985	[(25662,36)]	1800	[(25683,54)]	270000	540000	[(26107,57)]	237600	[(26344,14),(25683,18)]
68	1	348750	[(25639,67)]	341766		177120	212400	1305000	5985	[(25662,36)]	1800	[(25683,54)]	270000	540000	[(26107,57)]	237600	[(26344,14),(25683,18)]
69	1	348750	[(25639,67)]	345222		177120	212400	1305000	5985	[(25662,36)]	1800	[(25683,54)]	270000	540000	[(26107,57)]	237600	[(26344,14),(25683,18)]
70	1	348750	[(25639,67)]	352188		177120	212400	1305000	5985	[(25662,36)]	1800	[(25683,54)]	270000	540000	[(26107,57)]	239760	[(26344,14),(25683,18)]
71	1	348750	[(25639,67)]	355698		177120	212400	1305000	5985	[(25662,36)]	1800	[(25683,54)]	270000	540000	[(26107,57)]	239760	[(26344,14),(25683,18)]
72	1	348750	[(25639,67)]	359208		177120	212400	1305000	5985	[(25662,36)]	1800	[(25683,54)]	270000	540000	[(26107,57)]	239760	[(26344,14),(25683,18)]
73	1	348750	[(25639,67)]	362664		177120	212400	1305000	5985	[(25662,36)]	1800	[(25683,54)]	270000	540000	[(26107,57)]	239760	[(26344,14),(25683,18)]
74	1	348750	[(25639,67)]	366174		177120	212400	1305000	5985	[(25662,36)]	1800	[(25683,54)]	270000	540000	[(26107,57)]	239760	[(26344,14),(25683,18)]
75	1	348750	[(25639,67)]	369630		177120	212400	1305000	5985	[(25662,36)]	1800	[(25683,54)]	270000	540000	[(26107,57)]	239760	[(26344,14),(25683,18)]
76	1	348750	[(25639,67)]	373140		177120	212400	1305000	5985	[(25662,36)]	1800	[(25683,54)]	270000	540000	[(26107,57)]	239760	[(26344,14),(25683,18)]
77	1	348750	[(25639,67)]	376650		177120	212400	1305000	5985	[(25662,36)]	1800	[(25683,54)]	270000	540000	[(26107,57)]	239760	[(26344,14),(25683,18)]
78	1	348750	[(25639,67)]	380106		177120	212400	1305000	5985	[(25662,36)]	1800	[(25683,54)]	270000	540000	[(26107,57)]	239760	[(26344,14),(25683,18)]
79	1	348750	[(25639,67)]	383616		177120	212400	1305000	5985	[(25662,36)]	1800	[(25683,54)]	270000	540000	[(26107,57)]	239760	[(26344,14),(25683,18)]
80	1	463500	[(25640,67)]	387450		216000	265500	2025000	11430	[(25663,36)]	1800	[(25684,54)]	432000	1080000	[(26108,57)]	267840	[(26344,21),(25684,18)]
81	1	463500	[(25640,67)]	404028		216000	265500	2025000	11430	[(25663,36)]	1800	[(25684,54)]	432000	1080000	[(26108,57)]	278640	[(26344,21),(25684,18)]
82	1	463500	[(25640,67)]	420660		216000	265500	2025000	11430	[(25663,36)]	1800	[(25684,54)]	432000	1080000	[(26108,57)]	295920	[(26344,21),(25684,18)]
83	1	463500	[(25640,67)]	437238		216000	265500	2025000	11430	[(25663,36)]	1800	[(25684,54)]	432000	1080000	[(26108,57)]	308880	[(26344,21),(25684,18)]
84	1	463500	[(25640,67)]	453870		216000	265500	2025000	11430	[(25663,36)]	1800	[(25684,54)]	432000	1080000	[(26108,57)]	308880	[(26344,21),(25684,18)]
85	1	463500	[(25640,67)]	470448		216000	265500	2025000	11430	[(25663,36)]	1800	[(25684,54)]	432000	1080000	[(26108,57)]	308880	[(26344,21),(25684,18)]
86	1	463500	[(25640,67)]	487080		216000	265500	2025000	11430	[(25663,36)]	1800	[(25684,54)]	432000	1080000	[(26108,57)]	308880	[(26344,21),(25684,18)]
87	1	463500	[(25640,67)]	503658		216000	265500	2025000	11430	[(25663,36)]	1800	[(25684,54)]	432000	1080000	[(26108,57)]	308880	[(26344,21),(25684,18)]
88	1	463500	[(25640,67)]	520290		216000	265500	2025000	11430	[(25663,36)]	1800	[(25684,54)]	432000	1080000	[(26108,57)]	308880	[(26344,21),(25684,18)]
89	1	463500	[(25640,67)]	536868		216000	265500	2025000	11430	[(25663,36)]	1800	[(25684,54)]	432000	1080000	[(26108,57)]	308880	[(26344,21),(25684,18)]
90	1	463500	[(25640,67)]	570078		216000	265500	2025000	11430	[(25663,36)]	1800	[(25684,54)]	432000	1080000	[(26108,57)]	308880	[(26344,21),(25684,18)]
91	1	463500	[(25640,67)]	586710		216000	265500	2025000	11430	[(25663,36)]	1800	[(25684,54)]	432000	1080000	[(26108,57)]	308880	[(26344,21),(25684,18)]
92	1	463500	[(25640,67)]	603288		216000	265500	2025000	11430	[(25663,36)]	1800	[(25684,54)]	432000	1080000	[(26108,57)]	308880	[(26344,21),(25684,18)]
93	1	463500	[(25640,67)]	619920		216000	265500	2025000	11430	[(25663,36)]	1800	[(25684,54)]	432000	1080000	[(26108,57)]	308880	[(26344,21),(25684,18)]
94	1	463500	[(25640,67)]	636498		216000	265500	2025000	11430	[(25663,36)]	1800	[(25684,54)]	432000	1080000	[(26108,57)]	308880	[(26344,21),(25684,18)]
95	1	463500	[(25640,67)]	653130		216000	265500	2025000	11430	[(25663,36)]	1800	[(25684,54)]	432000	1080000	[(26108,57)]	308880	[(26344,21),(25684,18)]
96	1	463500	[(25640,67)]	669708		216000	265500	2025000	11430	[(25663,36)]	1800	[(25684,54)]	432000	1080000	[(26108,57)]	308880	[(26344,21),(25684,18)]
97	1	463500	[(25640,67)]	686340		216000	265500	2025000	11430	[(25663,36)]	1800	[(25684,54)]	432000	1080000	[(26108,57)]	308880	[(26344,21),(25684,18)]
98	1	463500	[(25640,67)]	702918		216000	265500	2025000	11430	[(25663,36)]	1800	[(25684,54)]	432000	1080000	[(26108,57)]	311040	[(26344,21),(25684,18)]
99	1	463500	[(25640,67)]	719550		216000	265500	2025000	11430	[(25663,36)]	1800	[(25684,54)]	432000	1080000	[(26108,57)]	311040	[(26344,21),(25684,18)]
100	1	585000	[(25641,67)]	737964		270000	318456	3348000	16380	[(25664,36)]	1800	[(25685,54)]	648000	1620000	[(26109,57)]	352080	[(26344,27),(25685,18)]
101	1	585000	[(25641,67)]	756432		270000	318456	3348000	16380	[(25664,36)]	1800	[(25685,54)]	648000	1620000	[(26109,57)]	378000	[(26344,27),(25685,18)]
102	1	585000	[(25641,67)]	774900		270000	318456	3348000	16380	[(25664,36)]	1800	[(25685,54)]	648000	1620000	[(26109,57)]	403920	[(26344,27),(25685,18)]
103	1	585000	[(25641,67)]	793314		270000	318456	3348000	16380	[(25664,36)]	1800	[(25685,54)]	648000	1620000	[(26109,57)]	427680	[(26344,27),(25685,18)]
104	1	585000	[(25641,67)]	811782		270000	318456	3348000	16380	[(25664,36)]	1800	[(25685,54)]	648000	1620000	[(26109,57)]	427680	[(26344,27),(25685,18)]
105	1	585000	[(25641,67)]	830250		270000	318456	3348000	16380	[(25664,36)]	1800	[(25685,54)]	648000	1620000	[(26109,57)]	427680	[(26344,27),(25685,18)]
106	1	585000	[(25641,67)]	848664		270000	318456	3348000	16380	[(25664,36)]	1800	[(25685,54)]	648000	1620000	[(26109,57)]	427680	[(26344,27),(25685,18)]
107	1	585000	[(25641,67)]	867132		270000	318456	3348000	16380	[(25664,36)]	1800	[(25685,54)]	648000	1620000	[(26109,57)]	427680	[(26344,27),(25685,18)]
108	1	585000	[(25641,67)]	885600		270000	318456	3348000	16380	[(25664,36)]	1800	[(25685,54)]	648000	1620000	[(26109,57)]	427680	[(26344,27),(25685,18)]
109	1	585000	[(25641,67)]	904014		270000	318456	3348000	16380	[(25664,36)]	1800	[(25685,54)]	648000	1620000	[(26109,57)]	427680	[(26344,27),(25685,18)]
110	1	585000	[(25641,67)]	940950		270000	318456	3348000	16380	[(25664,36)]	1800	[(25685,54)]	648000	1620000	[(26109,57)]	427680	[(26344,27),(25685,18)]
111	1	585000	[(25641,67)]	959364		270000	318456	3348000	16380	[(25664,36)]	1800	[(25685,54)]	648000	1620000	[(26109,57)]	429840	[(26344,27),(25685,18)]
112	1	585000	[(25641,67)]	977832		270000	318456	3348000	16380	[(25664,36)]	1800	[(25685,54)]	648000	1620000	[(26109,57)]	429840	[(26344,27),(25685,18)]
113	1	585000	[(25641,67)]	996300		270000	318456	3348000	16380	[(25664,36)]	1800	[(25685,54)]	648000	1620000	[(26109,57)]	429840	[(26344,27),(25685,18)]
114	1	585000	[(25641,67)]	1014714		270000	318456	3348000	16380	[(25664,36)]	1800	[(25685,54)]	648000	1620000	[(26109,57)]	429840	[(26344,27),(25685,18)]
115	1	585000	[(25641,67)]	1033182		270000	318456	3348000	16380	[(25664,36)]	1800	[(25685,54)]	648000	1620000	[(26109,57)]	429840	[(26344,27),(25685,18)]
116	1	585000	[(25641,67)]	1051650		270000	318456	3348000	16380	[(25664,36)]	1800	[(25685,54)]	648000	1620000	[(26109,57)]	429840	[(26344,27),(25685,18)]
117	1	585000	[(25641,67)]	1070064		270000	318456	3348000	16380	[(25664,36)]	1800	[(25685,54)]	648000	1620000	[(26109,57)]	429840	[(26344,27),(25685,18)]
118	1	585000	[(25641,67)]	1088532		270000	318456	3348000	16380	[(25664,36)]	1800	[(25685,54)]	648000	1620000	[(26109,57)]	429840	[(26344,27),(25685,18)]
119	1	585000	[(25641,67)]	1107000		270000	318456	3348000	16380	[(25664,36)]	1800	[(25685,54)]	648000	1620000	[(26109,57)]	429840	[(26344,27),(25685,18)]
120	1	810000	[(25641,81)]	1097982		324000	360000	3888000	28260	[(25665,36)]	1800	[(25686,54)]	972000	2160000	[(26615,57)]	488160	[(26344,27),(25686,18)]
121	1	810000	[(25641,81)]	1112400		324000	360000	3888000	28260	[(25665,36)]	1800	[(25686,54)]	972000	2160000	[(26615,57)]	490320	[(26344,27),(25686,18)]
122	1	810000	[(25641,81)]	1126764		324000	360000	3888000	28260	[(25665,36)]	1800	[(25686,54)]	972000	2160000	[(26615,57)]	494640	[(26344,27),(25686,18)]
123	1	810000	[(25641,81)]	1141182		324000	360000	3888000	28260	[(25665,36)]	1800	[(25686,54)]	972000	2160000	[(26615,57)]	498960	[(26344,27),(25686,18)]
124	1	810000	[(25641,81)]	1155600		324000	360000	3888000	28260	[(25665,36)]	1800	[(25686,54)]	972000	2160000	[(26615,57)]	498960	[(26344,27),(25686,18)]
125	1	810000	[(25641,81)]	1169964		324000	360000	3888000	28260	[(25665,36)]	1800	[(25686,54)]	972000	2160000	[(26615,57)]	498960	[(26344,27),(25686,18)]
126	1	810000	[(25641,81)]	1184382		324000	360000	3888000	28260	[(25665,36)]	1800	[(25686,54)]	972000	2160000	[(26615,57)]	498960	[(26344,27),(25686,18)]
127	1	810000	[(25641,81)]	1198800		324000	360000	3888000	28260	[(25665,36)]	1800	[(25686,54)]	972000	2160000	[(26615,57)]	498960	[(26344,27),(25686,18)]
128	1	810000	[(25641,81)]	1213164		324000	360000	3888000	28260	[(25665,36)]	1800	[(25686,54)]	972000	2160000	[(26615,57)]	498960	[(26344,27),(25686,18)]
129	1	810000	[(25641,81)]	1227582		324000	360000	3888000	28260	[(25665,36)]	1800	[(25686,54)]	972000	2160000	[(26615,57)]	498960	[(26344,27),(25686,18)]
130	1	810000	[(25641,81)]	1242000		324000	360000	3888000	28260	[(25665,36)]	1800	[(25686,54)]	972000	2160000	[(26615,57)]	498960	[(26344,27),(25686,18)]
131	1	810000	[(25641,81)]	1256364		324000	360000	3888000	28260	[(25665,36)]	1800	[(25686,54)]	972000	2160000	[(26615,57)]	498960	[(26344,27),(25686,18)]
132	1	810000	[(25641,81)]	1270782		324000	360000	3888000	28260	[(25665,36)]	1800	[(25686,54)]	972000	2160000	[(26615,57)]	498960	[(26344,27),(25686,18)]
133	1	810000	[(25641,81)]	1285200		324000	360000	3888000	28260	[(25665,36)]	1800	[(25686,54)]	972000	2160000	[(26615,57)]	498960	[(26344,27),(25686,18)]
134	1	810000	[(25641,81)]	1299564		324000	360000	3888000	28260	[(25665,36)]	1800	[(25686,54)]	972000	2160000	[(26615,57)]	498960	[(26344,27),(25686,18)]
135	1	810000	[(25641,81)]	1313982		324000	360000	3888000	28260	[(25665,36)]	1800	[(25686,54)]	972000	2160000	[(26615,57)]	498960	[(26344,27),(25686,18)]
136	1	810000	[(25641,81)]	1328400		324000	360000	3888000	28260	[(25665,36)]	1800	[(25686,54)]	972000	2160000	[(26615,57)]	498960	[(26344,27),(25686,18)]
137	1	810000	[(25641,81)]	1342764		324000	360000	3888000	28260	[(25665,36)]	1800	[(25686,54)]	972000	2160000	[(26615,57)]	498960	[(26344,27),(25686,18)]
138	1	810000	[(25641,81)]	1357182		324000	360000	3888000	28260	[(25665,36)]	1800	[(25686,54)]	972000	2160000	[(26615,57)]	498960	[(26344,27),(25686,18)]
139	1	810000	[(25641,81)]	1371600		324000	360000	3888000	28260	[(25665,36)]	1800	[(25686,54)]	972000	2160000	[(26615,57)]	498960	[(26344,27),(25686,18)]
140	1	900000	[(25641,90)]	1385964		387000	459000	4608000	34200	[(27048,36)]	1800	[(26607,54)]	1296000	2700000	[(27074,57)]	552960	[(26344,27),(26607,18)]
141	1	900000	[(25641,90)]	1400382		387000	459000	4608000	34200	[(27048,36)]	1800	[(26607,54)]	1296000	2700000	[(27074,57)]	568080	[(26344,27),(26607,18)]
142	1	900000	[(25641,90)]	1414800		387000	459000	4608000	34200	[(27048,36)]	1800	[(26607,54)]	1296000	2700000	[(27074,57)]	583200	[(26344,27),(26607,18)]
143	1	900000	[(25641,90)]	1429164		387000	459000	4608000	34200	[(27048,36)]	1800	[(26607,54)]	1296000	2700000	[(27074,57)]	598320	[(26344,27),(26607,18)]
144	1	900000	[(25641,90)]	1443582		387000	459000	4608000	34200	[(27048,36)]	1800	[(26607,54)]	1296000	2700000	[(27074,57)]	598320	[(26344,27),(26607,18)]
145	1	900000	[(25641,90)]	1459782		387000	459000	4608000	34200	[(27048,36)]	1800	[(26607,54)]	1296000	2700000	[(27074,57)]	598320	[(26344,27),(26607,18)]
146	1	900000	[(25641,90)]	1475982		387000	459000	4608000	34200	[(27048,36)]	1800	[(26607,54)]	1296000	2700000	[(27074,57)]	598320	[(26344,27),(26607,18)]
147	1	900000	[(25641,90)]	1492182		387000	459000	4608000	34200	[(27048,36)]	1800	[(26607,54)]	1296000	2700000	[(27074,57)]	598320	[(26344,27),(26607,18)]
148	1	900000	[(25641,90)]	1508382		387000	459000	4608000	34200	[(27048,36)]	1800	[(26607,54)]	1296000	2700000	[(27074,57)]	598320	[(26344,27),(26607,18)]
149	1	900000	[(25641,90)]	1524582		387000	459000	4608000	34200	[(27048,36)]	1800	[(26607,54)]	1296000	2700000	[(27074,57)]	598320	[(26344,27),(26607,18)]
150	1	900000	[(25641,90)]	1540782		387000	459000	4608000	34200	[(27048,36)]	1800	[(26607,54)]	1296000	2700000	[(27074,57)]	598320	[(26344,27),(26607,18)]
151	1	900000	[(25641,90)]	1556982		387000	459000	4608000	34200	[(27048,36)]	1800	[(26607,54)]	1296000	2700000	[(27074,57)]	598320	[(26344,27),(26607,18)]
152	1	900000	[(25641,90)]	1573182		387000	459000	4608000	34200	[(27048,36)]	1800	[(26607,54)]	1296000	2700000	[(27074,57)]	598320	[(26344,27),(26607,18)]
153	1	900000	[(25641,90)]	1589382		387000	459000	4608000	34200	[(27048,36)]	1800	[(26607,54)]	1296000	2700000	[(27074,57)]	598320	[(26344,27),(26607,18)]
154	1	900000	[(25641,90)]	1605582		387000	459000	4608000	34200	[(27048,36)]	1800	[(26607,54)]	1296000	2700000	[(27074,57)]	598320	[(26344,27),(26607,18)]
155	1	900000	[(25641,90)]	1621782		387000	459000	4608000	34200	[(27048,36)]	1800	[(26607,54)]	1296000	2700000	[(27074,57)]	598320	[(26344,27),(26607,18)]
156	1	900000	[(25641,90)]	1637982		387000	459000	4608000	34200	[(27048,36)]	1800	[(26607,54)]	1296000	2700000	[(27074,57)]	598320	[(26344,27),(26607,18)]
157	1	900000	[(25641,90)]	1654182		387000	459000	4608000	34200	[(27048,36)]	1800	[(26607,54)]	1296000	2700000	[(27074,57)]	600480	[(26344,27),(26607,18)]
158	1	900000	[(25641,90)]	1670382		387000	459000	4608000	34200	[(27048,36)]	1800	[(26607,54)]	1296000	2700000	[(27074,57)]	600480	[(26344,27),(26607,18)]
159	1	900000	[(25641,90)]	1686582		387000	459000	4608000	34200	[(27048,36)]	1800	[(26607,54)]	1296000	2700000	[(27074,57)]	600480	[(26344,27),(26607,18)]
160	1	900000	[(25641,90)]	1695600		450000	502200	4968000	37800	[(27904,36)]	1800	[(27066,54)]	1512000	3240000	[(27074,57)]	656640	[(26344,27),(27066,18)]
161	1	900000	[(25641,90)]	1704564		450000	502200	4968000	37800	[(27904,36)]	1800	[(27066,54)]	1512000	3240000	[(27074,57)]	656640	[(26344,27),(27066,18)]
162	1	900000	[(25641,90)]	1713582		450000	502200	4968000	37800	[(27904,36)]	1800	[(27066,54)]	1512000	3240000	[(27074,57)]	656640	[(26344,27),(27066,18)]
163	1	900000	[(25641,90)]	1722600		450000	502200	4968000	37800	[(27904,36)]	1800	[(27066,54)]	1512000	3240000	[(27074,57)]	656640	[(26344,27),(27066,18)]
164	1	900000	[(25641,90)]	1731564		450000	502200	4968000	37800	[(27904,36)]	1800	[(27066,54)]	1512000	3240000	[(27074,57)]	656640	[(26344,27),(27066,18)]
165	1	900000	[(25641,90)]	1740582		450000	502200	4968000	37800	[(27904,36)]	1800	[(27066,54)]	1512000	3240000	[(27074,57)]	656640	[(26344,27),(27066,18)]
166	1	900000	[(25641,90)]	1749600		450000	502200	4968000	37800	[(27904,36)]	1800	[(27066,54)]	1512000	3240000	[(27074,57)]	656640	[(26344,27),(27066,18)]
167	1	900000	[(25641,90)]	1758564		450000	502200	4968000	37800	[(27904,36)]	1800	[(27066,54)]	1512000	3240000	[(27074,57)]	656640	[(26344,27),(27066,18)]
168	1	900000	[(25641,90)]	1767582		450000	502200	4968000	37800	[(27904,36)]	1800	[(27066,54)]	1512000	3240000	[(27074,57)]	656640	[(26344,27),(27066,18)]
169	1	900000	[(25641,90)]	1776600		450000	502200	4968000	37800	[(27904,36)]	1800	[(27066,54)]	1512000	3240000	[(27074,57)]	656640	[(26344,27),(27066,18)]
170	1	900000	[(25641,90)]	1785564		450000	502200	4968000	37800	[(27904,36)]	1800	[(27066,54)]	1512000	3240000	[(27074,57)]	656640	[(26344,27),(27066,18)]
171	1	900000	[(25641,90)]	1794582		450000	502200	4968000	37800	[(27904,36)]	1800	[(27066,54)]	1512000	3240000	[(27074,57)]	656640	[(26344,27),(27066,18)]
172	1	900000	[(25641,90)]	1803600		450000	502200	4968000	37800	[(27904,36)]	1800	[(27066,54)]	1512000	3240000	[(27074,57)]	656640	[(26344,27),(27066,18)]
173	1	900000	[(25641,90)]	1812564		450000	502200	4968000	37800	[(27904,36)]	1800	[(27066,54)]	1512000	3240000	[(27074,57)]	656640	[(26344,27),(27066,18)]
174	1	900000	[(25641,90)]	1821582		450000	502200	4968000	37800	[(27904,36)]	1800	[(27066,54)]	1512000	3240000	[(27074,57)]	656640	[(26344,27),(27066,18)]
175	1	900000	[(25641,90)]	1830600		450000	502200	4968000	37800	[(27904,36)]	1800	[(27066,54)]	1512000	3240000	[(27074,57)]	656640	[(26344,27),(27066,18)]
176	1	900000	[(25641,90)]	1839564		450000	502200	4968000	37800	[(27904,36)]	1800	[(27066,54)]	1512000	3240000	[(27074,57)]	656640	[(26344,27),(27066,18)]
177	1	900000	[(25641,90)]	1848582		450000	502200	4968000	37800	[(27904,36)]	1800	[(27066,54)]	1512000	3240000	[(27074,57)]	656640	[(26344,27),(27066,18)]
178	1	900000	[(25641,90)]	1857600		450000	502200	4968000	37800	[(27904,36)]	1800	[(27066,54)]	1512000	3240000	[(27074,57)]	656640	[(26344,27),(27066,18)]
179	1	900000	[(25641,90)]	1866564		450000	502200	4968000	37800	[(27904,36)]	1800	[(27066,54)]	1512000	3240000	[(27074,57)]	656640	[(26344,27),(27066,18)]
30	2	147000	[(25636,60)]	139980		98400	137600	750000	3400	[(25661,40)]	2000	[(25681,60)]	90000	210000	[(26105,30)]	64800	[(26344,10),(25681,20)]
31	2	147000	[(25636,60)]	151980		98400	137600	750000	3400	[(25661,40)]	2000	[(25681,60)]	90000	210000	[(26105,30)]	79200	[(26344,10),(25681,20)]
32	2	147000	[(25636,60)]	163980		98400	137600	750000	3400	[(25661,40)]	2000	[(25681,60)]	90000	210000	[(26105,30)]	79200	[(26344,10),(25681,20)]
33	2	147000	[(25636,60)]	175980		98400	137600	750000	3400	[(25661,40)]	2000	[(25681,60)]	90000	210000	[(26105,30)]	115200	[(26344,10),(25681,20)]
34	2	147000	[(25636,60)]	187980		98400	137600	750000	3400	[(25661,40)]	2000	[(25681,60)]	90000	210000	[(26105,30)]	115200	[(26344,10),(25681,20)]
35	2	147000	[(25636,60)]	211980		98400	137600	750000	3400	[(25661,40)]	2000	[(25681,60)]	90000	210000	[(26105,30)]	115200	[(26344,10),(25681,20)]
36	2	147000	[(25636,60)]	223980		98400	137600	750000	3400	[(25661,40)]	2000	[(25681,60)]	90000	210000	[(26105,30)]	115200	[(26344,10),(25681,20)]
37	2	147000	[(25636,60)]	235980		98400	137600	750000	3400	[(25661,40)]	2000	[(25681,60)]	90000	210000	[(26105,30)]	115200	[(26344,10),(25681,20)]
38	2	147000	[(25636,60)]	247980		98400	137600	750000	3400	[(25661,40)]	2000	[(25681,60)]	90000	210000	[(26105,30)]	115200	[(26344,10),(25681,20)]
39	2	147000	[(25636,60)]	259980		98400	137600	750000	3400	[(25661,40)]	2000	[(25681,60)]	90000	210000	[(26105,30)]	115200	[(26344,10),(25681,20)]
40	2	312000	[(25638,90)]	281220		137800	186800	750000	3400	[(25661,40)]	2000	[(25682,60)]	150000	300000	[(26106,30)]	132000	[(26344,10),(25682,20)]
41	2	312000	[(25638,90)]	284340		137800	186800	750000	3400	[(25661,40)]	2000	[(25682,60)]	150000	300000	[(26106,30)]	141600	[(26344,10),(25682,20)]
42	2	312000	[(25638,90)]	287460		137800	186800	750000	3400	[(25661,40)]	2000	[(25682,60)]	150000	300000	[(26106,30)]	158400	[(26344,10),(25682,20)]
43	2	312000	[(25638,90)]	290580		137800	186800	750000	3400	[(25661,40)]	2000	[(25682,60)]	150000	300000	[(26106,30)]	170400	[(26344,10),(25682,20)]
44	2	312000	[(25638,90)]	293700		137800	186800	750000	3400	[(25661,40)]	2000	[(25682,60)]	150000	300000	[(26106,30)]	170400	[(26344,10),(25682,20)]
45	2	312000	[(25638,90)]	296820		137800	186800	750000	3400	[(25661,40)]	2000	[(25682,60)]	150000	300000	[(26106,30)]	170400	[(26344,10),(25682,20)]
46	2	312000	[(25638,90)]	300000		137800	186800	750000	3400	[(25661,40)]	2000	[(25682,60)]	150000	300000	[(26106,30)]	172800	[(26344,10),(25682,20)]
47	2	312000	[(25638,90)]	303120		137800	186800	750000	3400	[(25661,40)]	2000	[(25682,60)]	150000	300000	[(26106,30)]	172800	[(26344,10),(25682,20)]
48	2	312000	[(25638,90)]	306240		137800	186800	750000	3400	[(25661,40)]	2000	[(25682,60)]	150000	300000	[(26106,30)]	172800	[(26344,10),(25682,20)]
49	2	312000	[(25638,90)]	309360		137800	186800	750000	3400	[(25661,40)]	2000	[(25682,60)]	150000	300000	[(26106,30)]	172800	[(26344,10),(25682,20)]
50	2	312000	[(25638,90)]	315600		137800	186800	750000	3400	[(25661,40)]	2000	[(25682,60)]	150000	300000	[(26106,30)]	172800	[(26344,10),(25682,20)]
51	2	312000	[(25638,90)]	318720		137800	186800	750000	3400	[(25661,40)]	2000	[(25682,60)]	150000	300000	[(26106,30)]	172800	[(26344,10),(25682,20)]
52	2	312000	[(25638,90)]	321840		137800	186800	750000	3400	[(25661,40)]	2000	[(25682,60)]	150000	300000	[(26106,30)]	172800	[(26344,10),(25682,20)]
53	2	312000	[(25638,90)]	324960		137800	186800	750000	3400	[(25661,40)]	2000	[(25682,60)]	150000	300000	[(26106,30)]	172800	[(26344,10),(25682,20)]
54	2	312000	[(25638,90)]	328080		137800	186800	750000	3400	[(25661,40)]	2000	[(25682,60)]	150000	300000	[(26106,30)]	172800	[(26344,10),(25682,20)]
55	2	312000	[(25638,90)]	331200		137800	186800	750000	3400	[(25661,40)]	2000	[(25682,60)]	150000	300000	[(26106,30)]	172800	[(26344,10),(25682,20)]
56	2	312000	[(25638,90)]	334320		137800	186800	750000	3400	[(25661,40)]	2000	[(25682,60)]	150000	300000	[(26106,30)]	172800	[(26344,10),(25682,20)]
57	2	312000	[(25638,90)]	337500		137800	186800	750000	3400	[(25661,40)]	2000	[(25682,60)]	150000	300000	[(26106,30)]	172800	[(26344,10),(25682,20)]
58	2	312000	[(25638,90)]	340620		137800	186800	750000	3400	[(25661,40)]	2000	[(25682,60)]	150000	300000	[(26106,30)]	172800	[(26344,10),(25682,20)]
59	2	312000	[(25638,90)]	343740		137800	186800	750000	3400	[(25661,40)]	2000	[(25682,60)]	150000	300000	[(26106,30)]	172800	[(26344,10),(25682,20)]
60	2	465000	[(25639,90)]	348720		196800	236000	1450000	6650	[(25662,40)]	2000	[(25683,60)]	300000	600000	[(26107,60)]	220800	[(26344,16),(25683,20)]
61	2	465000	[(25639,90)]	352620		196800	236000	1450000	6650	[(25662,40)]	2000	[(25683,60)]	300000	600000	[(26107,60)]	230400	[(26344,16),(25683,20)]
62	2	465000	[(25639,90)]	356460		196800	236000	1450000	6650	[(25662,40)]	2000	[(25683,60)]	300000	600000	[(26107,60)]	249600	[(26344,16),(25683,20)]
63	2	465000	[(25639,90)]	360360		196800	236000	1450000	6650	[(25662,40)]	2000	[(25683,60)]	300000	600000	[(26107,60)]	264000	[(26344,16),(25683,20)]
64	2	465000	[(25639,90)]	364200		196800	236000	1450000	6650	[(25662,40)]	2000	[(25683,60)]	300000	600000	[(26107,60)]	264000	[(26344,16),(25683,20)]
65	2	465000	[(25639,90)]	368100		196800	236000	1450000	6650	[(25662,40)]	2000	[(25683,60)]	300000	600000	[(26107,60)]	264000	[(26344,16),(25683,20)]
66	2	465000	[(25639,90)]	372000		196800	236000	1450000	6650	[(25662,40)]	2000	[(25683,60)]	300000	600000	[(26107,60)]	264000	[(26344,16),(25683,20)]
67	2	465000	[(25639,90)]	375840		196800	236000	1450000	6650	[(25662,40)]	2000	[(25683,60)]	300000	600000	[(26107,60)]	264000	[(26344,16),(25683,20)]
68	2	465000	[(25639,90)]	379740		196800	236000	1450000	6650	[(25662,40)]	2000	[(25683,60)]	300000	600000	[(26107,60)]	264000	[(26344,16),(25683,20)]
69	2	465000	[(25639,90)]	383580		196800	236000	1450000	6650	[(25662,40)]	2000	[(25683,60)]	300000	600000	[(26107,60)]	264000	[(26344,16),(25683,20)]
70	2	465000	[(25639,90)]	391320		196800	236000	1450000	6650	[(25662,40)]	2000	[(25683,60)]	300000	600000	[(26107,60)]	266400	[(26344,16),(25683,20)]
71	2	465000	[(25639,90)]	395220		196800	236000	1450000	6650	[(25662,40)]	2000	[(25683,60)]	300000	600000	[(26107,60)]	266400	[(26344,16),(25683,20)]
72	2	465000	[(25639,90)]	399120		196800	236000	1450000	6650	[(25662,40)]	2000	[(25683,60)]	300000	600000	[(26107,60)]	266400	[(26344,16),(25683,20)]
73	2	465000	[(25639,90)]	402960		196800	236000	1450000	6650	[(25662,40)]	2000	[(25683,60)]	300000	600000	[(26107,60)]	266400	[(26344,16),(25683,20)]
74	2	465000	[(25639,90)]	406860		196800	236000	1450000	6650	[(25662,40)]	2000	[(25683,60)]	300000	600000	[(26107,60)]	266400	[(26344,16),(25683,20)]
75	2	465000	[(25639,90)]	410700		196800	236000	1450000	6650	[(25662,40)]	2000	[(25683,60)]	300000	600000	[(26107,60)]	266400	[(26344,16),(25683,20)]
76	2	465000	[(25639,90)]	414600		196800	236000	1450000	6650	[(25662,40)]	2000	[(25683,60)]	300000	600000	[(26107,60)]	266400	[(26344,16),(25683,20)]
77	2	465000	[(25639,90)]	418500		196800	236000	1450000	6650	[(25662,40)]	2000	[(25683,60)]	300000	600000	[(26107,60)]	266400	[(26344,16),(25683,20)]
78	2	465000	[(25639,90)]	422340		196800	236000	1450000	6650	[(25662,40)]	2000	[(25683,60)]	300000	600000	[(26107,60)]	266400	[(26344,16),(25683,20)]
79	2	465000	[(25639,90)]	426240		196800	236000	1450000	6650	[(25662,40)]	2000	[(25683,60)]	300000	600000	[(26107,60)]	266400	[(26344,16),(25683,20)]
80	2	618000	[(25640,90)]	430500		240000	295000	2250000	12700	[(25663,40)]	2000	[(25684,60)]	480000	1200000	[(26108,60)]	297600	[(26344,24),(25684,20)]
81	2	618000	[(25640,90)]	448920		240000	295000	2250000	12700	[(25663,40)]	2000	[(25684,60)]	480000	1200000	[(26108,60)]	309600	[(26344,24),(25684,20)]
82	2	618000	[(25640,90)]	467400		240000	295000	2250000	12700	[(25663,40)]	2000	[(25684,60)]	480000	1200000	[(26108,60)]	328800	[(26344,24),(25684,20)]
83	2	618000	[(25640,90)]	485820		240000	295000	2250000	12700	[(25663,40)]	2000	[(25684,60)]	480000	1200000	[(26108,60)]	343200	[(26344,24),(25684,20)]
84	2	618000	[(25640,90)]	504300		240000	295000	2250000	12700	[(25663,40)]	2000	[(25684,60)]	480000	1200000	[(26108,60)]	343200	[(26344,24),(25684,20)]
85	2	618000	[(25640,90)]	522720		240000	295000	2250000	12700	[(25663,40)]	2000	[(25684,60)]	480000	1200000	[(26108,60)]	343200	[(26344,24),(25684,20)]
86	2	618000	[(25640,90)]	541200		240000	295000	2250000	12700	[(25663,40)]	2000	[(25684,60)]	480000	1200000	[(26108,60)]	343200	[(26344,24),(25684,20)]
87	2	618000	[(25640,90)]	559620		240000	295000	2250000	12700	[(25663,40)]	2000	[(25684,60)]	480000	1200000	[(26108,60)]	343200	[(26344,24),(25684,20)]
88	2	618000	[(25640,90)]	578100		240000	295000	2250000	12700	[(25663,40)]	2000	[(25684,60)]	480000	1200000	[(26108,60)]	343200	[(26344,24),(25684,20)]
89	2	618000	[(25640,90)]	596520		240000	295000	2250000	12700	[(25663,40)]	2000	[(25684,60)]	480000	1200000	[(26108,60)]	343200	[(26344,24),(25684,20)]
90	2	618000	[(25640,90)]	633420		240000	295000	2250000	12700	[(25663,40)]	2000	[(25684,60)]	480000	1200000	[(26108,60)]	343200	[(26344,24),(25684,20)]
91	2	618000	[(25640,90)]	651900		240000	295000	2250000	12700	[(25663,40)]	2000	[(25684,60)]	480000	1200000	[(26108,60)]	343200	[(26344,24),(25684,20)]
92	2	618000	[(25640,90)]	670320		240000	295000	2250000	12700	[(25663,40)]	2000	[(25684,60)]	480000	1200000	[(26108,60)]	343200	[(26344,24),(25684,20)]
93	2	618000	[(25640,90)]	688800		240000	295000	2250000	12700	[(25663,40)]	2000	[(25684,60)]	480000	1200000	[(26108,60)]	343200	[(26344,24),(25684,20)]
94	2	618000	[(25640,90)]	707220		240000	295000	2250000	12700	[(25663,40)]	2000	[(25684,60)]	480000	1200000	[(26108,60)]	343200	[(26344,24),(25684,20)]
95	2	618000	[(25640,90)]	725700		240000	295000	2250000	12700	[(25663,40)]	2000	[(25684,60)]	480000	1200000	[(26108,60)]	343200	[(26344,24),(25684,20)]
96	2	618000	[(25640,90)]	744120		240000	295000	2250000	12700	[(25663,40)]	2000	[(25684,60)]	480000	1200000	[(26108,60)]	343200	[(26344,24),(25684,20)]
97	2	618000	[(25640,90)]	762600		240000	295000	2250000	12700	[(25663,40)]	2000	[(25684,60)]	480000	1200000	[(26108,60)]	343200	[(26344,24),(25684,20)]
98	2	618000	[(25640,90)]	781020		240000	295000	2250000	12700	[(25663,40)]	2000	[(25684,60)]	480000	1200000	[(26108,60)]	345600	[(26344,24),(25684,20)]
99	2	618000	[(25640,90)]	799500		240000	295000	2250000	12700	[(25663,40)]	2000	[(25684,60)]	480000	1200000	[(26108,60)]	345600	[(26344,24),(25684,20)]
100	2	780000	[(25641,90)]	819960		300000	353840	3720000	18200	[(25664,40)]	2000	[(25685,60)]	720000	1800000	[(26109,60)]	391200	[(26344,30),(25685,20)]
101	2	780000	[(25641,90)]	840480		300000	353840	3720000	18200	[(25664,40)]	2000	[(25685,60)]	720000	1800000	[(26109,60)]	420000	[(26344,30),(25685,20)]
102	2	780000	[(25641,90)]	861000		300000	353840	3720000	18200	[(25664,40)]	2000	[(25685,60)]	720000	1800000	[(26109,60)]	448800	[(26344,30),(25685,20)]
103	2	780000	[(25641,90)]	881460		300000	353840	3720000	18200	[(25664,40)]	2000	[(25685,60)]	720000	1800000	[(26109,60)]	475200	[(26344,30),(25685,20)]
104	2	780000	[(25641,90)]	901980		300000	353840	3720000	18200	[(25664,40)]	2000	[(25685,60)]	720000	1800000	[(26109,60)]	475200	[(26344,30),(25685,20)]
105	2	780000	[(25641,90)]	922500		300000	353840	3720000	18200	[(25664,40)]	2000	[(25685,60)]	720000	1800000	[(26109,60)]	475200	[(26344,30),(25685,20)]
106	2	780000	[(25641,90)]	942960		300000	353840	3720000	18200	[(25664,40)]	2000	[(25685,60)]	720000	1800000	[(26109,60)]	475200	[(26344,30),(25685,20)]
107	2	780000	[(25641,90)]	963480		300000	353840	3720000	18200	[(25664,40)]	2000	[(25685,60)]	720000	1800000	[(26109,60)]	475200	[(26344,30),(25685,20)]
108	2	780000	[(25641,90)]	984000		300000	353840	3720000	18200	[(25664,40)]	2000	[(25685,60)]	720000	1800000	[(26109,60)]	475200	[(26344,30),(25685,20)]
109	2	780000	[(25641,90)]	1004460		300000	353840	3720000	18200	[(25664,40)]	2000	[(25685,60)]	720000	1800000	[(26109,60)]	475200	[(26344,30),(25685,20)]
110	2	780000	[(25641,90)]	1045500		300000	353840	3720000	18200	[(25664,40)]	2000	[(25685,60)]	720000	1800000	[(26109,60)]	475200	[(26344,30),(25685,20)]
111	2	780000	[(25641,90)]	1065960		300000	353840	3720000	18200	[(25664,40)]	2000	[(25685,60)]	720000	1800000	[(26109,60)]	477600	[(26344,30),(25685,20)]
112	2	780000	[(25641,90)]	1086480		300000	353840	3720000	18200	[(25664,40)]	2000	[(25685,60)]	720000	1800000	[(26109,60)]	477600	[(26344,30),(25685,20)]
113	2	780000	[(25641,90)]	1107000		300000	353840	3720000	18200	[(25664,40)]	2000	[(25685,60)]	720000	1800000	[(26109,60)]	477600	[(26344,30),(25685,20)]
114	2	780000	[(25641,90)]	1127460		300000	353840	3720000	18200	[(25664,40)]	2000	[(25685,60)]	720000	1800000	[(26109,60)]	477600	[(26344,30),(25685,20)]
115	2	780000	[(25641,90)]	1147980		300000	353840	3720000	18200	[(25664,40)]	2000	[(25685,60)]	720000	1800000	[(26109,60)]	477600	[(26344,30),(25685,20)]
116	2	780000	[(25641,90)]	1168500		300000	353840	3720000	18200	[(25664,40)]	2000	[(25685,60)]	720000	1800000	[(26109,60)]	477600	[(26344,30),(25685,20)]
117	2	780000	[(25641,90)]	1188960		300000	353840	3720000	18200	[(25664,40)]	2000	[(25685,60)]	720000	1800000	[(26109,60)]	477600	[(26344,30),(25685,20)]
118	2	780000	[(25641,90)]	1209480		300000	353840	3720000	18200	[(25664,40)]	2000	[(25685,60)]	720000	1800000	[(26109,60)]	477600	[(26344,30),(25685,20)]
119	2	780000	[(25641,90)]	1230000		300000	353840	3720000	18200	[(25664,40)]	2000	[(25685,60)]	720000	1800000	[(26109,60)]	477600	[(26344,30),(25685,20)]
120	2	1080000	[(25641,108)]	1219980		360000	400000	4320000	31400	[(25665,40)]	2000	[(25686,60)]	1080000	2400000	[(26615,60)]	542400	[(26344,30),(25686,20)]
121	2	1080000	[(25641,108)]	1236000		360000	400000	4320000	31400	[(25665,40)]	2000	[(25686,60)]	1080000	2400000	[(26615,60)]	544800	[(26344,30),(25686,20)]
122	2	1080000	[(25641,108)]	1251960		360000	400000	4320000	31400	[(25665,40)]	2000	[(25686,60)]	1080000	2400000	[(26615,60)]	549600	[(26344,30),(25686,20)]
123	2	1080000	[(25641,108)]	1267980		360000	400000	4320000	31400	[(25665,40)]	2000	[(25686,60)]	1080000	2400000	[(26615,60)]	554400	[(26344,30),(25686,20)]
124	2	1080000	[(25641,108)]	1284000		360000	400000	4320000	31400	[(25665,40)]	2000	[(25686,60)]	1080000	2400000	[(26615,60)]	554400	[(26344,30),(25686,20)]
125	2	1080000	[(25641,108)]	1299960		360000	400000	4320000	31400	[(25665,40)]	2000	[(25686,60)]	1080000	2400000	[(26615,60)]	554400	[(26344,30),(25686,20)]
126	2	1080000	[(25641,108)]	1315980		360000	400000	4320000	31400	[(25665,40)]	2000	[(25686,60)]	1080000	2400000	[(26615,60)]	554400	[(26344,30),(25686,20)]
127	2	1080000	[(25641,108)]	1332000		360000	400000	4320000	31400	[(25665,40)]	2000	[(25686,60)]	1080000	2400000	[(26615,60)]	554400	[(26344,30),(25686,20)]
128	2	1080000	[(25641,108)]	1347960		360000	400000	4320000	31400	[(25665,40)]	2000	[(25686,60)]	1080000	2400000	[(26615,60)]	554400	[(26344,30),(25686,20)]
129	2	1080000	[(25641,108)]	1363980		360000	400000	4320000	31400	[(25665,40)]	2000	[(25686,60)]	1080000	2400000	[(26615,60)]	554400	[(26344,30),(25686,20)]
130	2	1080000	[(25641,108)]	1380000		360000	400000	4320000	31400	[(25665,40)]	2000	[(25686,60)]	1080000	2400000	[(26615,60)]	554400	[(26344,30),(25686,20)]
131	2	1080000	[(25641,108)]	1395960		360000	400000	4320000	31400	[(25665,40)]	2000	[(25686,60)]	1080000	2400000	[(26615,60)]	554400	[(26344,30),(25686,20)]
132	2	1080000	[(25641,108)]	1411980		360000	400000	4320000	31400	[(25665,40)]	2000	[(25686,60)]	1080000	2400000	[(26615,60)]	554400	[(26344,30),(25686,20)]
133	2	1080000	[(25641,108)]	1428000		360000	400000	4320000	31400	[(25665,40)]	2000	[(25686,60)]	1080000	2400000	[(26615,60)]	554400	[(26344,30),(25686,20)]
134	2	1080000	[(25641,108)]	1443960		360000	400000	4320000	31400	[(25665,40)]	2000	[(25686,60)]	1080000	2400000	[(26615,60)]	554400	[(26344,30),(25686,20)]
135	2	1080000	[(25641,108)]	1459980		360000	400000	4320000	31400	[(25665,40)]	2000	[(25686,60)]	1080000	2400000	[(26615,60)]	554400	[(26344,30),(25686,20)]
136	2	1080000	[(25641,108)]	1476000		360000	400000	4320000	31400	[(25665,40)]	2000	[(25686,60)]	1080000	2400000	[(26615,60)]	554400	[(26344,30),(25686,20)]
137	2	1080000	[(25641,108)]	1491960		360000	400000	4320000	31400	[(25665,40)]	2000	[(25686,60)]	1080000	2400000	[(26615,60)]	554400	[(26344,30),(25686,20)]
138	2	1080000	[(25641,108)]	1507980		360000	400000	4320000	31400	[(25665,40)]	2000	[(25686,60)]	1080000	2400000	[(26615,60)]	554400	[(26344,30),(25686,20)]
139	2	1080000	[(25641,108)]	1524000		360000	400000	4320000	31400	[(25665,40)]	2000	[(25686,60)]	1080000	2400000	[(26615,60)]	554400	[(26344,30),(25686,20)]
140	2	1200000	[(25641,120)]	1539960		430000	510000	5120000	38000	[(27048,40)]	2000	[(26607,60)]	1440000	3000000	[(27074,60)]	614400	[(26344,30),(26607,20)]
141	2	1200000	[(25641,120)]	1555980		430000	510000	5120000	38000	[(27048,40)]	2000	[(26607,60)]	1440000	3000000	[(27074,60)]	631200	[(26344,30),(26607,20)]
142	2	1200000	[(25641,120)]	1572000		430000	510000	5120000	38000	[(27048,40)]	2000	[(26607,60)]	1440000	3000000	[(27074,60)]	648000	[(26344,30),(26607,20)]
143	2	1200000	[(25641,120)]	1587960		430000	510000	5120000	38000	[(27048,40)]	2000	[(26607,60)]	1440000	3000000	[(27074,60)]	664800	[(26344,30),(26607,20)]
144	2	1200000	[(25641,120)]	1603980		430000	510000	5120000	38000	[(27048,40)]	2000	[(26607,60)]	1440000	3000000	[(27074,60)]	664800	[(26344,30),(26607,20)]
145	2	1200000	[(25641,120)]	1621980		430000	510000	5120000	38000	[(27048,40)]	2000	[(26607,60)]	1440000	3000000	[(27074,60)]	664800	[(26344,30),(26607,20)]
146	2	1200000	[(25641,120)]	1639980		430000	510000	5120000	38000	[(27048,40)]	2000	[(26607,60)]	1440000	3000000	[(27074,60)]	664800	[(26344,30),(26607,20)]
147	2	1200000	[(25641,120)]	1657980		430000	510000	5120000	38000	[(27048,40)]	2000	[(26607,60)]	1440000	3000000	[(27074,60)]	664800	[(26344,30),(26607,20)]
148	2	1200000	[(25641,120)]	1675980		430000	510000	5120000	38000	[(27048,40)]	2000	[(26607,60)]	1440000	3000000	[(27074,60)]	664800	[(26344,30),(26607,20)]
149	2	1200000	[(25641,120)]	1693980		430000	510000	5120000	38000	[(27048,40)]	2000	[(26607,60)]	1440000	3000000	[(27074,60)]	664800	[(26344,30),(26607,20)]
150	2	1200000	[(25641,120)]	1711980		430000	510000	5120000	38000	[(27048,40)]	2000	[(26607,60)]	1440000	3000000	[(27074,60)]	664800	[(26344,30),(26607,20)]
151	2	1200000	[(25641,120)]	1729980		430000	510000	5120000	38000	[(27048,40)]	2000	[(26607,60)]	1440000	3000000	[(27074,60)]	664800	[(26344,30),(26607,20)]
152	2	1200000	[(25641,120)]	1747980		430000	510000	5120000	38000	[(27048,40)]	2000	[(26607,60)]	1440000	3000000	[(27074,60)]	664800	[(26344,30),(26607,20)]
153	2	1200000	[(25641,120)]	1765980		430000	510000	5120000	38000	[(27048,40)]	2000	[(26607,60)]	1440000	3000000	[(27074,60)]	664800	[(26344,30),(26607,20)]
154	2	1200000	[(25641,120)]	1783980		430000	510000	5120000	38000	[(27048,40)]	2000	[(26607,60)]	1440000	3000000	[(27074,60)]	664800	[(26344,30),(26607,20)]
155	2	1200000	[(25641,120)]	1801980		430000	510000	5120000	38000	[(27048,40)]	2000	[(26607,60)]	1440000	3000000	[(27074,60)]	664800	[(26344,30),(26607,20)]
156	2	1200000	[(25641,120)]	1819980		430000	510000	5120000	38000	[(27048,40)]	2000	[(26607,60)]	1440000	3000000	[(27074,60)]	664800	[(26344,30),(26607,20)]
157	2	1200000	[(25641,120)]	1837980		430000	510000	5120000	38000	[(27048,40)]	2000	[(26607,60)]	1440000	3000000	[(27074,60)]	667200	[(26344,30),(26607,20)]
158	2	1200000	[(25641,120)]	1855980		430000	510000	5120000	38000	[(27048,40)]	2000	[(26607,60)]	1440000	3000000	[(27074,60)]	667200	[(26344,30),(26607,20)]
159	2	1200000	[(25641,120)]	1873980		430000	510000	5120000	38000	[(27048,40)]	2000	[(26607,60)]	1440000	3000000	[(27074,60)]	667200	[(26344,30),(26607,20)]
160	2	1200000	[(25641,120)]	1884000		500000	558000	5520000	42000	[(27904,40)]	2000	[(27066,60)]	1680000	3600000	[(27925,60)]	729600	[(26344,30),(27066,20)]
161	2	1200000	[(25641,120)]	1893960		500000	558000	5520000	42000	[(27904,40)]	2000	[(27066,60)]	1680000	3600000	[(27925,60)]	729600	[(26344,30),(27066,20)]
162	2	1200000	[(25641,120)]	1903980		500000	558000	5520000	42000	[(27904,40)]	2000	[(27066,60)]	1680000	3600000	[(27925,60)]	729600	[(26344,30),(27066,20)]
163	2	1200000	[(25641,120)]	1914000		500000	558000	5520000	42000	[(27904,40)]	2000	[(27066,60)]	1680000	3600000	[(27925,60)]	729600	[(26344,30),(27066,20)]
164	2	1200000	[(25641,120)]	1923960		500000	558000	5520000	42000	[(27904,40)]	2000	[(27066,60)]	1680000	3600000	[(27925,60)]	729600	[(26344,30),(27066,20)]
165	2	1200000	[(25641,120)]	1933980		500000	558000	5520000	42000	[(27904,40)]	2000	[(27066,60)]	1680000	3600000	[(27925,60)]	729600	[(26344,30),(27066,20)]
166	2	1200000	[(25641,120)]	1944000		500000	558000	5520000	42000	[(27904,40)]	2000	[(27066,60)]	1680000	3600000	[(27925,60)]	729600	[(26344,30),(27066,20)]
167	2	1200000	[(25641,120)]	1953960		500000	558000	5520000	42000	[(27904,40)]	2000	[(27066,60)]	1680000	3600000	[(27925,60)]	729600	[(26344,30),(27066,20)]
168	2	1200000	[(25641,120)]	1963980		500000	558000	5520000	42000	[(27904,40)]	2000	[(27066,60)]	1680000	3600000	[(27925,60)]	729600	[(26344,30),(27066,20)]
169	2	1200000	[(25641,120)]	1974000		500000	558000	5520000	42000	[(27904,40)]	2000	[(27066,60)]	1680000	3600000	[(27925,60)]	729600	[(26344,30),(27066,20)]
170	2	1200000	[(25641,120)]	1983960		500000	558000	5520000	42000	[(27904,40)]	2000	[(27066,60)]	1680000	3600000	[(27925,60)]	729600	[(26344,30),(27066,20)]
171	2	1200000	[(25641,120)]	1993980		500000	558000	5520000	42000	[(27904,40)]	2000	[(27066,60)]	1680000	3600000	[(27925,60)]	729600	[(26344,30),(27066,20)]
172	2	1200000	[(25641,120)]	2004000		500000	558000	5520000	42000	[(27904,40)]	2000	[(27066,60)]	1680000	3600000	[(27925,60)]	729600	[(26344,30),(27066,20)]
173	2	1200000	[(25641,120)]	2013960		500000	558000	5520000	42000	[(27904,40)]	2000	[(27066,60)]	1680000	3600000	[(27925,60)]	729600	[(26344,30),(27066,20)]
174	2	1200000	[(25641,120)]	2023980		500000	558000	5520000	42000	[(27904,40)]	2000	[(27066,60)]	1680000	3600000	[(27925,60)]	729600	[(26344,30),(27066,20)]
175	2	1200000	[(25641,120)]	2034000		500000	558000	5520000	42000	[(27904,40)]	2000	[(27066,60)]	1680000	3600000	[(27925,60)]	729600	[(26344,30),(27066,20)]
176	2	1200000	[(25641,120)]	2043960		500000	558000	5520000	42000	[(27904,40)]	2000	[(27066,60)]	1680000	3600000	[(27925,60)]	729600	[(26344,30),(27066,20)]
177	2	1200000	[(25641,120)]	2053980		500000	558000	5520000	42000	[(27904,40)]	2000	[(27066,60)]	1680000	3600000	[(27925,60)]	729600	[(26344,30),(27066,20)]
178	2	1200000	[(25641,120)]	2064000		500000	558000	5520000	42000	[(27904,40)]	2000	[(27066,60)]	1680000	3600000	[(27925,60)]	729600	[(26344,30),(27066,20)]
179	2	1200000	[(25641,120)]	2073960		500000	558000	5520000	42000	[(27904,40)]	2000	[(27066,60)]	1680000	3600000	[(27925,60)]	729600	[(26344,30),(27066,20)]
