jldl	jlxl	jlts	reward
奖励大类(1:A奖励机制，2：B奖励机制)	奖励小类（1：回流大礼，2：三天奖励）	奖励天数	奖励（道具coding，数量）
1	1	1	[(26044,1),(26634,1),(26119,1)]
1	2	1	[(25828,480000),(25829,20),(26266,1),(26033,1)]
1	2	2	[(25828,680000),(25829,30),(26266,1),(26033,1)]
1	2	3	[(25828,880000),(25829,50),(26266,1),(26033,1)]
2	1	1	[(26026,1),(26634,2),(26267,1)]
2	2	1	[(25828,880000),(25829,100),(26044,1),(26119,1)]
2	2	2	[(25828,1880000),(25829,150),(26044,1),(26119,1)]
2	2	3	[(25828,2880000),(25829,200),(26044,1),(26119,1)]
