SceneId	MapId	SceneName	des	showStar	SceneType	isShowExitBtn	fireLimit	AreaSize	IsSaveData	CanSeeOther	IsCross	Effect	EffectPos	HasFog	Dest	AttackType	FlyScale	isStage	WorldIndex	isAutoFindMon	openTeamtower	showStarGirl	showPet
场景ID	地图ID	场景名	策划备注	是否显示评分（0不显示 1显示）	场景类型(2:公共场景， 4：单人副本,5:多人副本)	是否显示退出按钮(0:不显示)	是否可以使用烟花（0否，1是）	区域大小	是否需要保存玩家数据(0 :不保存   1：保存)	是否可以看见其他玩家（0：不可以　　１：可以）	是否是跨服场景	场景特效	特效位置	是否有迷雾  1:有 默认可以不填	可传送到场景(多个场景逗号分开)	1-碰撞战斗，2-点击战斗	飞行缩放率	是否是普通关卡	世界地图索引	是否需要自动寻怪功能	是否可以打开组队爬塔面板	是否显示星灵（0否，1是）	是否显示宠物（0否，1是）
1	2	龙骑神殿			2	0	0	10	1	1					3						0	1	1
2	3	龙骇山			2	0	0	10	1	0					3						0	1	1
3	1	圣辉城			2	0	1	10	1	1					5,7		.5				0	1	1
4	508	圣辉城大教堂			2	0	0	10	1	0					1,3						0	1	1
5	710	梦境之海			2	0	0	10	1	0					3						0	1	1
6	70	军团领地			0	1	0	10	0	1										1	0	1	1
7	10005	魔兽入侵			2	1	0	10	0	1						1				1	0	1	1
8	7005	城主轮值			2	1	0	10000	0	1											0	0	0
9	4038	龙骑神台			2	1	0	10	0	1											0	1	1
10	905	荣耀之战			2	1	0	10	0	1						2					0	1	1
11	6021	梦幻森林	公会副本1		2	1	0	1000	0	1						2					0	1	1
12	6022	圣辉城	公会副本2		2	1	0	1000	0	1						2					0	1	1
13	6023	龙骑神殿	公会副本3		2	1	0	1000	0	1						2					0	1	1
14	6024	精灵大陆	公会副本4		2	1	0	1000	0	1						2					0	1	1
15	7000	梦幻森林	世界地图		2	0	1	10	1	1					16				1		1	1	1
16	7024	圣辉城	世界地图		2	0	1	10	1	1					15,17,30				2		1	1	1
17	7023	龙骑神殿	世界地图		2	0	1	10	1	1					16,18				3		1	1	1
18	7002	精灵大陆	世界地图		2	0	1	10	1	1					17,19				4		1	1	1
19	7003	亡灵圣域	世界地图		2	0	1	10	1	1					18,20				5		1	1	1
20	7000	镜·梦幻森林	世界地图		2	0	1	10	1	1					19,21				6		1	1	1
21	1	镜·圣辉城	世界地图		2	0	1	10	1	1					20,22				7		1	1	1
22	7004	镜·龙骑神殿	世界地图		2	0	1	10	1	1					21,23				8		1	1	1
23	7002	镜·精灵大陆	世界地图		2	0	1	10	1	1					22,24				9		1	1	1
24	7003	镜·亡灵圣域	世界地图		2	0	1	10	1	1					23				10		1	1	1
30	514	术士塔三层			2	0	0	10	1	0					31				2		0	1	1
31	590	术士塔二层			2	0	0	10	1	0					32				2		0	1	1
32	514	术士塔一层			2	0	0	10	1	0					16				2		0	1	1
33	2005	梦幻森林	副本地图	1	4	1	0	10	0	0						1		1		1	0	1	1
34	2004	梦幻森林	副本地图	1	4	1	0	10	0	0						1		1		1	0	1	1
35	6001	圣辉城	副本地图	1	4	1	0	10	0	0						1		1		1	0	1	1
36	7010	圣辉城	副本地图	1	4	1	0	10	0	0						1		1		1	0	1	1
37	7009	龙骑神殿	副本地图	1	4	1	0	10	0	0						1		1		1	0	1	1
38	703	龙骑神殿	副本地图	1	4	1	0	10	0	0						1		1		1	0	1	1
39	1016	精灵大陆	副本地图	1	4	1	0	10	0	0						1		1		1	0	1	1
40	2006	精灵大陆	副本地图	1	4	1	0	10	0	0						1		1		1	0	1	1
41	7007	亡灵大陆	副本地图	1	4	1	0	10	0	0						1		1		1	0	1	1
42	7008	亡灵大陆	副本地图	1	4	1	0	10	0	0						1		1		1	0	1	1
49	509	恶魔深渊	恶魔深渊	1	2	1	0	10	1	0											0	1	1
50	7006	答题	答题场景		2	1	1	1000	0	1											0	1	1
51	2005	梦幻森林	组队副本地图	1	5	1	0	10	0	0						1		1		1	0	1	1
52	2004	梦幻森林	组队副本地图	1	5	1	0	10	0	0						1		1		1	0	1	1
53	6001	圣辉城	组队副本地图	1	5	1	0	10	0	0						1		1		1	0	1	1
54	7010	圣辉城	组队副本地图	1	5	1	0	10	0	0						1		1		1	0	1	1
55	7009	龙骑神殿	组队副本地图	1	5	1	0	10	0	0						1		1		1	0	1	1
56	703	龙骑神殿	组队副本地图	1	5	1	0	10	0	0						1		1		1	0	1	1
57	1016	精灵大陆	组队副本地图	1	5	1	0	10	0	0						1		1		1	0	1	1
58	2006	精灵大陆	组队副本地图	1	5	1	0	10	0	0						1		1		1	0	1	1
59	7007	亡灵大陆	组队副本地图	1	5	1	0	10	0	0						1		1		1	0	1	1
60	7008	亡灵大陆	组队副本地图	1	5	1	0	10	0	0						1		1		1	0	1	1
61	1111	新婚教堂	结婚场景地图		2	1	0	10000	0	1											0	1	1
62	4038	龙骑神台	情缘副本覆盖		2	1	0	10	0	0											0	1	1
63	905	神魔大陆	北美主线部分		2	0	1	10	1	0					15						0	1	1
64	4038	组队准备间	开服BOSS		2	1	0	1000	0	1						2					0	1	1
65	6025	亡灵圣域	公会副本5		2	1	0	1000	0	1						2					0	1	1
66	7011	金币宝藏	许愿池金币副本		4	1	0	1000	0	0						1					0	1	1
67	6026	亡灵大陆	公会副本5		2	1	0	1000	0	1						2					0	1	1
68	6021	镜·梦幻森林	公会副本6		2	1	0	1000	0	1						2					0	1	1
70	2005	镜·梦幻森林	副本地图	1	4	1	0	10	0	0						1		1		1	0	1	1
71	2004	镜·梦幻森林	副本地图	1	4	1	0	10	0	0						1		1		1	0	1	1
72	6001	镜·圣辉城	副本地图	1	4	1	0	10	0	0						1		1		1	0	1	1
73	7010	镜·圣辉城	副本地图	1	4	1	0	10	0	0						1		1		1	0	1	1
74	7009	镜·龙骑神殿	副本地图	1	4	1	0	10	0	0						1		1		1	0	1	1
75	703	镜·龙骑神殿	副本地图	1	4	1	0	10	0	0						1		1		1	0	1	1
76	1016	镜·精灵大陆	副本地图	1	4	1	0	10	0	0						1		1		1	0	1	1
77	2006	镜·精灵大陆	副本地图	1	4	1	0	10	0	0						1		1		1	0	1	1
78	7007	镜·亡灵大陆	副本地图	1	4	1	0	10	0	0						1		1		1	0	1	1
79	7008	镜·亡灵大陆	副本地图	1	4	1	0	10	0	0						1		1		1	0	1	1
80	7022	初级战区-1	野外夺宝地图		2	1	0	6	0	1	1					2				1	0	0	0
81	7022	初级战区-2	野外夺宝地图		2	1	0	6	0	1	1					2				1	0	0	0
82	7022	初级战区-3	野外夺宝地图		2	1	0	6	0	1	1					2				1	0	0	0
83	7022	初级战区-4	野外夺宝地图		2	1	0	6	0	1	1					2				1	0	0	0
84	7022	初级战区-5	野外夺宝地图		2	1	0	6	0	1	1					2				1	0	0	0
85	4038	跨服准备间	跨服准备		2	1	0	6	0	0	1					2					0	1	1
86	7022	初级战区-6	野外夺宝地图		2	1	0	6	0	1	1					2				1	0	0	0
87	7022	初级战区-7	野外夺宝地图		2	1	0	6	0	1	1					2				1	0	0	0
88	7022	初级战区-8	野外夺宝地图		2	1	0	6	0	1	1					2				1	0	0	0
89	7022	初级战区-9	野外夺宝地图		2	1	0	6	0	1	1					2				1	0	0	0
90	7022	初级战区-10	野外夺宝地图		2	1	0	6	0	1	1					2				1	0	0	0
91	7022	初级战区-11	野外夺宝地图		2	1	0	6	0	1	1					2				1	0	0	0
92	7022	初级战区-12	野外夺宝地图		2	1	0	6	0	1	1					2				1	0	0	0
93	7022	初级战区-13	野外夺宝地图		2	1	0	6	0	1	1					2				1	0	0	0
94	7022	初级战区-14	野外夺宝地图		2	1	0	6	0	1	1					2				1	0	0	0
95	7022	初级战区-15	野外夺宝地图		2	1	0	6	0	1	1					2				1	0	0	0
96	7022	初级战区-16	野外夺宝地图		2	1	0	6	0	1	1					2				1	0	0	0
97	7022	初级战区-17	野外夺宝地图		2	1	0	6	0	1	1					2				1	0	0	0
98	7022	初级战区-18	野外夺宝地图		2	1	0	6	0	1	1					2				1	0	0	0
99	7022	初级战区-19	野外夺宝地图		2	1	0	6	0	1	1					2				1	0	0	0
100	7022	初级战区-20	野外夺宝地图		2	1	0	6	0	1	1					2				1	0	0	0
101	7022	初级战区-21	野外夺宝地图		2	1	0	6	0	1	1					2				1	0	0	0
102	7022	中级战区-1	野外夺宝地图		2	1	0	6	0	1	1					2				1	0	0	0
103	7022	中级战区-2	野外夺宝地图		2	1	0	6	0	1	1					2				1	0	0	0
104	7022	中级战区-3	野外夺宝地图		2	1	0	6	0	1	1					2				1	0	0	0
105	7022	中级战区-4	野外夺宝地图		2	1	0	6	0	1	1					2				1	0	0	0
106	7022	中级战区-5	野外夺宝地图		2	1	0	6	0	1	1					2				1	0	0	0
107	7022	中级战区-6	野外夺宝地图		2	1	0	6	0	1	1					2				1	0	0	0
108	7022	中级战区-7	野外夺宝地图		2	1	0	6	0	1	1					2				1	0	0	0
109	7022	中级战区-8	野外夺宝地图		2	1	0	6	0	1	1					2				1	0	0	0
110	7022	中级战区-9	野外夺宝地图		2	1	0	6	0	1	1					2				1	0	0	0
111	7022	中级战区-10	野外夺宝地图		2	1	0	6	0	1	1					2				1	0	0	0
112	7022	中级战区-11	野外夺宝地图		2	1	0	6	0	1	1					2				1	0	0	0
113	7022	中级战区-12	野外夺宝地图		2	1	0	6	0	1	1					2				1	0	0	0
114	7022	中级战区-13	野外夺宝地图		2	1	0	6	0	1	1					2				1	0	0	0
115	7022	中级战区-14	野外夺宝地图		2	1	0	6	0	1	1					2				1	0	0	0
116	7022	中级战区-15	野外夺宝地图		2	1	0	6	0	1	1					2				1	0	0	0
117	7022	中级战区-16	野外夺宝地图		2	1	0	6	0	1	1					2				1	0	0	0
118	7022	中级战区-17	野外夺宝地图		2	1	0	6	0	1	1					2				1	0	0	0
119	7022	中级战区-18	野外夺宝地图		2	1	0	6	0	1	1					2				1	0	0	0
120	7022	中级战区-19	野外夺宝地图		2	1	0	6	0	1	1					2				1	0	0	0
121	7022	中级战区-20	野外夺宝地图		2	1	0	6	0	1	1					2				1	0	0	0
122	7022	高级战区-1	野外夺宝地图		2	1	0	6	0	1	1					2				1	0	0	0
123	7022	高级战区-2	野外夺宝地图		2	1	0	6	0	1	1					2				1	0	0	0
124	7022	高级战区-3	野外夺宝地图		2	1	0	6	0	1	1					2				1	0	0	0
125	7022	高级战区-4	野外夺宝地图		2	1	0	6	0	1	1					2				1	0	0	0
126	7022	高级战区-5	野外夺宝地图		2	1	0	6	0	1	1					2				1	0	0	0
127	7022	高级战区-6	野外夺宝地图		2	1	0	6	0	1	1					2				1	0	0	0
128	7022	高级战区-7	野外夺宝地图		2	1	0	6	0	1	1					2				1	0	0	0
129	7022	高级战区-8	野外夺宝地图		2	1	0	6	0	1	1					2				1	0	0	0
130	7022	高级战区-9	野外夺宝地图		2	1	0	6	0	1	1					2				1	0	0	0
131	7022	高级战区-10	野外夺宝地图		2	1	0	6	0	1	1					2				1	0	0	0
132	7022	高级战区-11	野外夺宝地图		2	1	0	6	0	1	1					2				1	0	0	0
133	7022	高级战区-12	野外夺宝地图		2	1	0	6	0	1	1					2				1	0	0	0
134	7022	高级战区-13	野外夺宝地图		2	1	0	6	0	1	1					2				1	0	0	0
135	7022	高级战区-14	野外夺宝地图		2	1	0	6	0	1	1					2				1	0	0	0
136	7022	高级战区-15	野外夺宝地图		2	1	0	6	0	1	1					2				1	0	0	0
137	7022	高级战区-16	野外夺宝地图		2	1	0	6	0	1	1					2				1	0	0	0
138	7022	高级战区-17	野外夺宝地图		2	1	0	6	0	1	1					2				1	0	0	0
139	7022	高级战区-18	野外夺宝地图		2	1	0	6	0	1	1					2				1	0	0	0
140	7022	高级战区-19	野外夺宝地图		2	1	0	6	0	1	1					2				1	0	0	0
141	7022	高级战区-20	野外夺宝地图		2	1	0	6	0	1	1					2				1	0	0	0
142	7022	顶级战区-1	野外夺宝地图		2	1	0	6	0	1	1					2				1	0	0	0
143	7022	顶级战区-2	野外夺宝地图		2	1	0	6	0	1	1					2				1	0	0	0
144	7022	顶级战区-3	野外夺宝地图		2	1	0	6	0	1	1					2				1	0	0	0
145	7022	顶级战区-4	野外夺宝地图		2	1	0	6	0	1	1					2				1	0	0	0
146	7022	顶级战区-5	野外夺宝地图		2	1	0	6	0	1	1					2				1	0	0	0
147	7022	顶级战区-6	野外夺宝地图		2	1	0	6	0	1	1					2				1	0	0	0
148	7022	顶级战区-7	野外夺宝地图		2	1	0	6	0	1	1					2				1	0	0	0
149	7022	顶级战区-8	野外夺宝地图		2	1	0	6	0	1	1					2				1	0	0	0
150	7022	顶级战区-9	野外夺宝地图		2	1	0	6	0	1	1					2				1	0	0	0
151	7022	顶级战区-10	野外夺宝地图		2	1	0	6	0	1	1					2				1	0	0	0
152	7022	顶级战区-11	野外夺宝地图		2	1	0	6	0	1	1					2				1	0	0	0
153	7022	顶级战区-12	野外夺宝地图		2	1	0	6	0	1	1					2				1	0	0	0
154	7022	顶级战区-13	野外夺宝地图		2	1	0	6	0	1	1					2				1	0	0	0
155	7022	顶级战区-14	野外夺宝地图		2	1	0	6	0	1	1					2				1	0	0	0
156	7022	顶级战区-15	野外夺宝地图		2	1	0	6	0	1	1					2				1	0	0	0
157	7022	顶级战区-16	野外夺宝地图		2	1	0	6	0	1	1					2				1	0	0	0
158	7022	顶级战区-17	野外夺宝地图		2	1	0	6	0	1	1					2				1	0	0	0
159	7022	顶级战区-18	野外夺宝地图		2	1	0	6	0	1	1					2				1	0	0	0
160	7022	顶级战区-19	野外夺宝地图		2	1	0	6	0	1	1					2				1	0	0	0
161	7022	顶级战区-20	野外夺宝地图		2	1	0	6	0	1	1					2				1	0	0	0
162	1010	寂灭之塔1层	组队爬塔地图	1	5	1	0	10	0	0						1		1		1	0	1	1
163	1011	寂灭之塔2层	组队爬塔地图	1	5	1	0	10	0	0						1		1		1	0	1	1
164	1012	寂灭之塔3层	组队爬塔地图	1	5	1	0	10	0	0						1		1		1	0	1	1
165	1010	寂灭之塔4层	组队爬塔地图	1	5	1	0	10	0	0						1		1		1	0	1	1
166	1011	寂灭之塔5层	组队爬塔地图	1	5	1	0	10	0	0						1		1		1	0	1	1
167	1012	寂灭之塔6层	组队爬塔地图	1	5	1	0	10	0	0						1		1		1	0	1	1
168	1010	寂灭之塔7层	组队爬塔地图	1	5	1	0	10	0	0						1		1		1	0	1	1
169	1011	寂灭之塔8层	组队爬塔地图	1	5	1	0	10	0	0						1		1		1	0	1	1
170	1012	寂灭之塔9层	组队爬塔地图	1	5	1	0	10	0	0						1		1		1	0	1	1
171	1010	寂灭之塔10层	组队爬塔地图	1	5	1	0	10	0	0						1		1		1	0	1	1
172	1011	寂灭之塔11层	组队爬塔地图	1	5	1	0	10	0	0						1		1		1	0	1	1
173	1012	寂灭之塔12层	组队爬塔地图	1	5	1	0	10	0	0						1		1		1	0	1	1
174	1010	寂灭之塔13层	组队爬塔地图	1	5	1	0	10	0	0						1		1		1	0	1	1
175	1011	寂灭之塔14层	组队爬塔地图	1	5	1	0	10	0	0						1		1		1	0	1	1
176	1012	寂灭之塔15层	组队爬塔地图	1	5	1	0	10	0	0						1		1		1	0	1	1
177	1010	寂灭之塔16层	组队爬塔地图	1	5	1	0	10	0	0						1		1		1	0	1	1
178	1011	寂灭之塔17层	组队爬塔地图	1	5	1	0	10	0	0						1		1		1	0	1	1
179	1012	寂灭之塔18层	组队爬塔地图	1	5	1	0	10	0	0						1		1		1	0	1	1
180	1010	寂灭之塔19层	组队爬塔地图	1	5	1	0	10	0	0						1		1		1	0	1	1
181	1011	寂灭之塔20层	组队爬塔地图	1	5	1	0	10	0	0						1		1		1	0	1	1
182	1012	寂灭之塔21层	组队爬塔地图	1	5	1	0	10	0	0						1		1		1	0	1	1
183	1010	寂灭之塔22层	组队爬塔地图	1	5	1	0	10	0	0						1		1		1	0	1	1
184	1011	寂灭之塔23层	组队爬塔地图	1	5	1	0	10	0	0						1		1		1	0	1	1
185	1012	寂灭之塔24层	组队爬塔地图	1	5	1	0	10	0	0						1		1		1	0	1	1
186	1010	寂灭之塔25层	组队爬塔地图	1	5	1	0	10	0	0						1		1		1	0	1	1
187	1011	寂灭之塔26层	组队爬塔地图	1	5	1	0	10	0	0						1		1		1	0	1	1
188	1012	寂灭之塔27层	组队爬塔地图	1	5	1	0	10	0	0						1		1		1	0	1	1
189	1010	寂灭之塔28层	组队爬塔地图	1	5	1	0	10	0	0						1		1		1	0	1	1
190	1011	寂灭之塔29层	组队爬塔地图	1	5	1	0	10	0	0						1		1		1	0	1	1
191	1012	寂灭之塔30层	组队爬塔地图	1	5	1	0	10	0	0						1		1		1	0	1	1
192	4038	爬塔准备间	爬塔准备		2	1	0	10	0	0						2					0	1	1
193	999	天空之塔1层	组队爬塔地图	1	5	1	0	10	0	0						1		1		1	0	1	1
194	999	天空之塔2层	组队爬塔地图	1	5	1	0	10	0	0						1		1		1	0	1	1
195	999	天空之塔3层	组队爬塔地图	1	5	1	0	10	0	0						1		1		1	0	1	1
196	999	天空之塔4层	组队爬塔地图	1	5	1	0	10	0	0						1		1		1	0	1	1
197	999	天空之塔5层	组队爬塔地图	1	5	1	0	10	0	0						1		1		1	0	1	1
198	999	天空之塔6层	组队爬塔地图	1	5	1	0	10	0	0						1		1		1	0	1	1
199	999	天空之塔7层	组队爬塔地图	1	5	1	0	10	0	0						1		1		1	0	1	1
200	999	天空之塔8层	组队爬塔地图	1	5	1	0	10	0	0						1		1		1	0	1	1
201	999	天空之塔9层	组队爬塔地图	1	5	1	0	10	0	0						1		1		1	0	1	1
202	999	天空之塔10层	组队爬塔地图	1	5	1	0	10	0	0						1		1		1	0	1	1
203	999	天空之塔11层	组队爬塔地图	1	5	1	0	10	0	0						1		1		1	0	1	1
204	999	天空之塔12层	组队爬塔地图	1	5	1	0	10	0	0						1		1		1	0	1	1
205	999	天空之塔13层	组队爬塔地图	1	5	1	0	10	0	0						1		1		1	0	1	1
206	999	天空之塔14层	组队爬塔地图	1	5	1	0	10	0	0						1		1		1	0	1	1
207	999	天空之塔15层	组队爬塔地图	1	5	1	0	10	0	0						1		1		1	0	1	1
208	999	天空之塔16层	组队爬塔地图	1	5	1	0	10	0	0						1		1		1	0	1	1
209	999	天空之塔17层	组队爬塔地图	1	5	1	0	10	0	0						1		1		1	0	1	1
210	999	天空之塔18层	组队爬塔地图	1	5	1	0	10	0	0						1		1		1	0	1	1
211	999	天空之塔19层	组队爬塔地图	1	5	1	0	10	0	0						1		1		1	0	1	1
212	999	天空之塔20层	组队爬塔地图	1	5	1	0	10	0	0						1		1		1	0	1	1
213	999	天空之塔21层	组队爬塔地图	1	5	1	0	10	0	0						1		1		1	0	1	1
214	999	天空之塔22层	组队爬塔地图	1	5	1	0	10	0	0						1		1		1	0	1	1
215	999	天空之塔23层	组队爬塔地图	1	5	1	0	10	0	0						1		1		1	0	1	1
216	999	天空之塔24层	组队爬塔地图	1	5	1	0	10	0	0						1		1		1	0	1	1
217	999	天空之塔25层	组队爬塔地图	1	5	1	0	10	0	0						1		1		1	0	1	1
218	999	天空之塔26层	组队爬塔地图	1	5	1	0	10	0	0						1		1		1	0	1	1
219	999	天空之塔27层	组队爬塔地图	1	5	1	0	10	0	0						1		1		1	0	1	1
220	999	天空之塔28层	组队爬塔地图	1	5	1	0	10	0	0						1		1		1	0	1	1
221	999	天空之塔29层	组队爬塔地图	1	5	1	0	10	0	0						1		1		1	0	1	1
222	999	天空之塔30层	组队爬塔地图	1	5	1	0	10	0	0						1		1		1	0	1	1
223	1000	失落之塔1层	组队爬塔地图	1	5	1	0	10	0	0						1		1		1	0	1	1
224	1000	失落之塔2层	组队爬塔地图	1	5	1	0	10	0	0						1		1		1	0	1	1
225	1000	失落之塔3层	组队爬塔地图	1	5	1	0	10	0	0						1		1		1	0	1	1
226	1000	失落之塔4层	组队爬塔地图	1	5	1	0	10	0	0						1		1		1	0	1	1
227	1000	失落之塔5层	组队爬塔地图	1	5	1	0	10	0	0						1		1		1	0	1	1
228	1000	失落之塔6层	组队爬塔地图	1	5	1	0	10	0	0						1		1		1	0	1	1
229	1000	失落之塔7层	组队爬塔地图	1	5	1	0	10	0	0						1		1		1	0	1	1
230	1000	失落之塔8层	组队爬塔地图	1	5	1	0	10	0	0						1		1		1	0	1	1
231	1000	失落之塔9层	组队爬塔地图	1	5	1	0	10	0	0						1		1		1	0	1	1
232	1000	失落之塔10层	组队爬塔地图	1	5	1	0	10	0	0						1		1		1	0	1	1
233	1000	失落之塔11层	组队爬塔地图	1	5	1	0	10	0	0						1		1		1	0	1	1
234	1000	失落之塔12层	组队爬塔地图	1	5	1	0	10	0	0						1		1		1	0	1	1
235	1000	失落之塔13层	组队爬塔地图	1	5	1	0	10	0	0						1		1		1	0	1	1
236	1000	失落之塔14层	组队爬塔地图	1	5	1	0	10	0	0						1		1		1	0	1	1
237	1000	失落之塔15层	组队爬塔地图	1	5	1	0	10	0	0						1		1		1	0	1	1
238	1000	失落之塔16层	组队爬塔地图	1	5	1	0	10	0	0						1		1		1	0	1	1
239	1000	失落之塔17层	组队爬塔地图	1	5	1	0	10	0	0						1		1		1	0	1	1
240	1000	失落之塔18层	组队爬塔地图	1	5	1	0	10	0	0						1		1		1	0	1	1
241	1000	失落之塔19层	组队爬塔地图	1	5	1	0	10	0	0						1		1		1	0	1	1
242	1000	失落之塔20层	组队爬塔地图	1	5	1	0	10	0	0						1		1		1	0	1	1
243	1000	失落之塔21层	组队爬塔地图	1	5	1	0	10	0	0						1		1		1	0	1	1
244	1000	失落之塔22层	组队爬塔地图	1	5	1	0	10	0	0						1		1		1	0	1	1
245	1000	失落之塔23层	组队爬塔地图	1	5	1	0	10	0	0						1		1		1	0	1	1
246	1000	失落之塔24层	组队爬塔地图	1	5	1	0	10	0	0						1		1		1	0	1	1
247	1000	失落之塔25层	组队爬塔地图	1	5	1	0	10	0	0						1		1		1	0	1	1
248	1000	失落之塔26层	组队爬塔地图	1	5	1	0	10	0	0						1		1		1	0	1	1
249	1000	失落之塔27层	组队爬塔地图	1	5	1	0	10	0	0						1		1		1	0	1	1
250	1000	失落之塔28层	组队爬塔地图	1	5	1	0	10	0	0						1		1		1	0	1	1
251	1000	失落之塔29层	组队爬塔地图	1	5	1	0	10	0	0						1		1		1	0	1	1
252	1000	失落之塔30层	组队爬塔地图	1	5	1	0	10	0	0						1		1		1	0	1	1
253	1001	梦魇之塔1层	组队爬塔地图	1	5	1	0	10	0	0						1		1		1	0	1	1
254	1001	梦魇之塔2层	组队爬塔地图	1	5	1	0	10	0	0						1		1		1	0	1	1
255	1001	梦魇之塔3层	组队爬塔地图	1	5	1	0	10	0	0						1		1		1	0	1	1
256	1001	梦魇之塔4层	组队爬塔地图	1	5	1	0	10	0	0						1		1		1	0	1	1
257	1001	梦魇之塔5层	组队爬塔地图	1	5	1	0	10	0	0						1		1		1	0	1	1
258	1001	梦魇之塔6层	组队爬塔地图	1	5	1	0	10	0	0						1		1		1	0	1	1
259	1001	梦魇之塔7层	组队爬塔地图	1	5	1	0	10	0	0						1		1		1	0	1	1
260	1001	梦魇之塔8层	组队爬塔地图	1	5	1	0	10	0	0						1		1		1	0	1	1
261	1001	梦魇之塔9层	组队爬塔地图	1	5	1	0	10	0	0						1		1		1	0	1	1
262	1001	梦魇之塔10层	组队爬塔地图	1	5	1	0	10	0	0						1		1		1	0	1	1
263	1001	梦魇之塔11层	组队爬塔地图	1	5	1	0	10	0	0						1		1		1	0	1	1
264	1001	梦魇之塔12层	组队爬塔地图	1	5	1	0	10	0	0						1		1		1	0	1	1
265	1001	梦魇之塔13层	组队爬塔地图	1	5	1	0	10	0	0						1		1		1	0	1	1
266	1001	梦魇之塔14层	组队爬塔地图	1	5	1	0	10	0	0						1		1		1	0	1	1
267	1001	梦魇之塔15层	组队爬塔地图	1	5	1	0	10	0	0						1		1		1	0	1	1
268	1001	梦魇之塔16层	组队爬塔地图	1	5	1	0	10	0	0						1		1		1	0	1	1
269	1001	梦魇之塔17层	组队爬塔地图	1	5	1	0	10	0	0						1		1		1	0	1	1
270	1001	梦魇之塔18层	组队爬塔地图	1	5	1	0	10	0	0						1		1		1	0	1	1
271	1001	梦魇之塔19层	组队爬塔地图	1	5	1	0	10	0	0						1		1		1	0	1	1
272	1001	梦魇之塔20层	组队爬塔地图	1	5	1	0	10	0	0						1		1		1	0	1	1
273	1001	梦魇之塔21层	组队爬塔地图	1	5	1	0	10	0	0						1		1		1	0	1	1
274	1001	梦魇之塔22层	组队爬塔地图	1	5	1	0	10	0	0						1		1		1	0	1	1
275	1001	梦魇之塔23层	组队爬塔地图	1	5	1	0	10	0	0						1		1		1	0	1	1
276	1001	梦魇之塔24层	组队爬塔地图	1	5	1	0	10	0	0						1		1		1	0	1	1
277	1001	梦魇之塔25层	组队爬塔地图	1	5	1	0	10	0	0						1		1		1	0	1	1
278	1001	梦魇之塔26层	组队爬塔地图	1	5	1	0	10	0	0						1		1		1	0	1	1
279	1001	梦魇之塔27层	组队爬塔地图	1	5	1	0	10	0	0						1		1		1	0	1	1
280	1001	梦魇之塔28层	组队爬塔地图	1	5	1	0	10	0	0						1		1		1	0	1	1
281	1001	梦魇之塔29层	组队爬塔地图	1	5	1	0	10	0	0						1		1		1	0	1	1
282	1001	梦魇之塔30层	组队爬塔地图	1	5	1	0	10	0	0						1		1		1	0	1	1
300	7003	天天挂机	天天挂机地图1		2	1	0	10	0	1						1				1	0	1	1
301	7003	天天挂机	天天挂机地图2		2	1	0	10	0	1						1				1	0	1	1
302	7003	天天挂机	天天挂机地图3		2	1	0	10	0	1						1				1	0	1	1
303	7003	天天挂机	天天挂机地图4		2	1	0	10	0	1						1				1	0	1	1
304	7003	天天挂机	天天挂机地图5		2	1	0	10	0	1						1				1	0	1	1
305	7003	天天挂机	天天挂机地图6		2	1	0	10	0	1						1				1	0	1	1
306	7003	天天挂机	天天挂机地图7		2	1	0	10	0	1						1				1	0	1	1
307	7003	天天挂机	天天挂机地图8		2	1	0	10	0	1						1				1	0	1	1
308	7003	天天挂机	天天挂机地图9		2	1	0	10	0	1						1				1	0	1	1
309	7003	天天挂机	天天挂机地图10		2	1	0	10	0	1						1				1	0	1	1
310	7003	天天挂机	天天挂机地图11		2	1	0	10	0	1						1				1	0	1	1
311	7003	天天挂机	天天挂机地图12		2	1	0	10	0	1						1				1	0	1	1
312	7003	天天挂机	天天挂机地图13		2	1	0	10	0	1						1				1	0	1	1
313	7003	天天挂机	天天挂机地图14		2	1	0	10	0	1						1				1	0	1	1
314	7003	天天挂机	天天挂机地图15		2	1	0	10	0	1						1				1	0	1	1
315	553	万圣节宴会	万圣节宴会		2	1	0	10	0	1											0	1	1
316	7013	群魔乱舞1层	混乱时空地图		2	1	0	10	0	1						2				1	0	1	1
317	7013	群魔乱舞2层	混乱时空地图		2	1	0	10	0	1						2				1	0	1	1
318	7013	群魔乱舞3层	混乱时空地图		2	1	0	10	0	1						2				1	0	1	1
319	7013	群魔乱舞4层	混乱时空地图		2	1	0	10	0	1						2				1	0	1	1
320	7013	群魔乱舞5层	混乱时空地图		2	1	0	10	0	1						2				1	0	1	1
321	7013	群魔乱舞6层	混乱时空地图		2	1	0	10	0	1						2				1	0	1	1
322	7013	群魔乱舞7层	混乱时空地图		2	1	0	10	0	1						2				1	0	1	1
323	7013	群魔乱舞8层	混乱时空地图		2	1	0	10	0	1						2				1	0	1	1
324	7013	群魔乱舞9层	混乱时空地图		2	1	0	10	0	1						2				1	0	1	1
325	4038	跨服竞技场准备间	跨服准备		2	1	0	10	0	0	1					2					0	1	1
326	7014	梦幻龙域1层	混乱时空地图		2	1	0	10	0	1						2				1	0	1	1
327	7014	梦幻龙域2层	混乱时空地图		2	1	0	10	0	1						2				1	0	1	1
328	7014	梦幻龙域3层	混乱时空地图		2	1	0	10	0	1						2				1	0	1	1
329	7014	梦幻龙域4层	混乱时空地图		2	1	0	10	0	1						2				1	0	1	1
330	7014	梦幻龙域5层	混乱时空地图		2	1	0	10	0	1						2				1	0	1	1
331	7014	梦幻龙域6层	混乱时空地图		2	1	0	10	0	1						2				1	0	1	1
332	7014	梦幻龙域7层	混乱时空地图		2	1	0	10	0	1						2				1	0	1	1
333	7014	梦幻龙域8层	混乱时空地图		2	1	0	10	0	1						2				1	0	1	1
334	7014	梦幻龙域9层	混乱时空地图		2	1	0	10	0	1						2				1	0	1	1
335	7018	天空竞技场	跨服组队		2	1	1	5	0	1											0	1	1
336	7018	天空竞技场	跨服组队		2	1	1	5	0	1											0	1	1
337	7018	天空竞技场	跨服组队		2	1	1	5	0	1											0	1	1
338	7018	天空竞技场	跨服组队		2	1	1	5	0	1											0	1	1
339	1111	新婚派对	派对场景地图		2	1	0	10000	0	1											0	1	1
340	7003	勇闯龙窟	勇闯龙窟挂机地图1		2	1	0	10	0	1						1				1	0	1	1
341	7003	勇闯龙窟	勇闯龙窟挂机地图2		2	1	0	10	0	1						1				1	0	1	1
342	7003	勇闯龙窟	勇闯龙窟挂机地图3		2	1	0	10	0	1						1				1	0	1	1
343	7003	勇闯龙窟	勇闯龙窟挂机地图4		2	1	0	10	0	1						1				1	0	1	1
344	7003	勇闯龙窟	勇闯龙窟挂机地图5		2	1	0	10	0	1						1				1	0	1	1
345	7003	勇闯龙窟	勇闯龙窟挂机地图6		2	1	0	10	0	1						1				1	0	1	1
346	7003	勇闯龙窟	勇闯龙窟挂机地图7		2	1	0	10	0	1						1				1	0	1	1
347	7003	勇闯龙窟	勇闯龙窟挂机地图8		2	1	0	10	0	1						1				1	0	1	1
348	7003	勇闯龙窟	勇闯龙窟挂机地图9		2	1	0	10	0	1						1				1	0	1	1
349	7003	勇闯龙窟	勇闯龙窟挂机地图10		2	1	0	10	0	1						1				1	0	1	1
350	7003	勇闯龙窟	勇闯龙窟挂机地图11		2	1	0	10	0	1						1				1	0	1	1
351	7003	勇闯龙窟	勇闯龙窟挂机地图12		2	1	0	10	0	1						1				1	0	1	1
352	7003	勇闯龙窟	勇闯龙窟挂机地图13		2	1	0	10	0	1						1				1	0	1	1
353	7003	勇闯龙窟	勇闯龙窟挂机地图14		2	1	0	10	0	1						1				1	0	1	1
354	7003	勇闯龙窟	勇闯龙窟挂机地图15		2	1	0	10	0	1						1				1	0	1	1
355	7018	天空竞技场	跨服争霸		2	1	1	5	0	1											0	1	1
356	7002	勇者试炼场1	挂机地图1		2	1	0	10	0	1						1				1	0	1	1
357	7002	勇者试炼场1	挂机地图1		2	1	0	10	0	1						1				1	0	1	1
358	7002	勇者试炼场1	挂机地图1		2	1	0	10	0	1						1				1	0	1	1
359	7002	勇者试炼场1	挂机地图1		2	1	0	10	0	1						1				1	0	1	1
360	7002	勇者试炼场1	挂机地图1		2	1	0	10	0	1						1				1	0	1	1
361	7002	勇者试炼场1	挂机地图1		2	1	0	10	0	1						1				1	0	1	1
362	7002	勇者试炼场1	挂机地图1		2	1	0	10	0	1						1				1	0	1	1
363	7002	勇者试炼场1	挂机地图1		2	1	0	10	0	1						1				1	0	1	1
364	7003	勇者试炼场2	挂机地图2		2	1	0	10	0	1						1				1	0	1	1
365	7003	勇者试炼场2	挂机地图2		2	1	0	10	0	1						1				1	0	1	1
366	7003	勇者试炼场2	挂机地图2		2	1	0	10	0	1						1				1	0	1	1
367	7003	勇者试炼场2	挂机地图2		2	1	0	10	0	1						1				1	0	1	1
368	7003	勇者试炼场2	挂机地图2		2	1	0	10	0	1						1				1	0	1	1
369	3	勇者试炼场3	挂机地图3		2	1	0	10	0	1						1				1	0	1	1
370	3	勇者试炼场3	挂机地图3		2	1	0	10	0	1						1				1	0	1	1
371	3	勇者试炼场3	挂机地图3		2	1	0	10	0	1						1				1	0	1	1
372	7019	普通公会驻地	公会本服驻地		0	1	1	10	0	1						2				0	0	1	1
373	70	跨服公会驻地	公会跨服驻地		0	1	1	10	0	1						2				0	0	1	1
374	70	神圣公会驻地	公会高级跨服驻地		0	1	1	10	0	1						2				0	0	1	1
375	4038	跨服个人竞技场	跨服个人竞技场		2	1	0	10	0	0						2				0	0	1	1
376	4038	圣域争霸准备间	跨服准备		2	1	0	10	0	0	1					2					0	1	1
401	1002	圣域之塔1层	组队爬塔地图	1	5	1	0	10	0	0						1		1		1	0	1	1
402	1002	圣域之塔2层	组队爬塔地图	1	5	1	0	10	0	0						1		1		1	0	1	1
403	1002	圣域之塔3层	组队爬塔地图	1	5	1	0	10	0	0						1		1		1	0	1	1
404	1002	圣域之塔4层	组队爬塔地图	1	5	1	0	10	0	0						1		1		1	0	1	1
405	1002	圣域之塔5层	组队爬塔地图	1	5	1	0	10	0	0						1		1		1	0	1	1
406	1002	圣域之塔6层	组队爬塔地图	1	5	1	0	10	0	0						1		1		1	0	1	1
407	1002	圣域之塔7层	组队爬塔地图	1	5	1	0	10	0	0						1		1		1	0	1	1
408	1002	圣域之塔8层	组队爬塔地图	1	5	1	0	10	0	0						1		1		1	0	1	1
409	1002	圣域之塔9层	组队爬塔地图	1	5	1	0	10	0	0						1		1		1	0	1	1
410	1002	圣域之塔10层	组队爬塔地图	1	5	1	0	10	0	0						1		1		1	0	1	1
411	1002	圣域之塔11层	组队爬塔地图	1	5	1	0	10	0	0						1		1		1	0	1	1
412	1002	圣域之塔12层	组队爬塔地图	1	5	1	0	10	0	0						1		1		1	0	1	1
413	1002	圣域之塔13层	组队爬塔地图	1	5	1	0	10	0	0						1		1		1	0	1	1
414	1002	圣域之塔14层	组队爬塔地图	1	5	1	0	10	0	0						1		1		1	0	1	1
415	1002	圣域之塔15层	组队爬塔地图	1	5	1	0	10	0	0						1		1		1	0	1	1
416	1002	圣域之塔16层	组队爬塔地图	1	5	1	0	10	0	0						1		1		1	0	1	1
417	1002	圣域之塔17层	组队爬塔地图	1	5	1	0	10	0	0						1		1		1	0	1	1
418	1002	圣域之塔18层	组队爬塔地图	1	5	1	0	10	0	0						1		1		1	0	1	1
419	1002	圣域之塔19层	组队爬塔地图	1	5	1	0	10	0	0						1		1		1	0	1	1
420	1002	圣域之塔20层	组队爬塔地图	1	5	1	0	10	0	0						1		1		1	0	1	1
421	1002	圣域之塔21层	组队爬塔地图	1	5	1	0	10	0	0						1		1		1	0	1	1
422	1002	圣域之塔22层	组队爬塔地图	1	5	1	0	10	0	0						1		1		1	0	1	1
423	1002	圣域之塔23层	组队爬塔地图	1	5	1	0	10	0	0						1		1		1	0	1	1
424	1002	圣域之塔24层	组队爬塔地图	1	5	1	0	10	0	0						1		1		1	0	1	1
425	1002	圣域之塔25层	组队爬塔地图	1	5	1	0	10	0	0						1		1		1	0	1	1
426	1002	圣域之塔26层	组队爬塔地图	1	5	1	0	10	0	0						1		1		1	0	1	1
427	1002	圣域之塔27层	组队爬塔地图	1	5	1	0	10	0	0						1		1		1	0	1	1
428	1002	圣域之塔28层	组队爬塔地图	1	5	1	0	10	0	0						1		1		1	0	1	1
429	1002	圣域之塔29层	组队爬塔地图	1	5	1	0	10	0	0						1		1		1	0	1	1
430	1002	圣域之塔30层	组队爬塔地图	1	5	1	0	10	0	0						1		1		1	0	1	1
431	1002	冥皇之塔1层	组队爬塔地图	1	5	1	0	10	0	0						1		1		1	0	1	1
432	1002	冥皇之塔2层	组队爬塔地图	1	5	1	0	10	0	0						1		1		1	0	1	1
433	1002	冥皇之塔3层	组队爬塔地图	1	5	1	0	10	0	0						1		1		1	0	1	1
434	1002	冥皇之塔4层	组队爬塔地图	1	5	1	0	10	0	0						1		1		1	0	1	1
435	1002	冥皇之塔5层	组队爬塔地图	1	5	1	0	10	0	0						1		1		1	0	1	1
436	1002	冥皇之塔6层	组队爬塔地图	1	5	1	0	10	0	0						1		1		1	0	1	1
437	1002	冥皇之塔7层	组队爬塔地图	1	5	1	0	10	0	0						1		1		1	0	1	1
438	1002	冥皇之塔8层	组队爬塔地图	1	5	1	0	10	0	0						1		1		1	0	1	1
439	1002	冥皇之塔9层	组队爬塔地图	1	5	1	0	10	0	0						1		1		1	0	1	1
440	1002	冥皇之塔10层	组队爬塔地图	1	5	1	0	10	0	0						1		1		1	0	1	1
441	1002	冥皇之塔11层	组队爬塔地图	1	5	1	0	10	0	0						1		1		1	0	1	1
442	1002	冥皇之塔12层	组队爬塔地图	1	5	1	0	10	0	0						1		1		1	0	1	1
443	1002	冥皇之塔13层	组队爬塔地图	1	5	1	0	10	0	0						1		1		1	0	1	1
444	1002	冥皇之塔14层	组队爬塔地图	1	5	1	0	10	0	0						1		1		1	0	1	1
445	1002	冥皇之塔15层	组队爬塔地图	1	5	1	0	10	0	0						1		1		1	0	1	1
446	1002	冥皇之塔16层	组队爬塔地图	1	5	1	0	10	0	0						1		1		1	0	1	1
447	1002	冥皇之塔17层	组队爬塔地图	1	5	1	0	10	0	0						1		1		1	0	1	1
448	1002	冥皇之塔18层	组队爬塔地图	1	5	1	0	10	0	0						1		1		1	0	1	1
449	1002	冥皇之塔19层	组队爬塔地图	1	5	1	0	10	0	0						1		1		1	0	1	1
450	1002	冥皇之塔20层	组队爬塔地图	1	5	1	0	10	0	0						1		1		1	0	1	1
451	1002	冥皇之塔21层	组队爬塔地图	1	5	1	0	10	0	0						1		1		1	0	1	1
452	1002	冥皇之塔22层	组队爬塔地图	1	5	1	0	10	0	0						1		1		1	0	1	1
453	1002	冥皇之塔23层	组队爬塔地图	1	5	1	0	10	0	0						1		1		1	0	1	1
454	1002	冥皇之塔24层	组队爬塔地图	1	5	1	0	10	0	0						1		1		1	0	1	1
455	1002	冥皇之塔25层	组队爬塔地图	1	5	1	0	10	0	0						1		1		1	0	1	1
456	1002	冥皇之塔26层	组队爬塔地图	1	5	1	0	10	0	0						1		1		1	0	1	1
457	1002	冥皇之塔27层	组队爬塔地图	1	5	1	0	10	0	0						1		1		1	0	1	1
458	1002	冥皇之塔28层	组队爬塔地图	1	5	1	0	10	0	0						1		1		1	0	1	1
459	1002	冥皇之塔29层	组队爬塔地图	1	5	1	0	10	0	0						1		1		1	0	1	1
460	1002	冥皇之塔30层	组队爬塔地图	1	5	1	0	10	0	0						1		1		1	0	1	1
500	7024	跨服派对	跨服派对地图		2	1	1	10	0	1	1										0	0	0
501	7024	跨服派对	跨服派对地图		2	1	1	10	0	1	1										0	0	0
502	7024	跨服派对	跨服派对地图		2	1	1	10	0	1	1										0	0	0
503	7024	跨服派对	跨服派对地图		2	1	1	10	0	1	1										0	0	0
504	7024	跨服派对	跨服派对地图		2	1	1	10	0	1	1										0	0	0
520	4038	圣域争霸	圣域争霸		2	1	0	10	0	0	1										0	1	1
521	4038	圣域争霸	圣域争霸		2	1	0	10	0	0	1										0	1	1
522	4038	圣域争霸	圣域争霸		2	1	0	10	0	0	1										0	1	1
523	4038	圣域争霸	圣域争霸		2	1	0	10	0	0	1										0	1	1
524	4038	圣域争霸	圣域争霸		2	1	0	10	0	0	1										0	1	1
525	4038	圣域争霸	圣域争霸		2	1	0	10	0	0	1										0	1	1
526	4038	圣域争霸	圣域争霸		2	1	0	10	0	0	1										0	1	1
527	4038	圣域争霸	圣域争霸		2	1	0	10	0	0	1										0	1	1
528	4038	圣域争霸	圣域争霸		2	1	0	10	0	0	1										0	1	1
529	4038	圣域争霸	圣域争霸		2	1	0	10	0	0	1										0	1	1
530	4038	圣域争霸	圣域争霸		2	1	0	10	0	0	1										0	1	1
531	4038	圣域争霸	圣域争霸		2	1	0	10	0	0	1										0	1	1
532	4038	圣域争霸	圣域争霸		2	1	0	10	0	0	1										0	1	1
533	4038	圣域争霸	圣域争霸		2	1	0	10	0	0	1										0	1	1
534	4038	圣域争霸	圣域争霸		2	1	0	10	0	0	1										0	1	1
544	7022	超级战区-1	野外夺宝地图		2	1	0	6	0	1	1					2				1	0	0	0
545	7022	超级战区-2	野外夺宝地图		2	1	0	6	0	1	1					2				1	0	0	0
546	7022	超级战区-3	野外夺宝地图		2	1	0	6	0	1	1					2				1	0	0	0
547	7022	超级战区-4	野外夺宝地图		2	1	0	6	0	1	1					2				1	0	0	0
548	7022	超级战区-5	野外夺宝地图		2	1	0	6	0	1	1					2				1	0	0	0
549	7022	超级战区-6	野外夺宝地图		2	1	0	6	0	1	1					2				1	0	0	0
550	7022	超级战区-7	野外夺宝地图		2	1	0	6	0	1	1					2				1	0	0	0
551	7022	超级战区-8	野外夺宝地图		2	1	0	6	0	1	1					2				1	0	0	0
552	7022	超级战区-9	野外夺宝地图		2	1	0	6	0	1	1					2				1	0	0	0
553	7022	超级战区-10	野外夺宝地图		2	1	0	6	0	1	1					2				1	0	0	0
554	7022	超级战区-11	野外夺宝地图		2	1	0	6	0	1	1					2				1	0	0	0
555	7022	超级战区-12	野外夺宝地图		2	1	0	6	0	1	1					2				1	0	0	0
556	7022	超级战区-13	野外夺宝地图		2	1	0	6	0	1	1					2				1	0	0	0
557	7022	超级战区-14	野外夺宝地图		2	1	0	6	0	1	1					2				1	0	0	0
558	7022	超级战区-15	野外夺宝地图		2	1	0	6	0	1	1					2				1	0	0	0
559	7022	超级战区-16	野外夺宝地图		2	1	0	6	0	1	1					2				1	0	0	0
560	7022	超级战区-17	野外夺宝地图		2	1	0	6	0	1	1					2				1	0	0	0
561	7022	超级战区-18	野外夺宝地图		2	1	0	6	0	1	1					2				1	0	0	0
562	7022	超级战区-19	野外夺宝地图		2	1	0	6	0	1	1					2				1	0	0	0
563	7022	超级战区-20	野外夺宝地图		2	1	0	6	0	1	1					2				1	0	0	0
564	7016	诸神战场	诸神之战地图		2	1	0	10	0	1						2				0	0	0	0
565	4038	跨服组队竞技场景	跨服组队竞技		2	1	0	10	0	0	1					2				0	0	0	0
600	9005	神界	跨服地图场景		2	1	0	6	0	1	1					2				0	0	0	0
601	9003	虚空幻境1层	虚空幻境地图	1	5	1	0	10	0	0	1					1		1		1	0	1	1
602	9003	虚空幻境2层	虚空幻境地图	1	5	1	0	10	0	0	1					1		1		1	0	1	1
603	9003	虚空幻境3层	虚空幻境地图	1	5	1	0	10	0	0	1					1		1		1	0	1	1
604	9003	虚空幻境4层	虚空幻境地图	1	5	1	0	10	0	0	1					1		1		1	0	1	1
605	9003	虚空幻境5层	虚空幻境地图	1	5	1	0	10	0	0	1					1		1		1	0	1	1
606	9003	虚空幻境6层	虚空幻境地图	1	5	1	0	10	0	0	1					1		1		1	0	1	1
607	9003	虚空幻境7层	虚空幻境地图	1	5	1	0	10	0	0	1					1		1		1	0	1	1
608	9003	虚空幻境8层	虚空幻境地图	1	5	1	0	10	0	0	1					1		1		1	0	1	1
609	9003	虚空幻境9层	虚空幻境地图	1	5	1	0	10	0	0	1					1		1		1	0	1	1
610	9003	虚空幻境10层	虚空幻境地图	1	5	1	0	10	0	0	1					1		1		1	0	1	1
611	9003	虚空幻境11层	虚空幻境地图	1	5	1	0	10	0	0	1					1		1		1	0	1	1
612	9003	虚空幻境12层	虚空幻境地图	1	5	1	0	10	0	0	1					1		1		1	0	1	1
613	9003	虚空幻境13层	虚空幻境地图	1	5	1	0	10	0	0	1					1		1		1	0	1	1
614	9003	虚空幻境14层	虚空幻境地图	1	5	1	0	10	0	0	1					1		1		1	0	1	1
615	9003	虚空幻境15层	虚空幻境地图	1	5	1	0	10	0	0	1					1		1		1	0	1	1
616	9003	虚空幻境16层	虚空幻境地图	1	5	1	0	10	0	0	1					1		1		1	0	1	1
617	9003	虚空幻境17层	虚空幻境地图	1	5	1	0	10	0	0	1					1		1		1	0	1	1
618	9003	虚空幻境18层	虚空幻境地图	1	5	1	0	10	0	0	1					1		1		1	0	1	1
619	9003	虚空幻境19层	虚空幻境地图	1	5	1	0	10	0	0	1					1		1		1	0	1	1
620	9003	虚空幻境20层	虚空幻境地图	1	5	1	0	10	0	0	1					1		1		1	0	1	1
621	9003	虚空幻境21层	虚空幻境地图	1	5	1	0	10	0	0	1					1		1		1	0	1	1
622	9003	虚空幻境22层	虚空幻境地图	1	5	1	0	10	0	0	1					1		1		1	0	1	1
623	9003	虚空幻境23层	虚空幻境地图	1	5	1	0	10	0	0	1					1		1		1	0	1	1
624	9003	虚空幻境24层	虚空幻境地图	1	5	1	0	10	0	0	1					1		1		1	0	1	1
625	9003	虚空幻境25层	虚空幻境地图	1	5	1	0	10	0	0	1					1		1		1	0	1	1
626	9003	虚空幻境26层	虚空幻境地图	1	5	1	0	10	0	0	1					1		1		1	0	1	1
627	9003	虚空幻境27层	虚空幻境地图	1	5	1	0	10	0	0	1					1		1		1	0	1	1
628	9003	虚空幻境28层	虚空幻境地图	1	5	1	0	10	0	0	1					1		1		1	0	1	1
629	9003	虚空幻境29层	虚空幻境地图	1	5	1	0	10	0	0	1					1		1		1	0	1	1
630	9003	虚空幻境30层	虚空幻境地图	1	5	1	0	10	0	0	1					1		1		1	0	1	1
631	9003	虚空幻境31层	虚空幻境地图	1	5	1	0	10	0	0	1					1		1		1	0	1	1
632	9003	虚空幻境32层	虚空幻境地图	1	5	1	0	10	0	0	1					1		1		1	0	1	1
633	9003	虚空幻境33层	虚空幻境地图	1	5	1	0	10	0	0	1					1		1		1	0	1	1
634	9003	虚空幻境34层	虚空幻境地图	1	5	1	0	10	0	0	1					1		1		1	0	1	1
635	9003	虚空幻境35层	虚空幻境地图	1	5	1	0	10	0	0	1					1		1		1	0	1	1
636	9003	虚空幻境36层	虚空幻境地图	1	5	1	0	10	0	0	1					1		1		1	0	1	1
637	9003	虚空幻境37层	虚空幻境地图	1	5	1	0	10	0	0	1					1		1		1	0	1	1
638	9003	虚空幻境38层	虚空幻境地图	1	5	1	0	10	0	0	1					1		1		1	0	1	1
639	9003	虚空幻境39层	虚空幻境地图	1	5	1	0	10	0	0	1					1		1		1	0	1	1
640	9003	虚空幻境40层	虚空幻境地图	1	5	1	0	10	0	0	1					1		1		1	0	1	1
641	9003	虚空幻境41层	虚空幻境地图	1	5	1	0	10	0	0	1					1		1		1	0	1	1
642	9003	虚空幻境42层	虚空幻境地图	1	5	1	0	10	0	0	1					1		1		1	0	1	1
643	9003	虚空幻境43层	虚空幻境地图	1	5	1	0	10	0	0	1					1		1		1	0	1	1
644	9003	虚空幻境44层	虚空幻境地图	1	5	1	0	10	0	0	1					1		1		1	0	1	1
645	9003	虚空幻境45层	虚空幻境地图	1	5	1	0	10	0	0	1					1		1		1	0	1	1
646	9003	虚空幻境46层	虚空幻境地图	1	5	1	0	10	0	0	1					1		1		1	0	1	1
647	9003	虚空幻境47层	虚空幻境地图	1	5	1	0	10	0	0	1					1		1		1	0	1	1
648	9003	虚空幻境48层	虚空幻境地图	1	5	1	0	10	0	0	1					1		1		1	0	1	1
649	9003	虚空幻境49层	虚空幻境地图	1	5	1	0	10	0	0	1					1		1		1	0	1	1
650	9003	虚空幻境50层	虚空幻境地图	1	5	1	0	10	0	0	1					1		1		1	0	1	1
700	9006	迷失之境	迷失之境		5	1	0	10	0	0	1									0	0	0	0
701	4038	跨服争霸赛场景	争霸赛		2	1	0	10	0	0	1					2				0	0	0	0
702	7022	圣级战区-1	野外夺宝地图		2	1	0	6	0	1	1					2				1	0	0	0
703	7022	圣级战区-2	野外夺宝地图		2	1	0	6	0	1	1					2				1	0	0	0
704	7022	圣级战区-3	野外夺宝地图		2	1	0	6	0	1	1					2				1	0	0	0
705	7022	圣级战区-4	野外夺宝地图		2	1	0	6	0	1	1					2				1	0	0	0
706	7022	圣级战区-5	野外夺宝地图		2	1	0	6	0	1	1					2				1	0	0	0
707	7022	圣级战区-6	野外夺宝地图		2	1	0	6	0	1	1					2				1	0	0	0
708	7022	圣级战区-7	野外夺宝地图		2	1	0	6	0	1	1					2				1	0	0	0
709	7022	圣级战区-8	野外夺宝地图		2	1	0	6	0	1	1					2				1	0	0	0
710	7022	圣级战区-9	野外夺宝地图		2	1	0	6	0	1	1					2				1	0	0	0
711	7022	圣级战区-10	野外夺宝地图		2	1	0	6	0	1	1					2				1	0	0	0
712	7022	圣级战区-11	野外夺宝地图		2	1	0	6	0	1	1					2				1	0	0	0
713	7022	圣级战区-12	野外夺宝地图		2	1	0	6	0	1	1					2				1	0	0	0
714	7022	圣级战区-13	野外夺宝地图		2	1	0	6	0	1	1					2				1	0	0	0
715	7022	圣级战区-14	野外夺宝地图		2	1	0	6	0	1	1					2				1	0	0	0
716	7022	圣级战区-15	野外夺宝地图		2	1	0	6	0	1	1					2				1	0	0	0
717	7022	圣级战区-16	野外夺宝地图		2	1	0	6	0	1	1					2				1	0	0	0
718	7022	圣级战区-17	野外夺宝地图		2	1	0	6	0	1	1					2				1	0	0	0
719	7022	圣级战区-18	野外夺宝地图		2	1	0	6	0	1	1					2				1	0	0	0
720	7022	圣级战区-19	野外夺宝地图		2	1	0	6	0	1	1					2				1	0	0	0
721	7022	圣级战区-20	野外夺宝地图		2	1	0	6	0	1	1					2				1	0	0	0
722	7025	神树秘境	日常活动玩法地图		2	1	0	10	0	1	0					2				1	0	1	1
723	10006	魔龙降临			2	1	0	10	0	1	0					2				1	0	1	1
724	9007	高级战区-1	跨服PVP爬塔地图		2	1	0	10	0	1	1					2				0	0	0	0
725	9007	高级战区-2	跨服PVP爬塔地图		2	1	0	10	0	1	1					2				0	0	0	0
726	9007	高级战区-3	跨服PVP爬塔地图		2	1	0	10	0	1	1					2				0	0	0	0
727	9007	高级战区-4	跨服PVP爬塔地图		2	1	0	10	0	1	1					2				0	0	0	0
728	9007	高级战区-5	跨服PVP爬塔地图		2	1	0	10	0	1	1					2				0	0	0	0
729	9007	高级战区-6	跨服PVP爬塔地图		2	1	0	10	0	1	1					2				0	0	0	0
730	9007	高级战区-7	跨服PVP爬塔地图		2	1	0	10	0	1	1					2				0	0	0	0
731	9007	高级战区-8	跨服PVP爬塔地图		2	1	0	10	0	1	1					2				0	0	0	0
732	9007	高级战区-9	跨服PVP爬塔地图		2	1	0	10	0	1	1					2				0	0	0	0
733	9007	高级战区-10	跨服PVP爬塔地图		2	1	0	10	0	1	1					2				0	0	0	0
734	9007	高级战区-1	跨服PVP爬塔地图		2	1	0	10	0	1	1					2				0	0	0	0
735	9007	高级战区-2	跨服PVP爬塔地图		2	1	0	10	0	1	1					2				0	0	0	0
736	9007	高级战区-3	跨服PVP爬塔地图		2	1	0	10	0	1	1					2				0	0	0	0
737	9007	高级战区-4	跨服PVP爬塔地图		2	1	0	10	0	1	1					2				0	0	0	0
738	9007	高级战区-5	跨服PVP爬塔地图		2	1	0	10	0	1	1					2				0	0	0	0
739	9007	高级战区-6	跨服PVP爬塔地图		2	1	0	10	0	1	1					2				0	0	0	0
740	9007	高级战区-7	跨服PVP爬塔地图		2	1	0	10	0	1	1					2				0	0	0	0
741	9007	高级战区-8	跨服PVP爬塔地图		2	1	0	10	0	1	1					2				0	0	0	0
742	9007	高级战区-9	跨服PVP爬塔地图		2	1	0	10	0	1	1					2				0	0	0	0
743	9007	高级战区-10	跨服PVP爬塔地图		2	1	0	10	0	1	1					2				0	0	0	0
744	9007	高级战区-1	跨服PVP爬塔地图		2	1	0	10	0	1	1					2				0	0	0	0
745	9007	高级战区-2	跨服PVP爬塔地图		2	1	0	10	0	1	1					2				0	0	0	0
746	9007	高级战区-3	跨服PVP爬塔地图		2	1	0	10	0	1	1					2				0	0	0	0
747	9007	高级战区-4	跨服PVP爬塔地图		2	1	0	10	0	1	1					2				0	0	0	0
748	9007	高级战区-5	跨服PVP爬塔地图		2	1	0	10	0	1	1					2				0	0	0	0
749	9007	高级战区-6	跨服PVP爬塔地图		2	1	0	10	0	1	1					2				0	0	0	0
750	9007	高级战区-7	跨服PVP爬塔地图		2	1	0	10	0	1	1					2				0	0	0	0
751	9007	高级战区-8	跨服PVP爬塔地图		2	1	0	10	0	1	1					2				0	0	0	0
752	9007	高级战区-9	跨服PVP爬塔地图		2	1	0	10	0	1	1					2				0	0	0	0
753	9007	高级战区-10	跨服PVP爬塔地图		2	1	0	10	0	1	1					2				0	0	0	0
754	9007	高级战区-1	跨服PVP爬塔地图		2	1	0	10	0	1	1					2				0	0	0	0
755	9007	高级战区-2	跨服PVP爬塔地图		2	1	0	10	0	1	1					2				0	0	0	0
756	9007	高级战区-3	跨服PVP爬塔地图		2	1	0	10	0	1	1					2				0	0	0	0
757	9007	高级战区-4	跨服PVP爬塔地图		2	1	0	10	0	1	1					2				0	0	0	0
758	9007	高级战区-5	跨服PVP爬塔地图		2	1	0	10	0	1	1					2				0	0	0	0
759	9007	高级战区-6	跨服PVP爬塔地图		2	1	0	10	0	1	1					2				0	0	0	0
760	9007	高级战区-7	跨服PVP爬塔地图		2	1	0	10	0	1	1					2				0	0	0	0
761	9007	高级战区-8	跨服PVP爬塔地图		2	1	0	10	0	1	1					2				0	0	0	0
762	9007	高级战区-9	跨服PVP爬塔地图		2	1	0	10	0	1	1					2				0	0	0	0
763	9007	高级战区-10	跨服PVP爬塔地图		2	1	0	10	0	1	1					2				0	0	0	0
764	9007	高级战区-1	跨服PVP爬塔地图		2	1	0	10	0	1	1					2				0	0	0	0
765	9007	高级战区-2	跨服PVP爬塔地图		2	1	0	10	0	1	1					2				0	0	0	0
766	9007	高级战区-3	跨服PVP爬塔地图		2	1	0	10	0	1	1					2				0	0	0	0
767	9007	高级战区-4	跨服PVP爬塔地图		2	1	0	10	0	1	1					2				0	0	0	0
768	9007	高级战区-5	跨服PVP爬塔地图		2	1	0	10	0	1	1					2				0	0	0	0
769	9007	高级战区-6	跨服PVP爬塔地图		2	1	0	10	0	1	1					2				0	0	0	0
770	9007	高级战区-7	跨服PVP爬塔地图		2	1	0	10	0	1	1					2				0	0	0	0
771	9007	高级战区-8	跨服PVP爬塔地图		2	1	0	10	0	1	1					2				0	0	0	0
772	9007	高级战区-9	跨服PVP爬塔地图		2	1	0	10	0	1	1					2				0	0	0	0
773	9007	高级战区-10	跨服PVP爬塔地图		2	1	0	10	0	1	1					2				0	0	0	0
774	9007	高级战区-1	跨服PVP爬塔地图		2	1	0	10	0	1	1					2				0	0	0	0
775	9007	高级战区-2	跨服PVP爬塔地图		2	1	0	10	0	1	1					2				0	0	0	0
776	9007	高级战区-3	跨服PVP爬塔地图		2	1	0	10	0	1	1					2				0	0	0	0
777	9007	高级战区-4	跨服PVP爬塔地图		2	1	0	10	0	1	1					2				0	0	0	0
778	9007	高级战区-5	跨服PVP爬塔地图		2	1	0	10	0	1	1					2				0	0	0	0
779	9007	高级战区-6	跨服PVP爬塔地图		2	1	0	10	0	1	1					2				0	0	0	0
780	9007	高级战区-7	跨服PVP爬塔地图		2	1	0	10	0	1	1					2				0	0	0	0
781	9007	高级战区-8	跨服PVP爬塔地图		2	1	0	10	0	1	1					2				0	0	0	0
782	9007	高级战区-9	跨服PVP爬塔地图		2	1	0	10	0	1	1					2				0	0	0	0
783	9007	高级战区-10	跨服PVP爬塔地图		2	1	0	10	0	1	1					2				0	0	0	0
784	9007	高级战区-1	跨服PVP爬塔地图		2	1	0	10	0	1	1					2				0	0	0	0
785	9007	高级战区-2	跨服PVP爬塔地图		2	1	0	10	0	1	1					2				0	0	0	0
786	9007	高级战区-3	跨服PVP爬塔地图		2	1	0	10	0	1	1					2				0	0	0	0
787	9007	高级战区-4	跨服PVP爬塔地图		2	1	0	10	0	1	1					2				0	0	0	0
788	9007	高级战区-5	跨服PVP爬塔地图		2	1	0	10	0	1	1					2				0	0	0	0
789	9007	高级战区-6	跨服PVP爬塔地图		2	1	0	10	0	1	1					2				0	0	0	0
790	9007	高级战区-7	跨服PVP爬塔地图		2	1	0	10	0	1	1					2				0	0	0	0
791	9007	高级战区-8	跨服PVP爬塔地图		2	1	0	10	0	1	1					2				0	0	0	0
792	9007	高级战区-9	跨服PVP爬塔地图		2	1	0	10	0	1	1					2				0	0	0	0
793	9007	高级战区-10	跨服PVP爬塔地图		2	1	0	10	0	1	1					2				0	0	0	0
794	9007	高级战区-1	跨服PVP爬塔地图		2	1	0	10	0	1	1					2				0	0	0	0
795	9007	高级战区-2	跨服PVP爬塔地图		2	1	0	10	0	1	1					2				0	0	0	0
796	9007	高级战区-3	跨服PVP爬塔地图		2	1	0	10	0	1	1					2				0	0	0	0
797	9007	高级战区-4	跨服PVP爬塔地图		2	1	0	10	0	1	1					2				0	0	0	0
798	9007	高级战区-5	跨服PVP爬塔地图		2	1	0	10	0	1	1					2				0	0	0	0
799	9007	高级战区-6	跨服PVP爬塔地图		2	1	0	10	0	1	1					2				0	0	0	0
800	9007	高级战区-7	跨服PVP爬塔地图		2	1	0	10	0	1	1					2				0	0	0	0
801	9007	高级战区-8	跨服PVP爬塔地图		2	1	0	10	0	1	1					2				0	0	0	0
802	9007	高级战区-9	跨服PVP爬塔地图		2	1	0	10	0	1	1					2				0	0	0	0
803	9007	高级战区-10	跨服PVP爬塔地图		2	1	0	10	0	1	1					2				0	0	0	0
804	9007	高级战区-1	跨服PVP爬塔地图		2	1	0	10	0	1	1					2				0	0	0	0
805	9007	高级战区-2	跨服PVP爬塔地图		2	1	0	10	0	1	1					2				0	0	0	0
806	9007	高级战区-3	跨服PVP爬塔地图		2	1	0	10	0	1	1					2				0	0	0	0
807	9007	高级战区-4	跨服PVP爬塔地图		2	1	0	10	0	1	1					2				0	0	0	0
808	9007	高级战区-5	跨服PVP爬塔地图		2	1	0	10	0	1	1					2				0	0	0	0
809	9007	高级战区-6	跨服PVP爬塔地图		2	1	0	10	0	1	1					2				0	0	0	0
810	9007	高级战区-7	跨服PVP爬塔地图		2	1	0	10	0	1	1					2				0	0	0	0
811	9007	高级战区-8	跨服PVP爬塔地图		2	1	0	10	0	1	1					2				0	0	0	0
812	9007	高级战区-9	跨服PVP爬塔地图		2	1	0	10	0	1	1					2				0	0	0	0
813	9007	高级战区-10	跨服PVP爬塔地图		2	1	0	10	0	1	1					2				0	0	0	0
814	9007	高级战区-1	跨服PVP爬塔地图		2	1	0	10	0	1	1					2				0	0	0	0
815	9007	高级战区-2	跨服PVP爬塔地图		2	1	0	10	0	1	1					2				0	0	0	0
816	9007	高级战区-3	跨服PVP爬塔地图		2	1	0	10	0	1	1					2				0	0	0	0
817	9007	高级战区-4	跨服PVP爬塔地图		2	1	0	10	0	1	1					2				0	0	0	0
818	9007	高级战区-5	跨服PVP爬塔地图		2	1	0	10	0	1	1					2				0	0	0	0
819	9007	高级战区-6	跨服PVP爬塔地图		2	1	0	10	0	1	1					2				0	0	0	0
820	9007	高级战区-7	跨服PVP爬塔地图		2	1	0	10	0	1	1					2				0	0	0	0
821	9007	高级战区-8	跨服PVP爬塔地图		2	1	0	10	0	1	1					2				0	0	0	0
822	9007	高级战区-9	跨服PVP爬塔地图		2	1	0	10	0	1	1					2				0	0	0	0
823	9007	高级战区-10	跨服PVP爬塔地图		2	1	0	10	0	1	1					2				0	0	0	0
824	9007	顶级战区-1	跨服PVP爬塔地图		2	1	0	10	0	1	1					2				0	0	0	0
825	9007	顶级战区-2	跨服PVP爬塔地图		2	1	0	10	0	1	1					2				0	0	0	0
826	9007	顶级战区-3	跨服PVP爬塔地图		2	1	0	10	0	1	1					2				0	0	0	0
827	9007	顶级战区-4	跨服PVP爬塔地图		2	1	0	10	0	1	1					2				0	0	0	0
828	9007	顶级战区-5	跨服PVP爬塔地图		2	1	0	10	0	1	1					2				0	0	0	0
829	9007	顶级战区-6	跨服PVP爬塔地图		2	1	0	10	0	1	1					2				0	0	0	0
830	9007	顶级战区-7	跨服PVP爬塔地图		2	1	0	10	0	1	1					2				0	0	0	0
831	9007	顶级战区-8	跨服PVP爬塔地图		2	1	0	10	0	1	1					2				0	0	0	0
832	9007	顶级战区-9	跨服PVP爬塔地图		2	1	0	10	0	1	1					2				0	0	0	0
833	9007	顶级战区-10	跨服PVP爬塔地图		2	1	0	10	0	1	1					2				0	0	0	0
834	9007	顶级战区-1	跨服PVP爬塔地图		2	1	0	10	0	1	1					2				0	0	0	0
835	9007	顶级战区-2	跨服PVP爬塔地图		2	1	0	10	0	1	1					2				0	0	0	0
836	9007	顶级战区-3	跨服PVP爬塔地图		2	1	0	10	0	1	1					2				0	0	0	0
837	9007	顶级战区-4	跨服PVP爬塔地图		2	1	0	10	0	1	1					2				0	0	0	0
838	9007	顶级战区-5	跨服PVP爬塔地图		2	1	0	10	0	1	1					2				0	0	0	0
839	9007	顶级战区-6	跨服PVP爬塔地图		2	1	0	10	0	1	1					2				0	0	0	0
840	9007	顶级战区-7	跨服PVP爬塔地图		2	1	0	10	0	1	1					2				0	0	0	0
841	9007	顶级战区-8	跨服PVP爬塔地图		2	1	0	10	0	1	1					2				0	0	0	0
842	9007	顶级战区-9	跨服PVP爬塔地图		2	1	0	10	0	1	1					2				0	0	0	0
843	9007	顶级战区-10	跨服PVP爬塔地图		2	1	0	10	0	1	1					2				0	0	0	0
844	9007	顶级战区-1	跨服PVP爬塔地图		2	1	0	10	0	1	1					2				0	0	0	0
845	9007	顶级战区-2	跨服PVP爬塔地图		2	1	0	10	0	1	1					2				0	0	0	0
846	9007	顶级战区-3	跨服PVP爬塔地图		2	1	0	10	0	1	1					2				0	0	0	0
847	9007	顶级战区-4	跨服PVP爬塔地图		2	1	0	10	0	1	1					2				0	0	0	0
848	9007	顶级战区-5	跨服PVP爬塔地图		2	1	0	10	0	1	1					2				0	0	0	0
849	9007	顶级战区-6	跨服PVP爬塔地图		2	1	0	10	0	1	1					2				0	0	0	0
850	9007	顶级战区-7	跨服PVP爬塔地图		2	1	0	10	0	1	1					2				0	0	0	0
851	9007	顶级战区-8	跨服PVP爬塔地图		2	1	0	10	0	1	1					2				0	0	0	0
852	9007	顶级战区-9	跨服PVP爬塔地图		2	1	0	10	0	1	1					2				0	0	0	0
853	9007	顶级战区-10	跨服PVP爬塔地图		2	1	0	10	0	1	1					2				0	0	0	0
854	9007	顶级战区-1	跨服PVP爬塔地图		2	1	0	10	0	1	1					2				0	0	0	0
855	9007	顶级战区-2	跨服PVP爬塔地图		2	1	0	10	0	1	1					2				0	0	0	0
856	9007	顶级战区-3	跨服PVP爬塔地图		2	1	0	10	0	1	1					2				0	0	0	0
857	9007	顶级战区-4	跨服PVP爬塔地图		2	1	0	10	0	1	1					2				0	0	0	0
858	9007	顶级战区-5	跨服PVP爬塔地图		2	1	0	10	0	1	1					2				0	0	0	0
859	9007	顶级战区-6	跨服PVP爬塔地图		2	1	0	10	0	1	1					2				0	0	0	0
860	9007	顶级战区-7	跨服PVP爬塔地图		2	1	0	10	0	1	1					2				0	0	0	0
861	9007	顶级战区-8	跨服PVP爬塔地图		2	1	0	10	0	1	1					2				0	0	0	0
862	9007	顶级战区-9	跨服PVP爬塔地图		2	1	0	10	0	1	1					2				0	0	0	0
863	9007	顶级战区-10	跨服PVP爬塔地图		2	1	0	10	0	1	1					2				0	0	0	0
864	9007	顶级战区-1	跨服PVP爬塔地图		2	1	0	10	0	1	1					2				0	0	0	0
865	9007	顶级战区-2	跨服PVP爬塔地图		2	1	0	10	0	1	1					2				0	0	0	0
866	9007	顶级战区-3	跨服PVP爬塔地图		2	1	0	10	0	1	1					2				0	0	0	0
867	9007	顶级战区-4	跨服PVP爬塔地图		2	1	0	10	0	1	1					2				0	0	0	0
868	9007	顶级战区-5	跨服PVP爬塔地图		2	1	0	10	0	1	1					2				0	0	0	0
869	9007	顶级战区-6	跨服PVP爬塔地图		2	1	0	10	0	1	1					2				0	0	0	0
870	9007	顶级战区-7	跨服PVP爬塔地图		2	1	0	10	0	1	1					2				0	0	0	0
871	9007	顶级战区-8	跨服PVP爬塔地图		2	1	0	10	0	1	1					2				0	0	0	0
872	9007	顶级战区-9	跨服PVP爬塔地图		2	1	0	10	0	1	1					2				0	0	0	0
873	9007	顶级战区-10	跨服PVP爬塔地图		2	1	0	10	0	1	1					2				0	0	0	0
874	9007	顶级战区-1	跨服PVP爬塔地图		2	1	0	10	0	1	1					2				0	0	0	0
875	9007	顶级战区-2	跨服PVP爬塔地图		2	1	0	10	0	1	1					2				0	0	0	0
876	9007	顶级战区-3	跨服PVP爬塔地图		2	1	0	10	0	1	1					2				0	0	0	0
877	9007	顶级战区-4	跨服PVP爬塔地图		2	1	0	10	0	1	1					2				0	0	0	0
878	9007	顶级战区-5	跨服PVP爬塔地图		2	1	0	10	0	1	1					2				0	0	0	0
879	9007	顶级战区-6	跨服PVP爬塔地图		2	1	0	10	0	1	1					2				0	0	0	0
880	9007	顶级战区-7	跨服PVP爬塔地图		2	1	0	10	0	1	1					2				0	0	0	0
881	9007	顶级战区-8	跨服PVP爬塔地图		2	1	0	10	0	1	1					2				0	0	0	0
882	9007	顶级战区-9	跨服PVP爬塔地图		2	1	0	10	0	1	1					2				0	0	0	0
883	9007	顶级战区-10	跨服PVP爬塔地图		2	1	0	10	0	1	1					2				0	0	0	0
884	9007	顶级战区-1	跨服PVP爬塔地图		2	1	0	10	0	1	1					2				0	0	0	0
885	9007	顶级战区-2	跨服PVP爬塔地图		2	1	0	10	0	1	1					2				0	0	0	0
886	9007	顶级战区-3	跨服PVP爬塔地图		2	1	0	10	0	1	1					2				0	0	0	0
887	9007	顶级战区-4	跨服PVP爬塔地图		2	1	0	10	0	1	1					2				0	0	0	0
888	9007	顶级战区-5	跨服PVP爬塔地图		2	1	0	10	0	1	1					2				0	0	0	0
889	9007	顶级战区-6	跨服PVP爬塔地图		2	1	0	10	0	1	1					2				0	0	0	0
890	9007	顶级战区-7	跨服PVP爬塔地图		2	1	0	10	0	1	1					2				0	0	0	0
891	9007	顶级战区-8	跨服PVP爬塔地图		2	1	0	10	0	1	1					2				0	0	0	0
892	9007	顶级战区-9	跨服PVP爬塔地图		2	1	0	10	0	1	1					2				0	0	0	0
893	9007	顶级战区-10	跨服PVP爬塔地图		2	1	0	10	0	1	1					2				0	0	0	0
894	9007	顶级战区-1	跨服PVP爬塔地图		2	1	0	10	0	1	1					2				0	0	0	0
895	9007	顶级战区-2	跨服PVP爬塔地图		2	1	0	10	0	1	1					2				0	0	0	0
896	9007	顶级战区-3	跨服PVP爬塔地图		2	1	0	10	0	1	1					2				0	0	0	0
897	9007	顶级战区-4	跨服PVP爬塔地图		2	1	0	10	0	1	1					2				0	0	0	0
898	9007	顶级战区-5	跨服PVP爬塔地图		2	1	0	10	0	1	1					2				0	0	0	0
899	9007	顶级战区-6	跨服PVP爬塔地图		2	1	0	10	0	1	1					2				0	0	0	0
900	9007	顶级战区-7	跨服PVP爬塔地图		2	1	0	10	0	1	1					2				0	0	0	0
901	9007	顶级战区-8	跨服PVP爬塔地图		2	1	0	10	0	1	1					2				0	0	0	0
902	9007	顶级战区-9	跨服PVP爬塔地图		2	1	0	10	0	1	1					2				0	0	0	0
903	9007	顶级战区-10	跨服PVP爬塔地图		2	1	0	10	0	1	1					2				0	0	0	0
904	9007	顶级战区-1	跨服PVP爬塔地图		2	1	0	10	0	1	1					2				0	0	0	0
905	9007	顶级战区-2	跨服PVP爬塔地图		2	1	0	10	0	1	1					2				0	0	0	0
906	9007	顶级战区-3	跨服PVP爬塔地图		2	1	0	10	0	1	1					2				0	0	0	0
907	9007	顶级战区-4	跨服PVP爬塔地图		2	1	0	10	0	1	1					2				0	0	0	0
908	9007	顶级战区-5	跨服PVP爬塔地图		2	1	0	10	0	1	1					2				0	0	0	0
909	9007	顶级战区-6	跨服PVP爬塔地图		2	1	0	10	0	1	1					2				0	0	0	0
910	9007	顶级战区-7	跨服PVP爬塔地图		2	1	0	10	0	1	1					2				0	0	0	0
911	9007	顶级战区-8	跨服PVP爬塔地图		2	1	0	10	0	1	1					2				0	0	0	0
912	9007	顶级战区-9	跨服PVP爬塔地图		2	1	0	10	0	1	1					2				0	0	0	0
913	9007	顶级战区-10	跨服PVP爬塔地图		2	1	0	10	0	1	1					2				0	0	0	0
914	9007	顶级战区-1	跨服PVP爬塔地图		2	1	0	10	0	1	1					2				0	0	0	0
915	9007	顶级战区-2	跨服PVP爬塔地图		2	1	0	10	0	1	1					2				0	0	0	0
916	9007	顶级战区-3	跨服PVP爬塔地图		2	1	0	10	0	1	1					2				0	0	0	0
917	9007	顶级战区-4	跨服PVP爬塔地图		2	1	0	10	0	1	1					2				0	0	0	0
918	9007	顶级战区-5	跨服PVP爬塔地图		2	1	0	10	0	1	1					2				0	0	0	0
919	9007	顶级战区-6	跨服PVP爬塔地图		2	1	0	10	0	1	1					2				0	0	0	0
920	9007	顶级战区-7	跨服PVP爬塔地图		2	1	0	10	0	1	1					2				0	0	0	0
921	9007	顶级战区-8	跨服PVP爬塔地图		2	1	0	10	0	1	1					2				0	0	0	0
922	9007	顶级战区-9	跨服PVP爬塔地图		2	1	0	10	0	1	1					2				0	0	0	0
923	9007	顶级战区-10	跨服PVP爬塔地图		2	1	0	10	0	1	1					2				0	0	0	0
924	9007	超级战区-1	跨服PVP爬塔地图		2	1	0	10	0	1	1					2				0	0	0	0
925	9007	超级战区-2	跨服PVP爬塔地图		2	1	0	10	0	1	1					2				0	0	0	0
926	9007	超级战区-3	跨服PVP爬塔地图		2	1	0	10	0	1	1					2				0	0	0	0
927	9007	超级战区-4	跨服PVP爬塔地图		2	1	0	10	0	1	1					2				0	0	0	0
928	9007	超级战区-5	跨服PVP爬塔地图		2	1	0	10	0	1	1					2				0	0	0	0
929	9007	超级战区-6	跨服PVP爬塔地图		2	1	0	10	0	1	1					2				0	0	0	0
930	9007	超级战区-7	跨服PVP爬塔地图		2	1	0	10	0	1	1					2				0	0	0	0
931	9007	超级战区-8	跨服PVP爬塔地图		2	1	0	10	0	1	1					2				0	0	0	0
932	9007	超级战区-9	跨服PVP爬塔地图		2	1	0	10	0	1	1					2				0	0	0	0
933	9007	超级战区-10	跨服PVP爬塔地图		2	1	0	10	0	1	1					2				0	0	0	0
934	9007	超级战区-1	跨服PVP爬塔地图		2	1	0	10	0	1	1					2				0	0	0	0
935	9007	超级战区-2	跨服PVP爬塔地图		2	1	0	10	0	1	1					2				0	0	0	0
936	9007	超级战区-3	跨服PVP爬塔地图		2	1	0	10	0	1	1					2				0	0	0	0
937	9007	超级战区-4	跨服PVP爬塔地图		2	1	0	10	0	1	1					2				0	0	0	0
938	9007	超级战区-5	跨服PVP爬塔地图		2	1	0	10	0	1	1					2				0	0	0	0
939	9007	超级战区-6	跨服PVP爬塔地图		2	1	0	10	0	1	1					2				0	0	0	0
940	9007	超级战区-7	跨服PVP爬塔地图		2	1	0	10	0	1	1					2				0	0	0	0
941	9007	超级战区-8	跨服PVP爬塔地图		2	1	0	10	0	1	1					2				0	0	0	0
942	9007	超级战区-9	跨服PVP爬塔地图		2	1	0	10	0	1	1					2				0	0	0	0
943	9007	超级战区-10	跨服PVP爬塔地图		2	1	0	10	0	1	1					2				0	0	0	0
944	9007	超级战区-1	跨服PVP爬塔地图		2	1	0	10	0	1	1					2				0	0	0	0
945	9007	超级战区-2	跨服PVP爬塔地图		2	1	0	10	0	1	1					2				0	0	0	0
946	9007	超级战区-3	跨服PVP爬塔地图		2	1	0	10	0	1	1					2				0	0	0	0
947	9007	超级战区-4	跨服PVP爬塔地图		2	1	0	10	0	1	1					2				0	0	0	0
948	9007	超级战区-5	跨服PVP爬塔地图		2	1	0	10	0	1	1					2				0	0	0	0
949	9007	超级战区-6	跨服PVP爬塔地图		2	1	0	10	0	1	1					2				0	0	0	0
950	9007	超级战区-7	跨服PVP爬塔地图		2	1	0	10	0	1	1					2				0	0	0	0
951	9007	超级战区-8	跨服PVP爬塔地图		2	1	0	10	0	1	1					2				0	0	0	0
952	9007	超级战区-9	跨服PVP爬塔地图		2	1	0	10	0	1	1					2				0	0	0	0
953	9007	超级战区-10	跨服PVP爬塔地图		2	1	0	10	0	1	1					2				0	0	0	0
954	9007	超级战区-1	跨服PVP爬塔地图		2	1	0	10	0	1	1					2				0	0	0	0
955	9007	超级战区-2	跨服PVP爬塔地图		2	1	0	10	0	1	1					2				0	0	0	0
956	9007	超级战区-3	跨服PVP爬塔地图		2	1	0	10	0	1	1					2				0	0	0	0
957	9007	超级战区-4	跨服PVP爬塔地图		2	1	0	10	0	1	1					2				0	0	0	0
958	9007	超级战区-5	跨服PVP爬塔地图		2	1	0	10	0	1	1					2				0	0	0	0
959	9007	超级战区-6	跨服PVP爬塔地图		2	1	0	10	0	1	1					2				0	0	0	0
960	9007	超级战区-7	跨服PVP爬塔地图		2	1	0	10	0	1	1					2				0	0	0	0
961	9007	超级战区-8	跨服PVP爬塔地图		2	1	0	10	0	1	1					2				0	0	0	0
962	9007	超级战区-9	跨服PVP爬塔地图		2	1	0	10	0	1	1					2				0	0	0	0
963	9007	超级战区-10	跨服PVP爬塔地图		2	1	0	10	0	1	1					2				0	0	0	0
964	9007	超级战区-1	跨服PVP爬塔地图		2	1	0	10	0	1	1					2				0	0	0	0
965	9007	超级战区-2	跨服PVP爬塔地图		2	1	0	10	0	1	1					2				0	0	0	0
966	9007	超级战区-3	跨服PVP爬塔地图		2	1	0	10	0	1	1					2				0	0	0	0
967	9007	超级战区-4	跨服PVP爬塔地图		2	1	0	10	0	1	1					2				0	0	0	0
968	9007	超级战区-5	跨服PVP爬塔地图		2	1	0	10	0	1	1					2				0	0	0	0
969	9007	超级战区-6	跨服PVP爬塔地图		2	1	0	10	0	1	1					2				0	0	0	0
970	9007	超级战区-7	跨服PVP爬塔地图		2	1	0	10	0	1	1					2				0	0	0	0
971	9007	超级战区-8	跨服PVP爬塔地图		2	1	0	10	0	1	1					2				0	0	0	0
972	9007	超级战区-9	跨服PVP爬塔地图		2	1	0	10	0	1	1					2				0	0	0	0
973	9007	超级战区-10	跨服PVP爬塔地图		2	1	0	10	0	1	1					2				0	0	0	0
974	9007	超级战区-1	跨服PVP爬塔地图		2	1	0	10	0	1	1					2				0	0	0	0
975	9007	超级战区-2	跨服PVP爬塔地图		2	1	0	10	0	1	1					2				0	0	0	0
976	9007	超级战区-3	跨服PVP爬塔地图		2	1	0	10	0	1	1					2				0	0	0	0
977	9007	超级战区-4	跨服PVP爬塔地图		2	1	0	10	0	1	1					2				0	0	0	0
978	9007	超级战区-5	跨服PVP爬塔地图		2	1	0	10	0	1	1					2				0	0	0	0
979	9007	超级战区-6	跨服PVP爬塔地图		2	1	0	10	0	1	1					2				0	0	0	0
980	9007	超级战区-7	跨服PVP爬塔地图		2	1	0	10	0	1	1					2				0	0	0	0
981	9007	超级战区-8	跨服PVP爬塔地图		2	1	0	10	0	1	1					2				0	0	0	0
982	9007	超级战区-9	跨服PVP爬塔地图		2	1	0	10	0	1	1					2				0	0	0	0
983	9007	超级战区-10	跨服PVP爬塔地图		2	1	0	10	0	1	1					2				0	0	0	0
984	9007	超级战区-1	跨服PVP爬塔地图		2	1	0	10	0	1	1					2				0	0	0	0
985	9007	超级战区-2	跨服PVP爬塔地图		2	1	0	10	0	1	1					2				0	0	0	0
986	9007	超级战区-3	跨服PVP爬塔地图		2	1	0	10	0	1	1					2				0	0	0	0
987	9007	超级战区-4	跨服PVP爬塔地图		2	1	0	10	0	1	1					2				0	0	0	0
988	9007	超级战区-5	跨服PVP爬塔地图		2	1	0	10	0	1	1					2				0	0	0	0
989	9007	超级战区-6	跨服PVP爬塔地图		2	1	0	10	0	1	1					2				0	0	0	0
990	9007	超级战区-7	跨服PVP爬塔地图		2	1	0	10	0	1	1					2				0	0	0	0
991	9007	超级战区-8	跨服PVP爬塔地图		2	1	0	10	0	1	1					2				0	0	0	0
992	9007	超级战区-9	跨服PVP爬塔地图		2	1	0	10	0	1	1					2				0	0	0	0
993	9007	超级战区-10	跨服PVP爬塔地图		2	1	0	10	0	1	1					2				0	0	0	0
994	9007	超级战区-1	跨服PVP爬塔地图		2	1	0	10	0	1	1					2				0	0	0	0
995	9007	超级战区-2	跨服PVP爬塔地图		2	1	0	10	0	1	1					2				0	0	0	0
996	9007	超级战区-3	跨服PVP爬塔地图		2	1	0	10	0	1	1					2				0	0	0	0
997	9007	超级战区-4	跨服PVP爬塔地图		2	1	0	10	0	1	1					2				0	0	0	0
998	9007	超级战区-5	跨服PVP爬塔地图		2	1	0	10	0	1	1					2				0	0	0	0
999	9007	超级战区-6	跨服PVP爬塔地图		2	1	0	10	0	1	1					2				0	0	0	0
1000	9007	超级战区-7	跨服PVP爬塔地图		2	1	0	10	0	1	1					2				0	0	0	0
1001	9007	超级战区-8	跨服PVP爬塔地图		2	1	0	10	0	1	1					2				0	0	0	0
1002	9007	超级战区-9	跨服PVP爬塔地图		2	1	0	10	0	1	1					2				0	0	0	0
1003	9007	超级战区-10	跨服PVP爬塔地图		2	1	0	10	0	1	1					2				0	0	0	0
1004	9007	超级战区-1	跨服PVP爬塔地图		2	1	0	10	0	1	1					2				0	0	0	0
1005	9007	超级战区-2	跨服PVP爬塔地图		2	1	0	10	0	1	1					2				0	0	0	0
1006	9007	超级战区-3	跨服PVP爬塔地图		2	1	0	10	0	1	1					2				0	0	0	0
1007	9007	超级战区-4	跨服PVP爬塔地图		2	1	0	10	0	1	1					2				0	0	0	0
1008	9007	超级战区-5	跨服PVP爬塔地图		2	1	0	10	0	1	1					2				0	0	0	0
1009	9007	超级战区-6	跨服PVP爬塔地图		2	1	0	10	0	1	1					2				0	0	0	0
1010	9007	超级战区-7	跨服PVP爬塔地图		2	1	0	10	0	1	1					2				0	0	0	0
1011	9007	超级战区-8	跨服PVP爬塔地图		2	1	0	10	0	1	1					2				0	0	0	0
1012	9007	超级战区-9	跨服PVP爬塔地图		2	1	0	10	0	1	1					2				0	0	0	0
1013	9007	超级战区-10	跨服PVP爬塔地图		2	1	0	10	0	1	1					2				0	0	0	0
1014	9007	超级战区-1	跨服PVP爬塔地图		2	1	0	10	0	1	1					2				0	0	0	0
1015	9007	超级战区-2	跨服PVP爬塔地图		2	1	0	10	0	1	1					2				0	0	0	0
1016	9007	超级战区-3	跨服PVP爬塔地图		2	1	0	10	0	1	1					2				0	0	0	0
1017	9007	超级战区-4	跨服PVP爬塔地图		2	1	0	10	0	1	1					2				0	0	0	0
1018	9007	超级战区-5	跨服PVP爬塔地图		2	1	0	10	0	1	1					2				0	0	0	0
1019	9007	超级战区-6	跨服PVP爬塔地图		2	1	0	10	0	1	1					2				0	0	0	0
1020	9007	超级战区-7	跨服PVP爬塔地图		2	1	0	10	0	1	1					2				0	0	0	0
1021	9007	超级战区-8	跨服PVP爬塔地图		2	1	0	10	0	1	1					2				0	0	0	0
1022	9007	超级战区-9	跨服PVP爬塔地图		2	1	0	10	0	1	1					2				0	0	0	0
1023	9007	超级战区-10	跨服PVP爬塔地图		2	1	0	10	0	1	1					2				0	0	0	0
1024	9008	初级战区-1	跨服战场地图		2	1	0	6	0	1	1					1				0	0	0	0
1025	9008	初级战区-2	跨服战场地图		2	1	0	6	0	1	1					1				0	0	0	0
1026	9008	初级战区-3	跨服战场地图		2	1	0	6	0	1	1					1				0	0	0	0
1027	9008	初级战区-4	跨服战场地图		2	1	0	6	0	1	1					1				0	0	0	0
1028	9008	初级战区-5	跨服战场地图		2	1	0	6	0	1	1					1				0	0	0	0
1029	9008	初级战区-6	跨服战场地图		2	1	0	6	0	1	1					1				0	0	0	0
1030	9008	初级战区-7	跨服战场地图		2	1	0	6	0	1	1					1				0	0	0	0
1031	9008	初级战区-8	跨服战场地图		2	1	0	6	0	1	1					1				0	0	0	0
1032	9008	初级战区-9	跨服战场地图		2	1	0	6	0	1	1					1				0	0	0	0
1033	9008	初级战区-10	跨服战场地图		2	1	0	6	0	1	1					1				0	0	0	0
1034	9008	初级战区-11	跨服战场地图		2	1	0	6	0	1	1					1				0	0	0	0
1035	9008	初级战区-12	跨服战场地图		2	1	0	6	0	1	1					1				0	0	0	0
1036	9008	初级战区-13	跨服战场地图		2	1	0	6	0	1	1					1				0	0	0	0
1037	9008	初级战区-14	跨服战场地图		2	1	0	6	0	1	1					1				0	0	0	0
1038	9008	初级战区-15	跨服战场地图		2	1	0	6	0	1	1					1				0	0	0	0
1039	9008	初级战区-16	跨服战场地图		2	1	0	6	0	1	1					1				0	0	0	0
1040	9008	初级战区-17	跨服战场地图		2	1	0	6	0	1	1					1				0	0	0	0
1041	9008	初级战区-18	跨服战场地图		2	1	0	6	0	1	1					1				0	0	0	0
1042	9008	初级战区-19	跨服战场地图		2	1	0	6	0	1	1					1				0	0	0	0
1043	9008	初级战区-20	跨服战场地图		2	1	0	6	0	1	1					1				0	0	0	0
1044	9008	中级战区-1	跨服战场地图		2	1	0	6	0	1	1					1				0	0	0	0
1045	9008	中级战区-2	跨服战场地图		2	1	0	6	0	1	1					1				0	0	0	0
1046	9008	中级战区-3	跨服战场地图		2	1	0	6	0	1	1					1				0	0	0	0
1047	9008	中级战区-4	跨服战场地图		2	1	0	6	0	1	1					1				0	0	0	0
1048	9008	中级战区-5	跨服战场地图		2	1	0	6	0	1	1					1				0	0	0	0
1049	9008	中级战区-6	跨服战场地图		2	1	0	6	0	1	1					1				0	0	0	0
1050	9008	中级战区-7	跨服战场地图		2	1	0	6	0	1	1					1				0	0	0	0
1051	9008	中级战区-8	跨服战场地图		2	1	0	6	0	1	1					1				0	0	0	0
1052	9008	中级战区-9	跨服战场地图		2	1	0	6	0	1	1					1				0	0	0	0
1053	9008	中级战区-10	跨服战场地图		2	1	0	6	0	1	1					1				0	0	0	0
1054	9008	中级战区-11	跨服战场地图		2	1	0	6	0	1	1					1				0	0	0	0
1055	9008	中级战区-12	跨服战场地图		2	1	0	6	0	1	1					1				0	0	0	0
1056	9008	中级战区-13	跨服战场地图		2	1	0	6	0	1	1					1				0	0	0	0
1057	9008	中级战区-14	跨服战场地图		2	1	0	6	0	1	1					1				0	0	0	0
1058	9008	中级战区-15	跨服战场地图		2	1	0	6	0	1	1					1				0	0	0	0
1059	9008	中级战区-16	跨服战场地图		2	1	0	6	0	1	1					1				0	0	0	0
1060	9008	中级战区-17	跨服战场地图		2	1	0	6	0	1	1					1				0	0	0	0
1061	9008	中级战区-18	跨服战场地图		2	1	0	6	0	1	1					1				0	0	0	0
1062	9008	中级战区-19	跨服战场地图		2	1	0	6	0	1	1					1				0	0	0	0
1063	9008	中级战区-20	跨服战场地图		2	1	0	6	0	1	1					1				0	0	0	0
1064	9008	高级战区-1	跨服战场地图		2	1	0	6	0	1	1					1				0	0	0	0
1065	9008	高级战区-2	跨服战场地图		2	1	0	6	0	1	1					1				0	0	0	0
1066	9008	高级战区-3	跨服战场地图		2	1	0	6	0	1	1					1				0	0	0	0
1067	9008	高级战区-4	跨服战场地图		2	1	0	6	0	1	1					1				0	0	0	0
1068	9008	高级战区-5	跨服战场地图		2	1	0	6	0	1	1					1				0	0	0	0
1069	9008	高级战区-6	跨服战场地图		2	1	0	6	0	1	1					1				0	0	0	0
1070	9008	高级战区-7	跨服战场地图		2	1	0	6	0	1	1					1				0	0	0	0
1071	9008	高级战区-8	跨服战场地图		2	1	0	6	0	1	1					1				0	0	0	0
1072	9008	高级战区-9	跨服战场地图		2	1	0	6	0	1	1					1				0	0	0	0
1073	9008	高级战区-10	跨服战场地图		2	1	0	6	0	1	1					1				0	0	0	0
1074	9008	高级战区-11	跨服战场地图		2	1	0	6	0	1	1					1				0	0	0	0
1075	9008	高级战区-12	跨服战场地图		2	1	0	6	0	1	1					1				0	0	0	0
1076	9008	高级战区-13	跨服战场地图		2	1	0	6	0	1	1					1				0	0	0	0
1077	9008	高级战区-14	跨服战场地图		2	1	0	6	0	1	1					1				0	0	0	0
1078	9008	高级战区-15	跨服战场地图		2	1	0	6	0	1	1					1				0	0	0	0
1079	9008	高级战区-16	跨服战场地图		2	1	0	6	0	1	1					1				0	0	0	0
1080	9008	高级战区-17	跨服战场地图		2	1	0	6	0	1	1					1				0	0	0	0
1081	9008	高级战区-18	跨服战场地图		2	1	0	6	0	1	1					1				0	0	0	0
1082	9008	高级战区-19	跨服战场地图		2	1	0	6	0	1	1					1				0	0	0	0
1083	9008	高级战区-20	跨服战场地图		2	1	0	6	0	1	1					1				0	0	0	0
1084	9008	精锐战区-1	跨服战场地图		2	1	0	6	0	1	1					1				0	0	0	0
1085	9008	精锐战区-2	跨服战场地图		2	1	0	6	0	1	1					1				0	0	0	0
1086	9008	精锐战区-3	跨服战场地图		2	1	0	6	0	1	1					1				0	0	0	0
1087	9008	精锐战区-4	跨服战场地图		2	1	0	6	0	1	1					1				0	0	0	0
1088	9008	精锐战区-5	跨服战场地图		2	1	0	6	0	1	1					1				0	0	0	0
1089	9008	精锐战区-6	跨服战场地图		2	1	0	6	0	1	1					1				0	0	0	0
1090	9008	精锐战区-7	跨服战场地图		2	1	0	6	0	1	1					1				0	0	0	0
1091	9008	精锐战区-8	跨服战场地图		2	1	0	6	0	1	1					1				0	0	0	0
1092	9008	精锐战区-9	跨服战场地图		2	1	0	6	0	1	1					1				0	0	0	0
1093	9008	精锐战区-10	跨服战场地图		2	1	0	6	0	1	1					1				0	0	0	0
1094	9008	精锐战区-11	跨服战场地图		2	1	0	6	0	1	1					1				0	0	0	0
1095	9008	精锐战区-12	跨服战场地图		2	1	0	6	0	1	1					1				0	0	0	0
1096	9008	精锐战区-13	跨服战场地图		2	1	0	6	0	1	1					1				0	0	0	0
1097	9008	精锐战区-14	跨服战场地图		2	1	0	6	0	1	1					1				0	0	0	0
1098	9008	精锐战区-15	跨服战场地图		2	1	0	6	0	1	1					1				0	0	0	0
1099	9008	精锐战区-16	跨服战场地图		2	1	0	6	0	1	1					1				0	0	0	0
1100	9008	精锐战区-17	跨服战场地图		2	1	0	6	0	1	1					1				0	0	0	0
1101	9008	精锐战区-18	跨服战场地图		2	1	0	6	0	1	1					1				0	0	0	0
1102	9008	精锐战区-19	跨服战场地图		2	1	0	6	0	1	1					1				0	0	0	0
1103	9008	精锐战区-20	跨服战场地图		2	1	0	6	0	1	1					1				0	0	0	0
1104	9008	超级战区-1	跨服战场地图		2	1	0	6	0	1	1					1				0	0	0	0
1105	9008	超级战区-2	跨服战场地图		2	1	0	6	0	1	1					1				0	0	0	0
1106	9008	超级战区-3	跨服战场地图		2	1	0	6	0	1	1					1				0	0	0	0
1107	9008	超级战区-4	跨服战场地图		2	1	0	6	0	1	1					1				0	0	0	0
1108	9008	超级战区-5	跨服战场地图		2	1	0	6	0	1	1					1				0	0	0	0
1109	9008	超级战区-6	跨服战场地图		2	1	0	6	0	1	1					1				0	0	0	0
1110	9008	超级战区-7	跨服战场地图		2	1	0	6	0	1	1					1				0	0	0	0
1111	9008	超级战区-8	跨服战场地图		2	1	0	6	0	1	1					1				0	0	0	0
1112	9008	超级战区-9	跨服战场地图		2	1	0	6	0	1	1					1				0	0	0	0
1113	9008	超级战区-10	跨服战场地图		2	1	0	6	0	1	1					1				0	0	0	0
1114	9008	超级战区-11	跨服战场地图		2	1	0	6	0	1	1					1				0	0	0	0
1115	9008	超级战区-12	跨服战场地图		2	1	0	6	0	1	1					1				0	0	0	0
1116	9008	超级战区-13	跨服战场地图		2	1	0	6	0	1	1					1				0	0	0	0
1117	9008	超级战区-14	跨服战场地图		2	1	0	6	0	1	1					1				0	0	0	0
1118	9008	超级战区-15	跨服战场地图		2	1	0	6	0	1	1					1				0	0	0	0
1119	9008	超级战区-16	跨服战场地图		2	1	0	6	0	1	1					1				0	0	0	0
1120	9008	超级战区-17	跨服战场地图		2	1	0	6	0	1	1					1				0	0	0	0
1121	9008	超级战区-18	跨服战场地图		2	1	0	6	0	1	1					1				0	0	0	0
1122	9008	超级战区-19	跨服战场地图		2	1	0	6	0	1	1					1				0	0	0	0
1123	9008	超级战区-20	跨服战场地图		2	1	0	6	0	1	1					1				0	0	0	0
1124	7018	天空竞技场	跨服战场准备间		2	1	1	5	0	1	1					1				0	0	0	0
