qinmiLevel	paiXu	needQinmi	nextLevel	maxLevel	needQinmiGrade	maxhp	defense_m	attack_m	defense_p	attack_p	crit	critpress	parry	puncture	xianshi
亲密等级	升星排序	升级需要亲密度	下一级	最高级	需要亲密品阶	生命	法防	法攻	物防	物攻	暴击	免暴	格挡	破挡	显示属性（客户端用）
0	(0,0,0,0,0)	75	1	500	0	0	0	0	0	0	0	0	0	0	
1	(1,0,0,0,0)	75	2	500	0	90	0	0	0	0	0	0	0	0	maxhp
2	(1,1,0,0,0)	75	3	500	0	90	30	0	0	0	0	0	0	0	defense_m
3	(1,1,1,0,0)	75	4	500	0	90	30	30	0	0	0	0	0	0	attack_m
4	(1,1,1,1,0)	75	5	500	0	90	30	30	30	0	0	0	0	0	defense_p
5	(1,1,1,1,1)	85	6	500	0	90	30	30	30	30	0	0	0	0	attack_p
6	(2,1,1,1,1)	85	7	500	0	180	30	30	30	30	0	0	0	0	maxhp
7	(2,2,1,1,1)	85	8	500	0	180	60	30	30	30	0	0	0	0	defense_m
8	(2,2,2,1,1)	85	9	500	0	180	60	60	30	30	0	0	0	0	attack_m
9	(2,2,2,2,1)	85	10	500	0	180	60	60	60	30	0	0	0	0	defense_p
10	(2,2,2,2,2)	99	11	500	0	180	60	60	60	60	0	0	0	0	attack_p
11	(3,2,2,2,2)	99	12	500	0	270	60	60	60	60	0	0	0	0	maxhp
12	(3,3,2,2,2)	99	13	500	0	270	90	60	60	60	0	0	0	0	defense_m
13	(3,3,3,2,2)	99	14	500	0	270	90	90	60	60	0	0	0	0	attack_m
14	(3,3,3,3,2)	99	15	500	0	270	90	90	90	60	0	0	0	0	defense_p
15	(3,3,3,3,3)	119	16	500	0	270	90	90	90	90	0	0	0	0	attack_p
16	(4,3,3,3,3)	119	17	500	0	360	90	90	90	90	0	0	0	0	maxhp
17	(4,4,3,3,3)	119	18	500	0	360	120	90	90	90	0	0	0	0	defense_m
18	(4,4,4,3,3)	119	19	500	0	360	120	120	90	90	0	0	0	0	attack_m
19	(4,4,4,4,3)	119	20	500	0	360	120	120	120	90	0	0	0	0	defense_p
20	(4,4,4,4,4)	145	21	500	0	360	120	120	120	120	0	0	0	0	attack_p
21	(5,4,4,4,4)	145	22	500	0	450	120	120	120	120	0	0	0	0	maxhp
22	(5,5,4,4,4)	145	23	500	0	450	150	120	120	120	0	0	0	0	defense_m
23	(5,5,5,4,4)	145	24	500	0	450	150	150	120	120	0	0	0	0	attack_m
24	(5,5,5,5,4)	145	25	500	0	450	150	150	150	120	0	0	0	0	defense_p
25	(5,5,5,5,5)	176	26	500	0	450	150	150	150	150	0	0	0	0	attack_p
26	(6,5,5,5,5)	176	27	500	0	540	150	150	150	150	0	0	0	0	maxhp
27	(6,6,5,5,5)	176	28	500	0	540	180	150	150	150	0	0	0	0	defense_m
28	(6,6,6,5,5)	176	29	500	0	540	180	180	150	150	0	0	0	0	attack_m
29	(6,6,6,6,5)	176	30	500	0	540	180	180	180	150	0	0	0	0	defense_p
30	(6,6,6,6,6)	214	31	500	0	540	180	180	180	180	0	0	0	0	attack_p
31	(7,6,6,6,6)	214	32	500	0	630	180	180	180	180	0	0	0	0	maxhp
32	(7,7,6,6,6)	214	33	500	0	630	210	180	180	180	0	0	0	0	defense_m
33	(7,7,7,6,6)	214	34	500	0	630	210	210	180	180	0	0	0	0	attack_m
34	(7,7,7,7,6)	214	35	500	0	630	210	210	210	180	0	0	0	0	defense_p
35	(7,7,7,7,7)	258	36	500	0	630	210	210	210	210	0	0	0	0	attack_p
36	(8,7,7,7,7)	258	37	500	0	720	210	210	210	210	0	0	0	0	maxhp
37	(8,8,7,7,7)	258	38	500	0	720	240	210	210	210	0	0	0	0	defense_m
38	(8,8,8,7,7)	258	39	500	0	720	240	240	210	210	0	0	0	0	attack_m
39	(8,8,8,8,7)	258	40	500	0	720	240	240	240	210	0	0	0	0	defense_p
40	(8,8,8,8,8)	306	41	500	0	720	240	240	240	240	0	0	0	0	attack_p
41	(9,8,8,8,8)	306	42	500	0	810	240	240	240	240	0	0	0	0	maxhp
42	(9,9,8,8,8)	306	43	500	0	810	270	240	240	240	0	0	0	0	defense_m
43	(9,9,9,8,8)	306	44	500	0	810	270	270	240	240	0	0	0	0	attack_m
44	(9,9,9,9,8)	306	45	500	0	810	270	270	270	240	0	0	0	0	defense_p
45	(9,9,9,9,9)	361	46	500	0	810	270	270	270	270	0	0	0	0	attack_p
46	(10,9,9,9,9)	361	47	500	0	900	270	270	270	270	0	0	0	0	maxhp
47	(10,10,9,9,9)	361	48	500	0	900	300	270	270	270	0	0	0	0	defense_m
48	(10,10,10,9,9)	361	49	500	0	900	300	300	270	270	0	0	0	0	attack_m
49	(10,10,10,10,9)	361	50	500	0	900	300	300	300	270	0	0	0	0	defense_p
50	(10,10,10,10,10)	423	51	500	0	900	300	300	300	300	0	0	0	0	attack_p
51	(11,10,10,10,10)	423	52	500	0	990	300	300	300	300	0	0	0	0	maxhp
52	(11,11,10,10,10)	423	53	500	0	990	330	300	300	300	0	0	0	0	defense_m
53	(11,11,11,10,10)	423	54	500	0	990	330	330	300	300	0	0	0	0	attack_m
54	(11,11,11,11,10)	423	55	500	0	990	330	330	330	300	0	0	0	0	defense_p
55	(11,11,11,11,11)	489	56	500	0	990	330	330	330	330	0	0	0	0	attack_p
56	(12,11,11,11,11)	489	57	500	0	1080	330	330	330	330	0	0	0	0	maxhp
57	(12,12,11,11,11)	489	58	500	0	1080	360	330	330	330	0	0	0	0	defense_m
58	(12,12,12,11,11)	489	59	500	0	1080	360	360	330	330	0	0	0	0	attack_m
59	(12,12,12,12,11)	489	60	500	0	1080	360	360	360	330	0	0	0	0	defense_p
60	(12,12,12,12,12)	561	61	500	0	1080	360	360	360	360	0	0	0	0	attack_p
61	(13,12,12,12,12)	561	62	500	0	1170	360	360	360	360	0	0	0	0	maxhp
62	(13,13,12,12,12)	561	63	500	0	1170	390	360	360	360	0	0	0	0	defense_m
63	(13,13,13,12,12)	561	64	500	0	1170	390	390	360	360	0	0	0	0	attack_m
64	(13,13,13,13,12)	561	65	500	0	1170	390	390	390	360	0	0	0	0	defense_p
65	(13,13,13,13,13)	639	66	500	0	1170	390	390	390	390	0	0	0	0	attack_p
66	(14,13,13,13,13)	639	67	500	0	1260	390	390	390	390	0	0	0	0	maxhp
67	(14,14,13,13,13)	639	68	500	0	1260	420	390	390	390	0	0	0	0	defense_m
68	(14,14,14,13,13)	639	69	500	0	1260	420	420	390	390	0	0	0	0	attack_m
69	(14,14,14,14,13)	639	70	500	0	1260	420	420	420	390	0	0	0	0	defense_p
70	(14,14,14,14,14)	724	71	500	0	1260	420	420	420	420	0	0	0	0	attack_p
71	(15,14,14,14,14)	724	72	500	0	1350	420	420	420	420	0	0	0	0	maxhp
72	(15,15,14,14,14)	724	73	500	0	1350	450	420	420	420	0	0	0	0	defense_m
73	(15,15,15,14,14)	724	74	500	0	1350	450	450	420	420	0	0	0	0	attack_m
74	(15,15,15,15,14)	724	75	500	0	1350	450	450	450	420	0	0	0	0	defense_p
75	(15,15,15,15,15)	813	76	500	0	1350	450	450	450	450	0	0	0	0	attack_p
76	(16,15,15,15,15)	813	77	500	0	1440	450	450	450	450	0	0	0	0	maxhp
77	(16,16,15,15,15)	813	78	500	0	1440	480	450	450	450	0	0	0	0	defense_m
78	(16,16,16,15,15)	813	79	500	0	1440	480	480	450	450	0	0	0	0	attack_m
79	(16,16,16,16,15)	813	80	500	0	1440	480	480	480	450	0	0	0	0	defense_p
80	(16,16,16,16,16)	908	81	500	0	1440	480	480	480	480	0	0	0	0	attack_p
81	(17,16,16,16,16)	908	82	500	0	1530	480	480	480	480	0	0	0	0	maxhp
82	(17,17,16,16,16)	908	83	500	0	1530	510	480	480	480	0	0	0	0	defense_m
83	(17,17,17,16,16)	908	84	500	0	1530	510	510	480	480	0	0	0	0	attack_m
84	(17,17,17,17,16)	908	85	500	0	1530	510	510	510	480	0	0	0	0	defense_p
85	(17,17,17,17,17)	1010	86	500	0	1530	510	510	510	510	0	0	0	0	attack_p
86	(18,17,17,17,17)	1010	87	500	0	1620	510	510	510	510	0	0	0	0	maxhp
87	(18,18,17,17,17)	1010	88	500	0	1620	540	510	510	510	0	0	0	0	defense_m
88	(18,18,18,17,17)	1010	89	500	0	1620	540	540	510	510	0	0	0	0	attack_m
89	(18,18,18,18,17)	1010	90	500	0	1620	540	540	540	510	0	0	0	0	defense_p
90	(18,18,18,18,18)	1118	91	500	0	1620	540	540	540	540	0	0	0	0	attack_p
91	(19,18,18,18,18)	1118	92	500	0	1710	540	540	540	540	0	0	0	0	maxhp
92	(19,19,18,18,18)	1118	93	500	0	1710	570	540	540	540	0	0	0	0	defense_m
93	(19,19,19,18,18)	1118	94	500	0	1710	570	570	540	540	0	0	0	0	attack_m
94	(19,19,19,19,18)	1118	95	500	0	1710	570	570	570	540	0	0	0	0	defense_p
95	(19,19,19,19,19)	1230	96	500	0	1710	570	570	570	570	0	0	0	0	attack_p
96	(20,19,19,19,19)	1230	97	500	0	1800	570	570	570	570	0	0	0	0	maxhp
97	(20,20,19,19,19)	1230	98	500	0	1800	600	570	570	570	0	0	0	0	defense_m
98	(20,20,20,19,19)	1230	99	500	0	1800	600	600	570	570	0	0	0	0	attack_m
99	(20,20,20,20,19)	1230	100	500	0	1800	600	600	600	570	0	0	0	0	defense_p
100	(20,20,20,20,20)	1349	101	500	1	1800	600	600	600	600	0	0	0	0	attack_p
101	(21,20,20,20,20)	1349	102	500	1	1980	600	600	600	600	0	0	0	0	maxhp
102	(21,21,20,20,20)	1349	103	500	1	1980	660	600	600	600	0	0	0	0	defense_m
103	(21,21,21,20,20)	1349	104	500	1	1980	660	660	600	600	0	0	0	0	attack_m
104	(21,21,21,21,20)	1349	105	500	1	1980	660	660	660	600	0	0	0	0	defense_p
105	(21,21,21,21,21)	1474	106	500	1	1980	660	660	660	660	0	0	0	0	attack_p
106	(22,21,21,21,21)	1474	107	500	1	2160	660	660	660	660	0	0	0	0	maxhp
107	(22,22,21,21,21)	1474	108	500	1	2160	720	660	660	660	0	0	0	0	defense_m
108	(22,22,22,21,21)	1474	109	500	1	2160	720	720	660	660	0	0	0	0	attack_m
109	(22,22,22,22,21)	1474	110	500	1	2160	720	720	720	660	0	0	0	0	defense_p
110	(22,22,22,22,22)	1604	111	500	1	2160	720	720	720	720	0	0	0	0	attack_p
111	(23,22,22,22,22)	1604	112	500	1	2340	720	720	720	720	0	0	0	0	maxhp
112	(23,23,22,22,22)	1604	113	500	1	2340	780	720	720	720	0	0	0	0	defense_m
113	(23,23,23,22,22)	1604	114	500	1	2340	780	780	720	720	0	0	0	0	attack_m
114	(23,23,23,23,22)	1604	115	500	1	2340	780	780	780	720	0	0	0	0	defense_p
115	(23,23,23,23,23)	1739	116	500	1	2340	780	780	780	780	0	0	0	0	attack_p
116	(24,23,23,23,23)	1739	117	500	1	2520	780	780	780	780	0	0	0	0	maxhp
117	(24,24,23,23,23)	1739	118	500	1	2520	840	780	780	780	0	0	0	0	defense_m
118	(24,24,24,23,23)	1739	119	500	1	2520	840	840	780	780	0	0	0	0	attack_m
119	(24,24,24,24,23)	1739	120	500	1	2520	840	840	840	780	0	0	0	0	defense_p
120	(24,24,24,24,24)	1881	121	500	1	2520	840	840	840	840	0	0	0	0	attack_p
121	(25,24,24,24,24)	1881	122	500	1	2700	840	840	840	840	0	0	0	0	maxhp
122	(25,25,24,24,24)	1881	123	500	1	2700	900	840	840	840	0	0	0	0	defense_m
123	(25,25,25,24,24)	1881	124	500	1	2700	900	900	840	840	0	0	0	0	attack_m
124	(25,25,25,25,24)	1881	125	500	1	2700	900	900	900	840	0	0	0	0	defense_p
125	(25,25,25,25,25)	2029	126	500	1	2700	900	900	900	900	0	0	0	0	attack_p
126	(26,25,25,25,25)	2029	127	500	1	2880	900	900	900	900	0	0	0	0	maxhp
127	(26,26,25,25,25)	2029	128	500	1	2880	960	900	900	900	0	0	0	0	defense_m
128	(26,26,26,25,25)	2029	129	500	1	2880	960	960	900	900	0	0	0	0	attack_m
129	(26,26,26,26,25)	2029	130	500	1	2880	960	960	960	900	0	0	0	0	defense_p
130	(26,26,26,26,26)	2181	131	500	1	2880	960	960	960	960	0	0	0	0	attack_p
131	(27,26,26,26,26)	2181	132	500	1	3060	960	960	960	960	0	0	0	0	maxhp
132	(27,27,26,26,26)	2181	133	500	1	3060	1020	960	960	960	0	0	0	0	defense_m
133	(27,27,27,26,26)	2181	134	500	1	3060	1020	1020	960	960	0	0	0	0	attack_m
134	(27,27,27,27,26)	2181	135	500	1	3060	1020	1020	1020	960	0	0	0	0	defense_p
135	(27,27,27,27,27)	2341	136	500	1	3060	1020	1020	1020	1020	0	0	0	0	attack_p
136	(28,27,27,27,27)	2341	137	500	1	3240	1020	1020	1020	1020	0	0	0	0	maxhp
137	(28,28,27,27,27)	2341	138	500	1	3240	1080	1020	1020	1020	0	0	0	0	defense_m
138	(28,28,28,27,27)	2341	139	500	1	3240	1080	1080	1020	1020	0	0	0	0	attack_m
139	(28,28,28,28,27)	2341	140	500	1	3240	1080	1080	1080	1020	0	0	0	0	defense_p
140	(28,28,28,28,28)	2506	141	500	1	3240	1080	1080	1080	1080	0	0	0	0	attack_p
141	(29,28,28,28,28)	2506	142	500	1	3420	1080	1080	1080	1080	0	0	0	0	maxhp
142	(29,29,28,28,28)	2506	143	500	1	3420	1140	1080	1080	1080	0	0	0	0	defense_m
143	(29,29,29,28,28)	2506	144	500	1	3420	1140	1140	1080	1080	0	0	0	0	attack_m
144	(29,29,29,29,28)	2506	145	500	1	3420	1140	1140	1140	1080	0	0	0	0	defense_p
145	(29,29,29,29,29)	2676	146	500	1	3420	1140	1140	1140	1140	0	0	0	0	attack_p
146	(30,29,29,29,29)	2676	147	500	1	3600	1140	1140	1140	1140	0	0	0	0	maxhp
147	(30,30,29,29,29)	2676	148	500	1	3600	1200	1140	1140	1140	0	0	0	0	defense_m
148	(30,30,30,29,29)	2676	149	500	1	3600	1200	1200	1140	1140	0	0	0	0	attack_m
149	(30,30,30,30,29)	2676	150	500	1	3600	1200	1200	1200	1140	0	0	0	0	defense_p
150	(30,30,30,30,30)	2854	151	500	1	3600	1200	1200	1200	1200	0	0	0	0	attack_p
151	(31,30,30,30,30)	2854	152	500	1	3780	1200	1200	1200	1200	0	0	0	0	maxhp
152	(31,31,30,30,30)	2854	153	500	1	3780	1260	1200	1200	1200	0	0	0	0	defense_m
153	(31,31,31,30,30)	2854	154	500	1	3780	1260	1260	1200	1200	0	0	0	0	attack_m
154	(31,31,31,31,30)	2854	155	500	1	3780	1260	1260	1260	1200	0	0	0	0	defense_p
155	(31,31,31,31,31)	3036	156	500	1	3780	1260	1260	1260	1260	0	0	0	0	attack_p
156	(32,31,31,31,31)	3036	157	500	1	3960	1260	1260	1260	1260	0	0	0	0	maxhp
157	(32,32,31,31,31)	3036	158	500	1	3960	1320	1260	1260	1260	0	0	0	0	defense_m
158	(32,32,32,31,31)	3036	159	500	1	3960	1320	1320	1260	1260	0	0	0	0	attack_m
159	(32,32,32,32,31)	3036	160	500	1	3960	1320	1320	1320	1260	0	0	0	0	defense_p
160	(32,32,32,32,32)	3224	161	500	1	3960	1320	1320	1320	1320	0	0	0	0	attack_p
161	(33,32,32,32,32)	3224	162	500	1	4140	1320	1320	1320	1320	0	0	0	0	maxhp
162	(33,33,32,32,32)	3224	163	500	1	4140	1380	1320	1320	1320	0	0	0	0	defense_m
163	(33,33,33,32,32)	3224	164	500	1	4140	1380	1380	1320	1320	0	0	0	0	attack_m
164	(33,33,33,33,32)	3224	165	500	1	4140	1380	1380	1380	1320	0	0	0	0	defense_p
165	(33,33,33,33,33)	3418	166	500	1	4140	1380	1380	1380	1380	0	0	0	0	attack_p
166	(34,33,33,33,33)	3418	167	500	1	4320	1380	1380	1380	1380	0	0	0	0	maxhp
167	(34,34,33,33,33)	3418	168	500	1	4320	1440	1380	1380	1380	0	0	0	0	defense_m
168	(34,34,34,33,33)	3418	169	500	1	4320	1440	1440	1380	1380	0	0	0	0	attack_m
169	(34,34,34,34,33)	3418	170	500	1	4320	1440	1440	1440	1380	0	0	0	0	defense_p
170	(34,34,34,34,34)	3618	171	500	1	4320	1440	1440	1440	1440	0	0	0	0	attack_p
171	(35,34,34,34,34)	3618	172	500	1	4500	1440	1440	1440	1440	0	0	0	0	maxhp
172	(35,35,34,34,34)	3618	173	500	1	4500	1500	1440	1440	1440	0	0	0	0	defense_m
173	(35,35,35,34,34)	3618	174	500	1	4500	1500	1500	1440	1440	0	0	0	0	attack_m
174	(35,35,35,35,34)	3618	175	500	1	4500	1500	1500	1500	1440	0	0	0	0	defense_p
175	(35,35,35,35,35)	3823	176	500	1	4500	1500	1500	1500	1500	0	0	0	0	attack_p
176	(36,35,35,35,35)	3823	177	500	1	4680	1500	1500	1500	1500	0	0	0	0	maxhp
177	(36,36,35,35,35)	3823	178	500	1	4680	1560	1500	1500	1500	0	0	0	0	defense_m
178	(36,36,36,35,35)	3823	179	500	1	4680	1560	1560	1500	1500	0	0	0	0	attack_m
179	(36,36,36,36,35)	3823	180	500	1	4680	1560	1560	1560	1500	0	0	0	0	defense_p
180	(36,36,36,36,36)	4033	181	500	1	4680	1560	1560	1560	1560	0	0	0	0	attack_p
181	(37,36,36,36,36)	4033	182	500	1	4860	1560	1560	1560	1560	0	0	0	0	maxhp
182	(37,37,36,36,36)	4033	183	500	1	4860	1620	1560	1560	1560	0	0	0	0	defense_m
183	(37,37,37,36,36)	4033	184	500	1	4860	1620	1620	1560	1560	0	0	0	0	attack_m
184	(37,37,37,37,36)	4033	185	500	1	4860	1620	1620	1620	1560	0	0	0	0	defense_p
185	(37,37,37,37,37)	4250	186	500	1	4860	1620	1620	1620	1620	0	0	0	0	attack_p
186	(38,37,37,37,37)	4250	187	500	1	5040	1620	1620	1620	1620	0	0	0	0	maxhp
187	(38,38,37,37,37)	4250	188	500	1	5040	1680	1620	1620	1620	0	0	0	0	defense_m
188	(38,38,38,37,37)	4250	189	500	1	5040	1680	1680	1620	1620	0	0	0	0	attack_m
189	(38,38,38,38,37)	4250	190	500	1	5040	1680	1680	1680	1620	0	0	0	0	defense_p
190	(38,38,38,38,38)	4474	191	500	1	5040	1680	1680	1680	1680	0	0	0	0	attack_p
191	(39,38,38,38,38)	4474	192	500	1	5220	1680	1680	1680	1680	0	0	0	0	maxhp
192	(39,39,38,38,38)	4474	193	500	1	5220	1740	1680	1680	1680	0	0	0	0	defense_m
193	(39,39,39,38,38)	4474	194	500	1	5220	1740	1740	1680	1680	0	0	0	0	attack_m
194	(39,39,39,39,38)	4474	195	500	1	5220	1740	1740	1740	1680	0	0	0	0	defense_p
195	(39,39,39,39,39)	4701	196	500	1	5220	1740	1740	1740	1740	0	0	0	0	attack_p
196	(40,39,39,39,39)	4701	197	500	1	5400	1740	1740	1740	1740	0	0	0	0	maxhp
197	(40,40,39,39,39)	4701	198	500	1	5400	1800	1740	1740	1740	0	0	0	0	defense_m
198	(40,40,40,39,39)	4701	199	500	1	5400	1800	1800	1740	1740	0	0	0	0	attack_m
199	(40,40,40,40,39)	4701	200	500	1	5400	1800	1800	1800	1740	0	0	0	0	defense_p
200	(40,40,40,40,40)	10911	201	500	2	5400	1800	1800	1800	1800	0	0	0	0	attack_p
201	(41,40,40,40,40)	10911	202	500	2	5670	1800	1800	1800	1800	0	0	0	0	maxhp
202	(41,41,40,40,40)	10911	203	500	2	5670	1890	1800	1800	1800	0	0	0	0	defense_m
203	(41,41,41,40,40)	10911	204	500	2	5670	1890	1890	1800	1800	0	0	0	0	attack_m
204	(41,41,41,41,40)	10911	205	500	2	5670	1890	1890	1890	1800	0	0	0	0	defense_p
205	(41,41,41,41,41)	11436	206	500	2	5670	1890	1890	1890	1890	0	0	0	0	attack_p
206	(42,41,41,41,41)	11436	207	500	2	5940	1890	1890	1890	1890	0	0	0	0	maxhp
207	(42,42,41,41,41)	11436	208	500	2	5940	1980	1890	1890	1890	0	0	0	0	defense_m
208	(42,42,42,41,41)	11436	209	500	2	5940	1980	1980	1890	1890	0	0	0	0	attack_m
209	(42,42,42,42,41)	11436	210	500	2	5940	1980	1980	1980	1890	0	0	0	0	defense_p
210	(42,42,42,42,42)	11975	211	500	2	5940	1980	1980	1980	1980	0	0	0	0	attack_p
211	(43,42,42,42,42)	11975	212	500	2	6210	1980	1980	1980	1980	0	0	0	0	maxhp
212	(43,43,42,42,42)	11975	213	500	2	6210	2070	1980	1980	1980	0	0	0	0	defense_m
213	(43,43,43,42,42)	11975	214	500	2	6210	2070	2070	1980	1980	0	0	0	0	attack_m
214	(43,43,43,43,42)	11975	215	500	2	6210	2070	2070	2070	1980	0	0	0	0	defense_p
215	(43,43,43,43,43)	12525	216	500	2	6210	2070	2070	2070	2070	0	0	0	0	attack_p
216	(44,43,43,43,43)	12525	217	500	2	6480	2070	2070	2070	2070	0	0	0	0	maxhp
217	(44,44,43,43,43)	12525	218	500	2	6480	2160	2070	2070	2070	0	0	0	0	defense_m
218	(44,44,44,43,43)	12525	219	500	2	6480	2160	2160	2070	2070	0	0	0	0	attack_m
219	(44,44,44,44,43)	12525	220	500	2	6480	2160	2160	2160	2070	0	0	0	0	defense_p
220	(44,44,44,44,44)	13089	221	500	2	6480	2160	2160	2160	2160	0	0	0	0	attack_p
221	(45,44,44,44,44)	13089	222	500	2	6750	2160	2160	2160	2160	0	0	0	0	maxhp
222	(45,45,44,44,44)	13089	223	500	2	6750	2250	2160	2160	2160	0	0	0	0	defense_m
223	(45,45,45,44,44)	13089	224	500	2	6750	2250	2250	2160	2160	0	0	0	0	attack_m
224	(45,45,45,45,44)	13089	225	500	2	6750	2250	2250	2250	2160	0	0	0	0	defense_p
225	(45,45,45,45,45)	13664	226	500	2	6750	2250	2250	2250	2250	0	0	0	0	attack_p
226	(46,45,45,45,45)	13664	227	500	2	7020	2250	2250	2250	2250	0	0	0	0	maxhp
227	(46,46,45,45,45)	13664	228	500	2	7020	2340	2250	2250	2250	0	0	0	0	defense_m
228	(46,46,46,45,45)	13664	229	500	2	7020	2340	2340	2250	2250	0	0	0	0	attack_m
229	(46,46,46,46,45)	13664	230	500	2	7020	2340	2340	2340	2250	0	0	0	0	defense_p
230	(46,46,46,46,46)	14254	231	500	2	7020	2340	2340	2340	2340	0	0	0	0	attack_p
231	(47,46,46,46,46)	14254	232	500	2	7290	2340	2340	2340	2340	0	0	0	0	maxhp
232	(47,47,46,46,46)	14254	233	500	2	7290	2430	2340	2340	2340	0	0	0	0	defense_m
233	(47,47,47,46,46)	14254	234	500	2	7290	2430	2430	2340	2340	0	0	0	0	attack_m
234	(47,47,47,47,46)	14254	235	500	2	7290	2430	2430	2430	2340	0	0	0	0	defense_p
235	(47,47,47,47,47)	14855	236	500	2	7290	2430	2430	2430	2430	0	0	0	0	attack_p
236	(48,47,47,47,47)	14855	237	500	2	7560	2430	2430	2430	2430	0	0	0	0	maxhp
237	(48,48,47,47,47)	14855	238	500	2	7560	2520	2430	2430	2430	0	0	0	0	defense_m
238	(48,48,48,47,47)	14855	239	500	2	7560	2520	2520	2430	2430	0	0	0	0	attack_m
239	(48,48,48,48,47)	14855	240	500	2	7560	2520	2520	2520	2430	0	0	0	0	defense_p
240	(48,48,48,48,48)	15469	241	500	2	7560	2520	2520	2520	2520	0	0	0	0	attack_p
241	(49,48,48,48,48)	15469	242	500	2	7830	2520	2520	2520	2520	0	0	0	0	maxhp
242	(49,49,48,48,48)	15469	243	500	2	7830	2610	2520	2520	2520	0	0	0	0	defense_m
243	(49,49,49,48,48)	15469	244	500	2	7830	2610	2610	2520	2520	0	0	0	0	attack_m
244	(49,49,49,49,48)	15469	245	500	2	7830	2610	2610	2610	2520	0	0	0	0	defense_p
245	(49,49,49,49,49)	16095	246	500	2	7830	2610	2610	2610	2610	0	0	0	0	attack_p
246	(50,49,49,49,49)	16095	247	500	2	8100	2610	2610	2610	2610	0	0	0	0	maxhp
247	(50,50,49,49,49)	16095	248	500	2	8100	2700	2610	2610	2610	0	0	0	0	defense_m
248	(50,50,50,49,49)	16095	249	500	2	8100	2700	2700	2610	2610	0	0	0	0	attack_m
249	(50,50,50,50,49)	16095	250	500	2	8100	2700	2700	2700	2610	0	0	0	0	defense_p
250	(50,50,50,50,50)	16735	251	500	2	8100	2700	2700	2700	2700	0	0	0	0	attack_p
251	(51,50,50,50,50)	16735	252	500	2	8370	2700	2700	2700	2700	0	0	0	0	maxhp
252	(51,51,50,50,50)	16735	253	500	2	8370	2790	2700	2700	2700	0	0	0	0	defense_m
253	(51,51,51,50,50)	16735	254	500	2	8370	2790	2790	2700	2700	0	0	0	0	attack_m
254	(51,51,51,51,50)	16735	255	500	2	8370	2790	2790	2790	2700	0	0	0	0	defense_p
255	(51,51,51,51,51)	17386	256	500	2	8370	2790	2790	2790	2790	0	0	0	0	attack_p
256	(52,51,51,51,51)	17386	257	500	2	8640	2790	2790	2790	2790	0	0	0	0	maxhp
257	(52,52,51,51,51)	17386	258	500	2	8640	2880	2790	2790	2790	0	0	0	0	defense_m
258	(52,52,52,51,51)	17386	259	500	2	8640	2880	2880	2790	2790	0	0	0	0	attack_m
259	(52,52,52,52,51)	17386	260	500	2	8640	2880	2880	2880	2790	0	0	0	0	defense_p
260	(52,52,52,52,52)	18051	261	500	2	8640	2880	2880	2880	2880	0	0	0	0	attack_p
261	(53,52,52,52,52)	18051	262	500	2	8910	2880	2880	2880	2880	0	0	0	0	maxhp
262	(53,53,52,52,52)	18051	263	500	2	8910	2970	2880	2880	2880	0	0	0	0	defense_m
263	(53,53,53,52,52)	18051	264	500	2	8910	2970	2970	2880	2880	0	0	0	0	attack_m
264	(53,53,53,53,52)	18051	265	500	2	8910	2970	2970	2970	2880	0	0	0	0	defense_p
265	(53,53,53,53,53)	18729	266	500	2	8910	2970	2970	2970	2970	0	0	0	0	attack_p
266	(54,53,53,53,53)	18729	267	500	2	9180	2970	2970	2970	2970	0	0	0	0	maxhp
267	(54,54,53,53,53)	18729	268	500	2	9180	3060	2970	2970	2970	0	0	0	0	defense_m
268	(54,54,54,53,53)	18729	269	500	2	9180	3060	3060	2970	2970	0	0	0	0	attack_m
269	(54,54,54,54,53)	18729	270	500	2	9180	3060	3060	3060	2970	0	0	0	0	defense_p
270	(54,54,54,54,54)	19419	271	500	2	9180	3060	3060	3060	3060	0	0	0	0	attack_p
271	(55,54,54,54,54)	19419	272	500	2	9450	3060	3060	3060	3060	0	0	0	0	maxhp
272	(55,55,54,54,54)	19419	273	500	2	9450	3150	3060	3060	3060	0	0	0	0	defense_m
273	(55,55,55,54,54)	19419	274	500	2	9450	3150	3150	3060	3060	0	0	0	0	attack_m
274	(55,55,55,55,54)	19419	275	500	2	9450	3150	3150	3150	3060	0	0	0	0	defense_p
275	(55,55,55,55,55)	20120	276	500	2	9450	3150	3150	3150	3150	0	0	0	0	attack_p
276	(56,55,55,55,55)	20120	277	500	2	9720	3150	3150	3150	3150	0	0	0	0	maxhp
277	(56,56,55,55,55)	20120	278	500	2	9720	3240	3150	3150	3150	0	0	0	0	defense_m
278	(56,56,56,55,55)	20120	279	500	2	9720	3240	3240	3150	3150	0	0	0	0	attack_m
279	(56,56,56,56,55)	20120	280	500	2	9720	3240	3240	3240	3150	0	0	0	0	defense_p
280	(56,56,56,56,56)	20836	281	500	2	9720	3240	3240	3240	3240	0	0	0	0	attack_p
281	(57,56,56,56,56)	20836	282	500	2	9990	3240	3240	3240	3240	0	0	0	0	maxhp
282	(57,57,56,56,56)	20836	283	500	2	9990	3330	3240	3240	3240	0	0	0	0	defense_m
283	(57,57,57,56,56)	20836	284	500	2	9990	3330	3330	3240	3240	0	0	0	0	attack_m
284	(57,57,57,57,56)	20836	285	500	2	9990	3330	3330	3330	3240	0	0	0	0	defense_p
285	(57,57,57,57,57)	21564	286	500	2	9990	3330	3330	3330	3330	0	0	0	0	attack_p
286	(58,57,57,57,57)	21564	287	500	2	10260	3330	3330	3330	3330	0	0	0	0	maxhp
287	(58,58,57,57,57)	21564	288	500	2	10260	3420	3330	3330	3330	0	0	0	0	defense_m
288	(58,58,58,57,57)	21564	289	500	2	10260	3420	3420	3330	3330	0	0	0	0	attack_m
289	(58,58,58,58,57)	21564	290	500	2	10260	3420	3420	3420	3330	0	0	0	0	defense_p
290	(58,58,58,58,58)	22305	291	500	2	10260	3420	3420	3420	3420	0	0	0	0	attack_p
291	(59,58,58,58,58)	22305	292	500	2	10530	3420	3420	3420	3420	0	0	0	0	maxhp
292	(59,59,58,58,58)	22305	293	500	2	10530	3510	3420	3420	3420	0	0	0	0	defense_m
293	(59,59,59,58,58)	22305	294	500	2	10530	3510	3510	3420	3420	0	0	0	0	attack_m
294	(59,59,59,59,58)	22305	295	500	2	10530	3510	3510	3510	3420	0	0	0	0	defense_p
295	(59,59,59,59,59)	23058	296	500	2	10530	3510	3510	3510	3510	0	0	0	0	attack_p
296	(60,59,59,59,59)	23058	297	500	2	10800	3510	3510	3510	3510	0	0	0	0	maxhp
297	(60,60,59,59,59)	23058	298	500	2	10800	3600	3510	3510	3510	0	0	0	0	defense_m
298	(60,60,60,59,59)	23058	299	500	2	10800	3600	3600	3510	3510	0	0	0	0	attack_m
299	(60,60,60,60,59)	23058	300	500	2	10800	3600	3600	3600	3510	0	0	0	0	defense_p
300	(60,60,60,60,60)	28589	301	500	3	10800	3600	3600	3600	3600	0	0	0	0	attack_p
301	(61,60,60,60,60)	28589	302	500	3	11160	3600	3600	3600	3600	0	0	0	0	maxhp
302	(61,61,60,60,60)	28589	303	500	3	11160	3720	3600	3600	3600	0	0	0	0	defense_m
303	(61,61,61,60,60)	28589	304	500	3	11160	3720	3720	3600	3600	0	0	0	0	attack_m
304	(61,61,61,61,60)	28589	305	500	3	11160	3720	3720	3720	3600	0	0	0	0	defense_p
305	(61,61,61,61,61)	29523	306	500	3	11160	3720	3720	3720	3720	0	0	0	0	attack_p
306	(62,61,61,61,61)	29523	307	500	3	11520	3720	3720	3720	3720	0	0	0	0	maxhp
307	(62,62,61,61,61)	29523	308	500	3	11520	3840	3720	3720	3720	0	0	0	0	defense_m
308	(62,62,62,61,61)	29523	309	500	3	11520	3840	3840	3720	3720	0	0	0	0	attack_m
309	(62,62,62,62,61)	29523	310	500	3	11520	3840	3840	3840	3720	0	0	0	0	defense_p
310	(62,62,62,62,62)	30473	311	500	3	11520	3840	3840	3840	3840	0	0	0	0	attack_p
311	(63,62,62,62,62)	30473	312	500	3	11880	3840	3840	3840	3840	0	0	0	0	maxhp
312	(63,63,62,62,62)	30473	313	500	3	11880	3960	3840	3840	3840	0	0	0	0	defense_m
313	(63,63,63,62,62)	30473	314	500	3	11880	3960	3960	3840	3840	0	0	0	0	attack_m
314	(63,63,63,63,62)	30473	315	500	3	11880	3960	3960	3960	3840	0	0	0	0	defense_p
315	(63,63,63,63,63)	31436	316	500	3	11880	3960	3960	3960	3960	0	0	0	0	attack_p
316	(64,63,63,63,63)	31436	317	500	3	12240	3960	3960	3960	3960	0	0	0	0	maxhp
317	(64,64,63,63,63)	31436	318	500	3	12240	4080	3960	3960	3960	0	0	0	0	defense_m
318	(64,64,64,63,63)	31436	319	500	3	12240	4080	4080	3960	3960	0	0	0	0	attack_m
319	(64,64,64,64,63)	31436	320	500	3	12240	4080	4080	4080	3960	0	0	0	0	defense_p
320	(64,64,64,64,64)	32418	321	500	3	12240	4080	4080	4080	4080	0	0	0	0	attack_p
321	(65,64,64,64,64)	32418	322	500	3	12600	4080	4080	4080	4080	0	0	0	0	maxhp
322	(65,65,64,64,64)	32418	323	500	3	12600	4200	4080	4080	4080	0	0	0	0	defense_m
323	(65,65,65,64,64)	32418	324	500	3	12600	4200	4200	4080	4080	0	0	0	0	attack_m
324	(65,65,65,65,64)	32418	325	500	3	12600	4200	4200	4200	4080	0	0	0	0	defense_p
325	(65,65,65,65,65)	33411	326	500	3	12600	4200	4200	4200	4200	0	0	0	0	attack_p
326	(66,65,65,65,65)	33411	327	500	3	12960	4200	4200	4200	4200	0	0	0	0	maxhp
327	(66,66,65,65,65)	33411	328	500	3	12960	4320	4200	4200	4200	0	0	0	0	defense_m
328	(66,66,66,65,65)	33411	329	500	3	12960	4320	4320	4200	4200	0	0	0	0	attack_m
329	(66,66,66,66,65)	33411	330	500	3	12960	4320	4320	4320	4200	0	0	0	0	defense_p
330	(66,66,66,66,66)	34423	331	500	3	12960	4320	4320	4320	4320	0	0	0	0	attack_p
331	(67,66,66,66,66)	34423	332	500	3	13320	4320	4320	4320	4320	0	0	0	0	maxhp
332	(67,67,66,66,66)	34423	333	500	3	13320	4440	4320	4320	4320	0	0	0	0	defense_m
333	(67,67,67,66,66)	34423	334	500	3	13320	4440	4440	4320	4320	0	0	0	0	attack_m
334	(67,67,67,67,66)	34423	335	500	3	13320	4440	4440	4440	4320	0	0	0	0	defense_p
335	(67,67,67,67,67)	35448	336	500	3	13320	4440	4440	4440	4440	0	0	0	0	attack_p
336	(68,67,67,67,67)	35448	337	500	3	13680	4440	4440	4440	4440	0	0	0	0	maxhp
337	(68,68,67,67,67)	35448	338	500	3	13680	4560	4440	4440	4440	0	0	0	0	defense_m
338	(68,68,68,67,67)	35448	339	500	3	13680	4560	4560	4440	4440	0	0	0	0	attack_m
339	(68,68,68,68,67)	35448	340	500	3	13680	4560	4560	4560	4440	0	0	0	0	defense_p
340	(68,68,68,68,68)	36488	341	500	3	13680	4560	4560	4560	4560	0	0	0	0	attack_p
341	(69,68,68,68,68)	36488	342	500	3	14040	4560	4560	4560	4560	0	0	0	0	maxhp
342	(69,69,68,68,68)	36488	343	500	3	14040	4680	4560	4560	4560	0	0	0	0	defense_m
343	(69,69,69,68,68)	36488	344	500	3	14040	4680	4680	4560	4560	0	0	0	0	attack_m
344	(69,69,69,69,68)	36488	345	500	3	14040	4680	4680	4680	4560	0	0	0	0	defense_p
345	(69,69,69,69,69)	37544	346	500	3	14040	4680	4680	4680	4680	0	0	0	0	attack_p
346	(70,69,69,69,69)	37544	347	500	3	14400	4680	4680	4680	4680	0	0	0	0	maxhp
347	(70,70,69,69,69)	37544	348	500	3	14400	4800	4680	4680	4680	0	0	0	0	defense_m
348	(70,70,70,69,69)	37544	349	500	3	14400	4800	4800	4680	4680	0	0	0	0	attack_m
349	(70,70,70,70,69)	37544	350	500	3	14400	4800	4800	4800	4680	0	0	0	0	defense_p
350	(70,70,70,70,70)	38614	351	500	3	14400	4800	4800	4800	4800	0	0	0	0	attack_p
351	(71,70,70,70,70)	38614	352	500	3	14760	4800	4800	4800	4800	0	0	0	0	maxhp
352	(71,71,70,70,70)	38614	353	500	3	14760	4920	4800	4800	4800	0	0	0	0	defense_m
353	(71,71,71,70,70)	38614	354	500	3	14760	4920	4920	4800	4800	0	0	0	0	attack_m
354	(71,71,71,71,70)	38614	355	500	3	14760	4920	4920	4920	4800	0	0	0	0	defense_p
355	(71,71,71,71,71)	39700	356	500	3	14760	4920	4920	4920	4920	0	0	0	0	attack_p
356	(72,71,71,71,71)	39700	357	500	3	15120	4920	4920	4920	4920	0	0	0	0	maxhp
357	(72,72,71,71,71)	39700	358	500	3	15120	5040	4920	4920	4920	0	0	0	0	defense_m
358	(72,72,72,71,71)	39700	359	500	3	15120	5040	5040	4920	4920	0	0	0	0	attack_m
359	(72,72,72,72,71)	39700	360	500	3	15120	5040	5040	5040	4920	0	0	0	0	defense_p
360	(72,72,72,72,72)	40801	361	500	3	15120	5040	5040	5040	5040	0	0	0	0	attack_p
361	(73,72,72,72,72)	40801	362	500	3	15480	5040	5040	5040	5040	0	0	0	0	maxhp
362	(73,73,72,72,72)	40801	363	500	3	15480	5160	5040	5040	5040	0	0	0	0	defense_m
363	(73,73,73,72,72)	40801	364	500	3	15480	5160	5160	5040	5040	0	0	0	0	attack_m
364	(73,73,73,73,72)	40801	365	500	3	15480	5160	5160	5160	5040	0	0	0	0	defense_p
365	(73,73,73,73,73)	41919	366	500	3	15480	5160	5160	5160	5160	0	0	0	0	attack_p
366	(74,73,73,73,73)	41919	367	500	3	15840	5160	5160	5160	5160	0	0	0	0	maxhp
367	(74,74,73,73,73)	41919	368	500	3	15840	5280	5160	5160	5160	0	0	0	0	defense_m
368	(74,74,74,73,73)	41919	369	500	3	15840	5280	5280	5160	5160	0	0	0	0	attack_m
369	(74,74,74,74,73)	41919	370	500	3	15840	5280	5280	5280	5160	0	0	0	0	defense_p
370	(74,74,74,74,74)	43050	371	500	3	15840	5280	5280	5280	5280	0	0	0	0	attack_p
371	(75,74,74,74,74)	43050	372	500	3	16200	5280	5280	5280	5280	0	0	0	0	maxhp
372	(75,75,74,74,74)	43050	373	500	3	16200	5400	5280	5280	5280	0	0	0	0	defense_m
373	(75,75,75,74,74)	43050	374	500	3	16200	5400	5400	5280	5280	0	0	0	0	attack_m
374	(75,75,75,75,74)	43050	375	500	3	16200	5400	5400	5400	5280	0	0	0	0	defense_p
375	(75,75,75,75,75)	44198	376	500	3	16200	5400	5400	5400	5400	0	0	0	0	attack_p
376	(76,75,75,75,75)	44198	377	500	3	16560	5400	5400	5400	5400	0	0	0	0	maxhp
377	(76,76,75,75,75)	44198	378	500	3	16560	5520	5400	5400	5400	0	0	0	0	defense_m
378	(76,76,76,75,75)	44198	379	500	3	16560	5520	5520	5400	5400	0	0	0	0	attack_m
379	(76,76,76,76,75)	44198	380	500	3	16560	5520	5520	5520	5400	0	0	0	0	defense_p
380	(76,76,76,76,76)	45360	381	500	3	16560	5520	5520	5520	5520	0	0	0	0	attack_p
381	(77,76,76,76,76)	45360	382	500	3	16920	5520	5520	5520	5520	0	0	0	0	maxhp
382	(77,77,76,76,76)	45360	383	500	3	16920	5640	5520	5520	5520	0	0	0	0	defense_m
383	(77,77,77,76,76)	45360	384	500	3	16920	5640	5640	5520	5520	0	0	0	0	attack_m
384	(77,77,77,77,76)	45360	385	500	3	16920	5640	5640	5640	5520	0	0	0	0	defense_p
385	(77,77,77,77,77)	46536	386	500	3	16920	5640	5640	5640	5640	0	0	0	0	attack_p
386	(78,77,77,77,77)	46536	387	500	3	17280	5640	5640	5640	5640	0	0	0	0	maxhp
387	(78,78,77,77,77)	46536	388	500	3	17280	5760	5640	5640	5640	0	0	0	0	defense_m
388	(78,78,78,77,77)	46536	389	500	3	17280	5760	5760	5640	5640	0	0	0	0	attack_m
389	(78,78,78,78,77)	46536	390	500	3	17280	5760	5760	5760	5640	0	0	0	0	defense_p
390	(78,78,78,78,78)	47730	391	500	3	17280	5760	5760	5760	5760	0	0	0	0	attack_p
391	(79,78,78,78,78)	47730	392	500	3	17640	5760	5760	5760	5760	0	0	0	0	maxhp
392	(79,79,78,78,78)	47730	393	500	3	17640	5880	5760	5760	5760	0	0	0	0	defense_m
393	(79,79,79,78,78)	47730	394	500	3	17640	5880	5880	5760	5760	0	0	0	0	attack_m
394	(79,79,79,79,78)	47730	395	500	3	17640	5880	5880	5880	5760	0	0	0	0	defense_p
395	(79,79,79,79,79)	48936	396	500	3	17640	5880	5880	5880	5880	0	0	0	0	attack_p
396	(80,79,79,79,79)	48936	397	500	3	18000	5880	5880	5880	5880	0	0	0	0	maxhp
397	(80,80,79,79,79)	48936	398	500	3	18000	6000	5880	5880	5880	0	0	0	0	defense_m
398	(80,80,80,79,79)	48936	399	500	3	18000	6000	6000	5880	5880	0	0	0	0	attack_m
399	(80,80,80,80,79)	48936	400	500	3	18000	6000	6000	6000	5880	0	0	0	0	defense_p
400	(80,80,80,80,80)	58519	401	500	4	18000	6000	6000	6000	6000	0	0	0	0	attack_p
401	(81,80,80,80,80)	58519	402	500	4	18450	6000	6000	6000	6000	0	0	0	0	maxhp
402	(81,81,80,80,80)	58519	403	500	4	18450	6150	6000	6000	6000	0	0	0	0	defense_m
403	(81,81,81,80,80)	58519	404	500	4	18450	6150	6150	6000	6000	0	0	0	0	attack_m
404	(81,81,81,81,80)	58519	405	500	4	18450	6150	6150	6150	6000	0	0	0	0	defense_p
405	(81,81,81,81,81)	59964	406	500	4	18450	6150	6150	6150	6150	0	0	0	0	attack_p
406	(82,81,81,81,81)	59964	407	500	4	18900	6150	6150	6150	6150	0	0	0	0	maxhp
407	(82,82,81,81,81)	59964	408	500	4	18900	6300	6150	6150	6150	0	0	0	0	defense_m
408	(82,82,82,81,81)	59964	409	500	4	18900	6300	6300	6150	6150	0	0	0	0	attack_m
409	(82,82,82,82,81)	59964	410	500	4	18900	6300	6300	6300	6150	0	0	0	0	defense_p
410	(82,82,82,82,82)	61426	411	500	4	18900	6300	6300	6300	6300	0	0	0	0	attack_p
411	(83,82,82,82,82)	61426	412	500	4	19350	6300	6300	6300	6300	0	0	0	0	maxhp
412	(83,83,82,82,82)	61426	413	500	4	19350	6450	6300	6300	6300	0	0	0	0	defense_m
413	(83,83,83,82,82)	61426	414	500	4	19350	6450	6450	6300	6300	0	0	0	0	attack_m
414	(83,83,83,83,82)	61426	415	500	4	19350	6450	6450	6450	6300	0	0	0	0	defense_p
415	(83,83,83,83,83)	62906	416	500	4	19350	6450	6450	6450	6450	0	0	0	0	attack_p
416	(84,83,83,83,83)	62906	417	500	4	19800	6450	6450	6450	6450	0	0	0	0	maxhp
417	(84,84,83,83,83)	62906	418	500	4	19800	6600	6450	6450	6450	0	0	0	0	defense_m
418	(84,84,84,83,83)	62906	419	500	4	19800	6600	6600	6450	6450	0	0	0	0	attack_m
419	(84,84,84,84,83)	62906	420	500	4	19800	6600	6600	6600	6450	0	0	0	0	defense_p
420	(84,84,84,84,84)	64404	421	500	4	19800	6600	6600	6600	6600	0	0	0	0	attack_p
421	(85,84,84,84,84)	64404	422	500	4	20250	6600	6600	6600	6600	0	0	0	0	maxhp
422	(85,85,84,84,84)	64404	423	500	4	20250	6750	6600	6600	6600	0	0	0	0	defense_m
423	(85,85,85,84,84)	64404	424	500	4	20250	6750	6750	6600	6600	0	0	0	0	attack_m
424	(85,85,85,85,84)	64404	425	500	4	20250	6750	6750	6750	6600	0	0	0	0	defense_p
425	(85,85,85,85,85)	65919	426	500	4	20250	6750	6750	6750	6750	0	0	0	0	attack_p
426	(86,85,85,85,85)	65919	427	500	4	20700	6750	6750	6750	6750	0	0	0	0	maxhp
427	(86,86,85,85,85)	65919	428	500	4	20700	6900	6750	6750	6750	0	0	0	0	defense_m
428	(86,86,86,85,85)	65919	429	500	4	20700	6900	6900	6750	6750	0	0	0	0	attack_m
429	(86,86,86,86,85)	65919	430	500	4	20700	6900	6900	6900	6750	0	0	0	0	defense_p
430	(86,86,86,86,86)	67451	431	500	4	20700	6900	6900	6900	6900	0	0	0	0	attack_p
431	(87,86,86,86,86)	67451	432	500	4	21150	6900	6900	6900	6900	0	0	0	0	maxhp
432	(87,87,86,86,86)	67451	433	500	4	21150	7050	6900	6900	6900	0	0	0	0	defense_m
433	(87,87,87,86,86)	67451	434	500	4	21150	7050	7050	6900	6900	0	0	0	0	attack_m
434	(87,87,87,87,86)	67451	435	500	4	21150	7050	7050	7050	6900	0	0	0	0	defense_p
435	(87,87,87,87,87)	69004	436	500	4	21150	7050	7050	7050	7050	0	0	0	0	attack_p
436	(88,87,87,87,87)	69004	437	500	4	21600	7050	7050	7050	7050	0	0	0	0	maxhp
437	(88,88,87,87,87)	69004	438	500	4	21600	7200	7050	7050	7050	0	0	0	0	defense_m
438	(88,88,88,87,87)	69004	439	500	4	21600	7200	7200	7050	7050	0	0	0	0	attack_m
439	(88,88,88,88,87)	69004	440	500	4	21600	7200	7200	7200	7050	0	0	0	0	defense_p
440	(88,88,88,88,88)	70570	441	500	4	21600	7200	7200	7200	7200	0	0	0	0	attack_p
441	(89,88,88,88,88)	70570	442	500	4	22050	7200	7200	7200	7200	0	0	0	0	maxhp
442	(89,89,88,88,88)	70570	443	500	4	22050	7350	7200	7200	7200	0	0	0	0	defense_m
443	(89,89,89,88,88)	70570	444	500	4	22050	7350	7350	7200	7200	0	0	0	0	attack_m
444	(89,89,89,89,88)	70570	445	500	4	22050	7350	7350	7350	7200	0	0	0	0	defense_p
445	(89,89,89,89,89)	72158	446	500	4	22050	7350	7350	7350	7350	0	0	0	0	attack_p
446	(90,89,89,89,89)	72158	447	500	4	22500	7350	7350	7350	7350	0	0	0	0	maxhp
447	(90,90,89,89,89)	72158	448	500	4	22500	7500	7350	7350	7350	0	0	0	0	defense_m
448	(90,90,90,89,89)	72158	449	500	4	22500	7500	7500	7350	7350	0	0	0	0	attack_m
449	(90,90,90,90,89)	72158	450	500	4	22500	7500	7500	7500	7350	0	0	0	0	defense_p
450	(90,90,90,90,90)	73761	451	500	4	22500	7500	7500	7500	7500	0	0	0	0	attack_p
451	(91,90,90,90,90)	73761	452	500	4	22950	7500	7500	7500	7500	0	0	0	0	maxhp
452	(91,91,90,90,90)	73761	453	500	4	22950	7650	7500	7500	7500	0	0	0	0	defense_m
453	(91,91,91,90,90)	73761	454	500	4	22950	7650	7650	7500	7500	0	0	0	0	attack_m
454	(91,91,91,91,90)	73761	455	500	4	22950	7650	7650	7650	7500	0	0	0	0	defense_p
455	(91,91,91,91,91)	75383	456	500	4	22950	7650	7650	7650	7650	0	0	0	0	attack_p
456	(92,91,91,91,91)	75383	457	500	4	23400	7650	7650	7650	7650	0	0	0	0	maxhp
457	(92,92,91,91,91)	75383	458	500	4	23400	7800	7650	7650	7650	0	0	0	0	defense_m
458	(92,92,92,91,91)	75383	459	500	4	23400	7800	7800	7650	7650	0	0	0	0	attack_m
459	(92,92,92,92,91)	75383	460	500	4	23400	7800	7800	7800	7650	0	0	0	0	defense_p
460	(92,92,92,92,92)	77023	461	500	4	23400	7800	7800	7800	7800	0	0	0	0	attack_p
461	(93,92,92,92,92)	77023	462	500	4	23850	7800	7800	7800	7800	0	0	0	0	maxhp
462	(93,93,92,92,92)	77023	463	500	4	23850	7950	7800	7800	7800	0	0	0	0	defense_m
463	(93,93,93,92,92)	77023	464	500	4	23850	7950	7950	7800	7800	0	0	0	0	attack_m
464	(93,93,93,93,92)	77023	465	500	4	23850	7950	7950	7950	7800	0	0	0	0	defense_p
465	(93,93,93,93,93)	78680	466	500	4	23850	7950	7950	7950	7950	0	0	0	0	attack_p
466	(94,93,93,93,93)	78680	467	500	4	24300	7950	7950	7950	7950	0	0	0	0	maxhp
467	(94,94,93,93,93)	78680	468	500	4	24300	8100	7950	7950	7950	0	0	0	0	defense_m
468	(94,94,94,93,93)	78680	469	500	4	24300	8100	8100	7950	7950	0	0	0	0	attack_m
469	(94,94,94,94,93)	78680	470	500	4	24300	8100	8100	8100	7950	0	0	0	0	defense_p
470	(94,94,94,94,94)	80355	471	500	4	24300	8100	8100	8100	8100	0	0	0	0	attack_p
471	(95,94,94,94,94)	80355	472	500	4	24750	8100	8100	8100	8100	0	0	0	0	maxhp
472	(95,95,94,94,94)	80355	473	500	4	24750	8250	8100	8100	8100	0	0	0	0	defense_m
473	(95,95,95,94,94)	80355	474	500	4	24750	8250	8250	8100	8100	0	0	0	0	attack_m
474	(95,95,95,95,94)	80355	475	500	4	24750	8250	8250	8250	8100	0	0	0	0	defense_p
475	(95,95,95,95,95)	82048	476	500	4	24750	8250	8250	8250	8250	0	0	0	0	attack_p
476	(96,95,95,95,95)	82048	477	500	4	25200	8250	8250	8250	8250	0	0	0	0	maxhp
477	(96,96,95,95,95)	82048	478	500	4	25200	8400	8250	8250	8250	0	0	0	0	defense_m
478	(96,96,96,95,95)	82048	479	500	4	25200	8400	8400	8250	8250	0	0	0	0	attack_m
479	(96,96,96,96,95)	82048	480	500	4	25200	8400	8400	8400	8250	0	0	0	0	defense_p
480	(96,96,96,96,96)	83756	481	500	4	25200	8400	8400	8400	8400	0	0	0	0	attack_p
481	(97,96,96,96,96)	83756	482	500	4	25650	8400	8400	8400	8400	0	0	0	0	maxhp
482	(97,97,96,96,96)	83756	483	500	4	25650	8550	8400	8400	8400	0	0	0	0	defense_m
483	(97,97,97,96,96)	83756	484	500	4	25650	8550	8550	8400	8400	0	0	0	0	attack_m
484	(97,97,97,97,96)	83756	485	500	4	25650	8550	8550	8550	8400	0	0	0	0	defense_p
485	(97,97,97,97,97)	85485	486	500	4	25650	8550	8550	8550	8550	0	0	0	0	attack_p
486	(98,97,97,97,97)	85485	487	500	4	26100	8550	8550	8550	8550	0	0	0	0	maxhp
487	(98,98,97,97,97)	85485	488	500	4	26100	8700	8550	8550	8550	0	0	0	0	defense_m
488	(98,98,98,97,97)	85485	489	500	4	26100	8700	8700	8550	8550	0	0	0	0	attack_m
489	(98,98,98,98,97)	85485	490	500	4	26100	8700	8700	8700	8550	0	0	0	0	defense_p
490	(98,98,98,98,98)	87230	491	500	4	26100	8700	8700	8700	8700	0	0	0	0	attack_p
491	(99,98,98,98,98)	87230	492	500	4	26550	8700	8700	8700	8700	0	0	0	0	maxhp
492	(99,99,98,98,98)	87230	493	500	4	26550	8850	8700	8700	8700	0	0	0	0	defense_m
493	(99,99,99,98,98)	87230	494	500	4	26550	8850	8850	8700	8700	0	0	0	0	attack_m
494	(99,99,99,99,98)	87230	495	500	4	26550	8850	8850	8850	8700	0	0	0	0	defense_p
495	(99,99,99,99,99)	88994	496	500	4	26550	8850	8850	8850	8850	0	0	0	0	attack_p
496	(100,99,99,99,99)	88994	497	500	4	27000	8850	8850	8850	8850	0	0	0	0	maxhp
497	(100,100,99,99,99)	88994	498	500	4	27000	9000	8850	8850	8850	0	0	0	0	defense_m
498	(100,100,100,99,99)	88994	499	500	4	27000	9000	9000	8850	8850	0	0	0	0	attack_m
499	(100,100,100,100,99)	88994	500	500	4	27000	9000	9000	9000	8850	0	0	0	0	defense_p
500	(100,100,100,100,100)	9999999	-1	500	5	27000	9000	9000	9000	9000	0	0	0	0	attack_p
