FBId	needLevel	freeQuick	FreeneedVIP	RMBQuick	RMBneedVIP	movedecpro	moveaddpro	timedecpro	timeaddpro	nothing	eventId	fightType	npcType1	campId	monsterHp	fightrewards	bossfightType	npcType2	bosscampId	bossHp	bossrewards	drawId	timeS	rewardS	timeA	rewardA	timeB	rewardB	timeC	rewardC	timeD	rewardD	fbName	fbHeaderFile
副本ID	需要的等级	免费收获消耗的魔晶	免费需要的VIP	完美收获消耗的神石	完美需要的vip	立即减少10秒行动事件概率	立即增加10秒行动事件概率	立即减少10秒总通关时间概率	立即增加10秒总通关时间	什么都不操作	事件ID	小怪战斗类型	小怪类型	小怪阵营	小怪血量	击杀小怪奖励	boss战斗类型	boss类型	boss阵营	boss血量	击杀boss奖励	幸运抽奖Id	s级评分时间	s级奖励	A级评分时间	A级奖励	B级评分时间	B级奖励	C级评分时间	C级奖励	D级评分时间	D级奖励	副本名字	副本头像
1	36	400	4	200	7	(800,1)	(1200,2)	(500,3)	(500,4)	(8000,5)	1	90	2805	2905	33000	6	91	2800	2900	108000	7	1	240	1	360	2	420	3	540	4	2700	5	梦幻冰花	5004
2	40	400	4	200	7	(800,1)	(1200,2)	(500,3)	(500,4)	(8000,5)	1	90	2806	2906	60000	13	91	2801	2901	160500	14	2	240	8	360	9	420	10	540	11	2700	12	极地之光	5005
3	60	400	4	200	7	(800,1)	(1300,2)	(500,3)	(500,4)	(7900,5)	2	90	2807	2907	216000	20	91	2802	2902	511000	21	3	240	15	360	16	420	17	540	18	2700	19	爱似水晶	5006
4	80	400	4	200	7	(800,1)	(1300,2)	(500,3)	(500,4)	(7900,5)	2	90	2808	2908	600000	27	91	2803	2903	1800000	28	4	240	22	360	23	420	24	540	25	2700	26	天地双飞	5007
5	100	400	4	200	7	(800,1)	(1400,2)	(500,3)	(500,4)	(7800,5)	2	90	2809	2909	1440000	34	91	2804	2904	2840000	35	5	240	29	360	30	420	31	540	32	2700	33	偕手天涯	5011
6	120	400	4	200	7	(800,1)	(1400,2)	(500,3)	(500,4)	(7800,5)	2	90	2810	2910	2440000	41	91	2811	2911	3840000	42	6	240	36	360	37	420	38	540	39	2700	40	与君共舞	5014
7	140	400	4	200	7	(800,1)	(1400,2)	(500,3)	(500,4)	(7800,5)	2	90	2812	2912	3440000	48	91	2813	2913	4840000	49	7	240	43	360	44	420	45	540	46	2700	47	龙战天下	5012
8	160	400	4	200	7	(800,1)	(1400,2)	(500,3)	(500,4)	(7800,5)	2	90	2814	2914	4440000	55	91	2815	2915	5840000	56	8	240	50	360	51	420	52	540	53	2700	54	韶华易逝	5013
