drawId	reward1	rewardpro1	item1	gold1	bindRMB1	reward2	rewardpro2	item2	gold2	bindRMB2	reward3	rewardpro3	item3	gold3	bindRMB3	reward4	rewardpro4	item4	gold4	bindRMB4
幸运抽奖	奖励ID	概率1	物品奖励1	金币奖励1	魔晶奖励1	奖励ID	概率2	物品奖励2	金币奖励2	魔晶奖励2	奖励ID	概率3	物品奖励3	金币奖励3	魔晶奖励3	奖励ID	概率4	物品奖励4	金币奖励4	魔晶奖励4
1	1	1250	[(26342,1)]	0	0	2	6250	[(28784,1)]	0	0	3	1250	[(26032,1)]	0	0	4	1250	[(28785,1)]	0	0
2	1	1250	[(26342,1)]	0	0	2	6250	[(28784,1)]	0	0	3	1250	[(26032,1)]	0	0	4	1250	[(28785,1)]	0	0
3	1	1250	[(26342,1)]	0	0	2	6250	[(28784,1)]	0	0	3	1250	[(26032,1)]	0	0	4	1250	[(28785,1)]	0	0
4	1	1250	[(26342,1)]	0	0	2	6250	[(28784,1)]	0	0	3	1250	[(26032,1)]	0	0	4	1250	[(28785,1)]	0	0
5	1	1250	[(26342,1)]	0	0	2	6250	[(28784,1)]	0	0	3	1250	[(26032,1)]	0	0	4	1250	[(28785,1)]	0	0
6	1	1250	[(26342,1)]	0	0	2	6250	[(28784,1)]	0	0	3	1250	[(26032,1)]	0	0	4	1250	[(28785,1)]	0	0
7	1	1250	[(26342,1)]	0	0	2	6250	[(28784,1)]	0	0	3	1250	[(26032,1)]	0	0	4	1250	[(28785,1)]	0	0
8	1	1250	[(26342,1)]	0	0	2	6250	[(28784,1)]	0	0	3	1250	[(26032,1)]	0	0	4	1250	[(28785,1)]	0	0
