goodId	rangeId	levelRange	item	des	itemCnt	rateValue	originalUnbindRMB	needUnbindRMB	RMBType	needScore	discountFlag	isLowestPrice
商品ID	等级区段ID	等级区段levelDown,levelUp	物品(coding,cnt)	备注	可购买数量	随即概率值	原价	现价（需要神石）	神石类型(1-充值神石 0-充值奖励神石均可)	需要积分	折扣标签	是否最低价
1	1	30,39	(26450,5)	许愿币	1	1000	100	60	0	0	SDJNH_6z	0
2	2	40,59	(26450,5)	许愿币	1	1000	100	60	0	0	SDJNH_6z	0
3	3	60,64	(26450,5)	许愿币	1	1000	100	60	0	0	SDJNH_6z	0
4	4	65,79	(26450,5)	许愿币	1	1000	100	60	0	0	SDJNH_6z	0
5	5	80,89	(26450,5)	许愿币	1	1000	100	60	0	0	SDJNH_6z	0
6	6	90,99	(26450,5)	许愿币	1	1000	100	60	0	0	SDJNH_6z	0
7	7	100,119	(26450,5)	许愿币	1	1000	100	60	0	0	SDJNH_6z	0
8	8	120,139	(26450,5)	许愿币	1	1000	100	60	0	0	SDJNH_6z	0
9	9	140,179	(26450,5)	许愿币	1	1000	100	60	0	0	SDJNH_6z	0
10	1	30,39	(26450,1)	许愿币	1	1000	20	12	0	0	SDJNH_6z	0
11	2	40,59	(26450,1)	许愿币	1	1000	20	12	0	0	SDJNH_6z	0
12	3	60,64	(26450,1)	许愿币	1	1000	20	12	0	0	SDJNH_6z	0
13	4	65,79	(26450,1)	许愿币	1	1000	20	12	0	0	SDJNH_6z	0
14	5	80,89	(26450,1)	许愿币	1	1000	20	12	0	0	SDJNH_6z	0
15	6	90,99	(26450,1)	许愿币	1	1000	20	12	0	0	SDJNH_6z	0
16	7	100,119	(26450,1)	许愿币	1	1000	20	12	0	0	SDJNH_6z	0
17	8	120,139	(26450,1)	许愿币	1	1000	20	12	0	0	SDJNH_6z	0
18	9	140,179	(26450,1)	许愿币	1	1000	20	12	0	0	SDJNH_6z	0
19	3	60,64	(26144,10)	宠物圣果	1	1000	100	60	0	0	SDJNH_6z	0
20	4	65,79	(26144,10)	宠物圣果	1	1000	100	60	0	0	SDJNH_6z	0
21	5	80,89	(26144,10)	宠物圣果	1	1000	100	60	0	0	SDJNH_6z	0
22	6	90,99	(26144,10)	宠物圣果	1	1000	100	60	0	0	SDJNH_6z	0
23	7	100,119	(26144,10)	宠物圣果	1	1000	100	60	0	0	SDJNH_6z	0
24	8	120,139	(26144,10)	宠物圣果	1	1000	100	60	0	0	SDJNH_6z	0
25	9	140,179	(26144,10)	宠物圣果	1	1000	100	60	0	0	SDJNH_6z	0
26	3	60,64	(26144,1)	宠物圣果	1	1000	10	6	0	0	SDJNH_6z	0
27	4	65,79	(26144,1)	宠物圣果	1	1000	10	6	0	0	SDJNH_6z	0
28	5	80,89	(26144,1)	宠物圣果	1	1000	10	6	0	0	SDJNH_6z	0
29	6	90,99	(26144,1)	宠物圣果	1	1000	10	6	0	0	SDJNH_6z	0
30	7	100,119	(26144,1)	宠物圣果	1	1000	10	6	0	0	SDJNH_6z	0
31	8	120,139	(26144,1)	宠物圣果	1	1000	10	6	0	0	SDJNH_6z	0
32	9	140,179	(26144,1)	宠物圣果	1	1000	10	6	0	0	SDJNH_6z	0
33	5	80,89	(26677,5)	时装精华	1	1000	100	60	0	0	SDJNH_6z	0
34	6	90,99	(26677,5)	时装精华	1	1000	100	60	0	0	SDJNH_6z	0
35	7	100,119	(26677,5)	时装精华	1	1000	100	60	0	0	SDJNH_6z	0
36	8	120,139	(26677,5)	时装精华	1	1000	100	60	0	0	SDJNH_6z	0
37	9	140,179	(26677,5)	时装精华	1	1000	100	60	0	0	SDJNH_6z	0
38	3	60,64	(26934,5)	星灵水晶	1	1000	100	70	0	0	SDJNH_7z	0
39	4	65,79	(26934,5)	星灵水晶	1	1000	100	70	0	0	SDJNH_7z	0
40	5	80,89	(26934,5)	星灵水晶	1	1000	100	70	0	0	SDJNH_7z	0
41	6	90,99	(26934,5)	星灵水晶	1	1000	100	70	0	0	SDJNH_7z	0
42	7	100,119	(26934,5)	星灵水晶	1	1000	100	70	0	0	SDJNH_7z	0
43	8	120,139	(26934,5)	星灵水晶	1	1000	100	70	0	0	SDJNH_7z	0
44	9	140,179	(26934,5)	星灵水晶	1	1000	100	70	0	0	SDJNH_7z	0
45	3	60,64	(26933,5)	星灵之羽	1	1000	100	60	0	0	SDJNH_6z	0
46	4	65,79	(26933,5)	星灵之羽	1	1000	100	60	0	0	SDJNH_6z	0
47	5	80,89	(26933,5)	星灵之羽	1	1000	100	60	0	0	SDJNH_6z	0
48	6	90,99	(26933,5)	星灵之羽	1	1000	100	60	0	0	SDJNH_6z	0
49	7	100,119	(26933,5)	星灵之羽	1	1000	100	60	0	0	SDJNH_6z	0
50	8	120,139	(26933,5)	星灵之羽	1	1000	100	60	0	0	SDJNH_6z	0
51	9	140,179	(26933,5)	星灵之羽	1	1000	100	60	0	0	SDJNH_6z	0
52	3	60,64	(26676,1)	时装之魄	1	1000	298	240	0	60	SDJNH_8z	0
53	4	65,79	(26676,1)	时装之魄	1	1000	298	240	0	60	SDJNH_8z	0
54	5	80,89	(26676,1)	时装之魄	1	1000	298	240	0	60	SDJNH_8z	0
55	6	90,99	(26676,1)	时装之魄	1	1000	298	240	0	60	SDJNH_8z	0
56	7	100,119	(26676,1)	时装之魄	1	1000	298	240	0	60	SDJNH_8z	0
57	8	120,139	(26676,1)	时装之魄	1	1000	298	240	0	60	SDJNH_8z	0
58	9	140,179	(26676,1)	时装之魄	1	1000	298	240	0	60	SDJNH_8z	0
59	5	80,89	(26298,5)	圣器附魔石	1	1000	250	200	0	0	SDJNH_8z	0
60	6	90,99	(26298,5)	圣器附魔石	1	1000	250	200	0	0	SDJNH_8z	0
61	7	100,119	(26298,5)	圣器附魔石	1	1000	250	200	0	0	SDJNH_8z	0
62	8	120,139	(26298,5)	圣器附魔石	1	1000	250	200	0	0	SDJNH_8z	0
63	9	140,179	(26298,5)	圣器附魔石	1	1000	250	200	0	0	SDJNH_8z	0
64	5	80,89	(26298,1)	圣器附魔石	1	1000	50	35	0	0	SDJNH_7z	0
65	6	90,99	(26298,1)	圣器附魔石	1	1000	50	35	0	0	SDJNH_7z	0
66	7	100,119	(26298,1)	圣器附魔石	1	1000	50	35	0	0	SDJNH_7z	0
67	8	120,139	(26298,1)	圣器附魔石	1	1000	50	35	0	0	SDJNH_7z	0
68	9	140,179	(26298,1)	圣器附魔石	1	1000	50	35	0	0	SDJNH_7z	0
69	3	60,64	(26936,10)	魂炼之石	1	1000	100	80	0	0	SDJNH_8z	0
70	4	65,79	(26936,10)	魂炼之石	1	1000	100	80	0	0	SDJNH_8z	0
71	5	80,89	(26936,10)	魂炼之石	1	1000	100	80	0	0	SDJNH_8z	0
72	6	90,99	(26936,10)	魂炼之石	1	1000	100	80	0	0	SDJNH_8z	0
73	7	100,119	(26936,10)	魂炼之石	1	1000	100	80	0	0	SDJNH_8z	0
74	8	120,139	(26936,10)	魂炼之石	1	1000	100	80	0	0	SDJNH_8z	0
75	9	140,179	(26936,10)	魂炼之石	1	1000	100	80	0	0	SDJNH_8z	0
76	2	40,59	(26925,5)	生命之源	1	1000	125	88	0	0	SDJNH_7z	0
77	3	60,64	(26925,5)	生命之源	1	1000	125	88	0	0	SDJNH_7z	0
78	4	65,79	(26925,5)	生命之源	1	1000	125	88	0	0	SDJNH_7z	0
79	5	80,89	(26925,5)	生命之源	1	1000	125	88	0	0	SDJNH_7z	0
80	6	90,99	(26925,5)	生命之源	1	1000	125	88	0	0	SDJNH_7z	0
81	7	100,119	(26925,5)	生命之源	1	1000	125	88	0	0	SDJNH_7z	0
82	8	120,139	(26925,5)	生命之源	1	1000	125	88	0	0	SDJNH_7z	0
83	9	140,179	(26925,5)	生命之源	1	1000	125	88	0	0	SDJNH_7z	0
84	2	40,59	(26924,5)	生命结晶	1	1000	125	88	0	0	SDJNH_7z	0
85	3	60,64	(26924,5)	生命结晶	1	1000	125	88	0	0	SDJNH_7z	0
86	4	65,79	(26924,5)	生命结晶	1	1000	125	88	0	0	SDJNH_7z	0
87	5	80,89	(26924,5)	生命结晶	1	1000	125	88	0	0	SDJNH_7z	0
88	6	90,99	(26924,5)	生命结晶	1	1000	125	88	0	0	SDJNH_7z	0
89	7	100,119	(26924,5)	生命结晶	1	1000	125	88	0	0	SDJNH_7z	0
90	8	120,139	(26924,5)	生命结晶	1	1000	125	88	0	0	SDJNH_7z	0
91	9	140,179	(26924,5)	生命结晶	1	1000	125	88	0	0	SDJNH_7z	0
92	5	80,89	(27041,5)	龙脉精华	1	1000	150	120	0	0	SDJNH_8z	0
93	6	90,99	(27041,5)	龙脉精华	1	1000	150	120	0	0	SDJNH_8z	0
94	7	100,119	(27041,5)	龙脉精华	1	1000	150	120	0	0	SDJNH_8z	0
95	8	120,139	(27041,5)	龙脉精华	1	1000	150	120	0	0	SDJNH_8z	0
96	9	140,179	(27041,5)	龙脉精华	1	1000	150	120	0	0	SDJNH_8z	0
97	5	80,89	(27042,5)	龙脉精魄	1	1000	150	120	0	0	SDJNH_8z	0
98	6	90,99	(27042,5)	龙脉精魄	1	1000	150	120	0	0	SDJNH_8z	0
99	7	100,119	(27042,5)	龙脉精魄	1	1000	150	120	0	0	SDJNH_8z	0
100	8	120,139	(27042,5)	龙脉精魄	1	1000	150	120	0	0	SDJNH_8z	0
101	9	140,179	(27042,5)	龙脉精魄	1	1000	150	120	0	0	SDJNH_8z	0
102	1	30,39	(26026,1)	四级宝石礼盒	1	1000	120	58	0	36	SDJNH_5z	0
103	2	40,59	(26026,1)	四级宝石礼盒	1	1000	120	58	0	36	SDJNH_5z	0
104	3	60,64	(26026,1)	四级宝石礼盒	1	1000	120	58	0	36	SDJNH_5z	0
105	4	65,79	(26026,1)	四级宝石礼盒	1	1000	120	58	0	36	SDJNH_5z	0
106	5	80,89	(26026,1)	四级宝石礼盒	1	1000	120	58	0	36	SDJNH_5z	0
107	6	90,99	(26026,1)	四级宝石礼盒	1	1000	120	58	0	36	SDJNH_5z	0
108	7	100,119	(26026,1)	四级宝石礼盒	1	1000	120	58	0	36	SDJNH_5z	0
109	8	120,139	(26026,1)	四级宝石礼盒	1	1000	120	58	0	36	SDJNH_5z	0
110	9	140,179	(26026,1)	四级宝石礼盒	1	1000	120	58	0	36	SDJNH_5z	0
111	3	60,64	(26227,1)	四级符文礼盒	1	1000	120	72	0	36	SDJNH_6z	0
112	4	65,79	(26227,1)	四级符文礼盒	1	1000	120	72	0	36	SDJNH_6z	0
113	5	80,89	(26227,1)	四级符文礼盒	1	1000	120	72	0	36	SDJNH_6z	0
114	6	90,99	(26227,1)	四级符文礼盒	1	1000	120	72	0	36	SDJNH_6z	0
115	7	100,119	(26227,1)	四级符文礼盒	1	1000	120	72	0	36	SDJNH_6z	0
116	8	120,139	(26227,1)	四级符文礼盒	1	1000	120	72	0	36	SDJNH_6z	0
117	9	140,179	(26227,1)	四级符文礼盒	1	1000	120	72	0	36	SDJNH_6z	0
118	1	30,39	(25656,1)	一星召唤令	1	1000	250	50	0	0	SDJNH_2z	0
119	2	40,59	(25657,1)	二星召唤令	1	1000	250	50	0	0	SDJNH_2z	0
120	3	60,64	(25658,1)	三星召唤令	1	1000	250	50	0	0	SDJNH_2z	0
121	4	65,79	(25658,1)	三星召唤令	1	1000	250	50	0	0	SDJNH_2z	0
122	5	80,89	(25659,1)	四星召唤令	1	1000	250	50	0	0	SDJNH_2z	0
123	6	90,99	(25659,1)	四星召唤令	1	1000	250	50	0	0	SDJNH_2z	0
124	7	100,119	(25660,1)	五星召唤令	1	1000	250	50	0	0	SDJNH_2z	0
125	8	120,139	(26525,1)	六星召唤令	1	1000	250	50	0	0	SDJNH_2z	0
126	9	140,179	(27047,1)	七星召唤令	1	1000	250	50	0	0	SDJNH_2z	0
127	1	30,39	(26033,1)	二级宝石礼盒	1	1000	30	6	0	0	SDJNH_2z	0
128	2	40,59	(26033,1)	二级宝石礼盒	1	1000	30	6	0	10	SDJNH_2z	0
129	3	60,64	(26033,1)	二级宝石礼盒	1	1000	30	6	0	10	SDJNH_2z	0
130	4	65,79	(26033,1)	二级宝石礼盒	1	1000	30	6	0	10	SDJNH_2z	0
131	5	80,89	(26033,1)	二级宝石礼盒	1	1000	30	6	0	10	SDJNH_2z	0
132	6	90,99	(26033,1)	二级宝石礼盒	1	1000	30	6	0	10	SDJNH_2z	0
133	7	100,119	(26033,1)	二级宝石礼盒	1	1000	30	6	0	10	SDJNH_2z	0
134	8	120,139	(26033,1)	二级宝石礼盒	1	1000	30	6	0	10	SDJNH_2z	0
135	9	140,179	(26033,1)	二级宝石礼盒	1	1000	30	6	0	10	SDJNH_2z	0
136	3	60,64	(26119,1)	二级符文礼盒	1	1000	30	9	0	10	SDJNH_3z	0
137	4	65,79	(26119,1)	二级符文礼盒	1	1000	30	9	0	10	SDJNH_3z	0
138	5	80,89	(26119,1)	二级符文礼盒	1	1000	30	9	0	10	SDJNH_3z	0
139	6	90,99	(26119,1)	二级符文礼盒	1	1000	30	9	0	10	SDJNH_3z	0
140	7	100,119	(26119,1)	二级符文礼盒	1	1000	30	9	0	10	SDJNH_3z	0
141	8	120,139	(26119,1)	二级符文礼盒	1	1000	30	9	0	10	SDJNH_3z	0
142	9	140,179	(26119,1)	二级符文礼盒	1	1000	30	9	0	10	SDJNH_3z	0
143	2	40,59	(26042,5)	占卜令	1	1000	1000	500	0	0	SDJNH_5z	0
144	3	60,64	(26042,5)	占卜令	1	1000	1000	500	0	0	SDJNH_5z	0
145	2	40,59	(26042,1)	占卜令	1	1000	200	100	0	0	SDJNH_5z	0
146	3	60,64	(26042,1)	占卜令	1	1000	200	100	0	0	SDJNH_5z	0
147	4	65,79	(37011,1)	青衣之恋	1	1000	1000	622	0	200	SDJNH_6z	0
148	5	80,89	(37011,1)	青衣之恋	1	1000	1000	622	0	200	SDJNH_6z	0
149	6	90,99	(37011,1)	青衣之恋	1	1000	1000	622	0	200	SDJNH_6z	0
150	7	100,119	(37011,1)	青衣之恋	1	1000	1000	622	0	200	SDJNH_6z	0
151	8	120,139	(37011,1)	青衣之恋	1	1000	1000	622	0	200	SDJNH_6z	0
152	9	140,179	(37011,1)	青衣之恋	1	1000	1000	622	0	200	SDJNH_6z	0
153	4	65,79	(37013,1)	紫陌倾城	1	1000	1000	622	0	200	SDJNH_6z	0
154	5	80,89	(37013,1)	紫陌倾城	1	1000	1000	622	0	200	SDJNH_6z	0
155	6	90,99	(37013,1)	紫陌倾城	1	1000	1000	622	0	200	SDJNH_6z	0
156	7	100,119	(37013,1)	紫陌倾城	1	1000	1000	622	0	200	SDJNH_6z	0
157	8	120,139	(37013,1)	紫陌倾城	1	1000	1000	622	0	200	SDJNH_6z	0
158	9	140,179	(37013,1)	紫陌倾城	1	1000	1000	622	0	200	SDJNH_6z	0
159	2	40,59	(37018,1)	幽影	1	1000	488	288	0	50	SDJNH_6z	0
160	3	60,64	(37018,1)	幽影	1	1000	488	288	0	50	SDJNH_6z	0
161	4	65,79	(37018,1)	幽影	1	1000	488	288	0	50	SDJNH_6z	0
162	5	80,89	(37018,1)	幽影	1	1000	488	288	0	50	SDJNH_6z	0
163	6	90,99	(37018,1)	幽影	1	1000	488	288	0	50	SDJNH_6z	0
164	7	100,119	(37018,1)	幽影	1	1000	488	288	0	50	SDJNH_6z	0
165	8	120,139	(37018,1)	幽影	1	1000	488	288	0	50	SDJNH_6z	0
166	9	140,179	(37018,1)	幽影	1	1000	488	288	0	50	SDJNH_6z	0
167	2	40,59	(37019,1)	幽灵	1	1000	488	288	0	50	SDJNH_6z	0
168	3	60,64	(37019,1)	幽灵	1	1000	488	288	0	50	SDJNH_6z	0
169	4	65,79	(37019,1)	幽灵	1	1000	488	288	0	50	SDJNH_6z	0
170	5	80,89	(37019,1)	幽灵	1	1000	488	288	0	50	SDJNH_6z	0
171	6	90,99	(37019,1)	幽灵	1	1000	488	288	0	50	SDJNH_6z	0
172	7	100,119	(37019,1)	幽灵	1	1000	488	288	0	50	SDJNH_6z	0
173	8	120,139	(37019,1)	幽灵	1	1000	488	288	0	50	SDJNH_6z	0
174	9	140,179	(37019,1)	幽灵	1	1000	488	288	0	50	SDJNH_6z	0
175	2	40,59	(37020,1)	幽鬼	1	1000	388	238	0	50	SDJNH_6z	0
176	3	60,64	(37020,1)	幽鬼	1	1000	388	238	0	50	SDJNH_6z	0
177	4	65,79	(37020,1)	幽鬼	1	1000	388	238	0	50	SDJNH_6z	0
178	5	80,89	(37020,1)	幽鬼	1	1000	388	238	0	50	SDJNH_6z	0
179	6	90,99	(37020,1)	幽鬼	1	1000	388	238	0	50	SDJNH_6z	0
180	7	100,119	(37020,1)	幽鬼	1	1000	388	238	0	50	SDJNH_6z	0
181	8	120,139	(37020,1)	幽鬼	1	1000	388	238	0	50	SDJNH_6z	0
182	9	140,179	(37020,1)	幽鬼	1	1000	388	238	0	50	SDJNH_6z	0
183	1	30,39	(26226,1)	七级宝石礼盒	1	1000	960	488	0	200	SDJNH_5z	0
184	2	40,59	(26226,1)	七级宝石礼盒	1	1000	960	488	0	200	SDJNH_5z	0
185	3	60,64	(26226,1)	七级宝石礼盒	1	1000	960	488	0	200	SDJNH_5z	0
186	4	65,79	(26226,1)	七级宝石礼盒	1	1000	960	488	0	200	SDJNH_5z	0
187	5	80,89	(26226,1)	七级宝石礼盒	1	1000	960	488	0	200	SDJNH_5z	0
188	6	90,99	(26226,1)	七级宝石礼盒	1	1000	960	488	0	200	SDJNH_5z	0
189	7	100,119	(26226,1)	七级宝石礼盒	1	1000	960	488	0	200	SDJNH_5z	0
190	8	120,139	(26226,1)	七级宝石礼盒	1	1000	960	488	0	200	SDJNH_5z	0
191	9	140,179	(26226,1)	七级宝石礼盒	1	1000	960	488	0	200	SDJNH_5z	0
192	3	60,64	(26230,1)	七级符文礼盒	1	1000	960	576	0	200	SDJNH_6z	0
193	4	65,79	(26230,1)	七级符文礼盒	1	1000	960	576	0	200	SDJNH_6z	0
194	5	80,89	(26230,1)	七级符文礼盒	1	1000	960	576	0	200	SDJNH_6z	0
195	6	90,99	(26230,1)	七级符文礼盒	1	1000	960	576	0	200	SDJNH_6z	0
196	7	100,119	(26230,1)	七级符文礼盒	1	1000	960	576	0	200	SDJNH_6z	0
197	8	120,139	(26230,1)	七级符文礼盒	1	1000	960	576	0	200	SDJNH_6z	0
198	9	140,179	(26230,1)	七级符文礼盒	1	1000	960	576	0	200	SDJNH_6z	0
199	1	30,39	(25793,1)	九级物攻宝石	1	1000	3840	2688	0	1000	SDJNH_7z	0
200	2	40,59	(25793,1)	九级物攻宝石	1	1000	3840	2688	0	1000	SDJNH_7z	0
201	3	60,64	(25793,1)	九级物攻宝石	1	1000	3840	2688	0	1000	SDJNH_7z	0
202	4	65,79	(25793,1)	九级物攻宝石	1	1000	3840	2688	0	1000	SDJNH_7z	0
203	5	80,89	(25793,1)	九级物攻宝石	1	1000	3840	2688	0	1000	SDJNH_7z	0
204	6	90,99	(25793,1)	九级物攻宝石	1	1000	3840	2688	0	1000	SDJNH_7z	0
205	7	100,119	(25793,1)	九级物攻宝石	1	1000	3840	2688	0	1000	SDJNH_7z	0
206	8	120,139	(25793,1)	九级物攻宝石	1	1000	3840	2688	0	1000	SDJNH_7z	0
207	9	140,179	(25793,1)	九级物攻宝石	1	1000	3840	2688	0	1000	SDJNH_7z	0
208	1	30,39	(25794,1)	九级法攻宝石	1	1000	3840	2688	0	1000	SDJNH_7z	0
209	2	40,59	(25794,1)	九级法攻宝石	1	1000	3840	2688	0	1000	SDJNH_7z	0
210	3	60,64	(25794,1)	九级法攻宝石	1	1000	3840	2688	0	1000	SDJNH_7z	0
211	4	65,79	(25794,1)	九级法攻宝石	1	1000	3840	2688	0	1000	SDJNH_7z	0
212	5	80,89	(25794,1)	九级法攻宝石	1	1000	3840	2688	0	1000	SDJNH_7z	0
213	6	90,99	(25794,1)	九级法攻宝石	1	1000	3840	2688	0	1000	SDJNH_7z	0
214	7	100,119	(25794,1)	九级法攻宝石	1	1000	3840	2688	0	1000	SDJNH_7z	0
215	8	120,139	(25794,1)	九级法攻宝石	1	1000	3840	2688	0	1000	SDJNH_7z	0
216	9	140,179	(25794,1)	九级法攻宝石	1	1000	3840	2688	0	1000	SDJNH_7z	0
217	3	60,64	(25798,1)	九级免暴宝石	1	1000	3840	2688	0	1000	SDJNH_7z	0
218	4	65,79	(25798,1)	九级免暴宝石	1	1000	3840	2688	0	1000	SDJNH_7z	0
219	5	80,89	(25798,1)	九级免暴宝石	1	1000	3840	2688	0	1000	SDJNH_7z	0
220	6	90,99	(25798,1)	九级免暴宝石	1	1000	3840	2688	0	1000	SDJNH_7z	0
221	7	100,119	(25798,1)	九级免暴宝石	1	1000	3840	2688	0	1000	SDJNH_7z	0
222	8	120,139	(25798,1)	九级免暴宝石	1	1000	3840	2688	0	1000	SDJNH_7z	0
223	9	140,179	(25798,1)	九级免暴宝石	1	1000	3840	2688	0	1000	SDJNH_7z	0
224	3	60,64	(25950,1)	九级信仰符文	1	1000	3840	3072	0	1000	SDJNH_8z	0
225	4	65,79	(25950,1)	九级信仰符文	1	1000	3840	3072	0	1000	SDJNH_8z	0
226	5	80,89	(25950,1)	九级信仰符文	1	1000	3840	3072	0	1000	SDJNH_8z	0
227	6	90,99	(25950,1)	九级信仰符文	1	1000	3840	3072	0	1000	SDJNH_8z	0
228	7	100,119	(25950,1)	九级信仰符文	1	1000	3840	3072	0	1000	SDJNH_8z	0
229	8	120,139	(25950,1)	九级信仰符文	1	1000	3840	3072	0	1000	SDJNH_8z	0
230	9	140,179	(25950,1)	九级信仰符文	1	1000	3840	3072	0	1000	SDJNH_8z	0
231	3	60,64	(25797,1)	九级暴击宝石	1	1000	3840	2688	0	1000	SDJNH_7z	0
232	4	65,79	(25797,1)	九级暴击宝石	1	1000	3840	2688	0	1000	SDJNH_7z	0
233	5	80,89	(25797,1)	九级暴击宝石	1	1000	3840	2688	0	1000	SDJNH_7z	0
234	6	90,99	(25797,1)	九级暴击宝石	1	1000	3840	2688	0	1000	SDJNH_7z	0
235	7	100,119	(25797,1)	九级暴击宝石	1	1000	3840	2688	0	1000	SDJNH_7z	0
236	8	120,139	(25797,1)	九级暴击宝石	1	1000	3840	2688	0	1000	SDJNH_7z	0
237	9	140,179	(25797,1)	九级暴击宝石	1	1000	3840	2688	0	1000	SDJNH_7z	0
238	3	60,64	(25948,1)	九级英勇符文	1	1000	3840	3072	0	1000	SDJNH_8z	0
239	4	65,79	(25948,1)	九级英勇符文	1	1000	3840	3072	0	1000	SDJNH_8z	0
240	5	80,89	(25948,1)	九级英勇符文	1	1000	3840	3072	0	1000	SDJNH_8z	0
241	6	90,99	(25948,1)	九级英勇符文	1	1000	3840	3072	0	1000	SDJNH_8z	0
242	7	100,119	(25948,1)	九级英勇符文	1	1000	3840	3072	0	1000	SDJNH_8z	0
243	8	120,139	(25948,1)	九级英勇符文	1	1000	3840	3072	0	1000	SDJNH_8z	0
244	9	140,179	(25948,1)	九级英勇符文	1	1000	3840	3072	0	1000	SDJNH_8z	0
245	7	100,119	(27587,10)	装备洗练石	1	1000	100	80	0	0	SDJNH_8z	0
246	8	120,139	(27587,10)	装备洗练石	1	1000	100	80	0	0	SDJNH_8z	0
247	9	140,179	(27587,10)	装备洗练石	1	1000	100	80	0	0	SDJNH_8z	0
248	7	100,119	(27587,1)	装备洗练石	1	1000	10	8	0	0	SDJNH_8z	0
249	8	120,139	(27587,1)	装备洗练石	1	1000	10	8	0	0	SDJNH_8z	0
250	9	140,179	(27587,1)	装备洗练石	1	1000	10	8	0	0	SDJNH_8z	0
251	6	90,99	(27570,10)	时装水晶石	1	1000	100	80	0	20	SDJNH_8z	0
252	7	100,119	(27570,10)	时装水晶石	1	1000	100	80	0	20	SDJNH_8z	0
253	8	120,139	(27570,10)	时装水晶石	1	1000	100	80	0	20	SDJNH_8z	0
254	9	140,179	(27570,10)	时装水晶石	1	1000	100	80	0	20	SDJNH_8z	0
255	6	90,99	(27570,1)	时装水晶石	1	1000	10	8	0	0	SDJNH_8z	0
256	7	100,119	(27570,1)	时装水晶石	1	1000	10	8	0	0	SDJNH_8z	0
257	8	120,139	(27570,1)	时装水晶石	1	1000	10	8	0	0	SDJNH_8z	0
258	9	140,179	(27570,1)	时装水晶石	1	1000	10	8	0	0	SDJNH_8z	0
259	1	30,39	(26450,5)	许愿币	1	1000	100	40	1	40	SDJNH_4z	1
260	2	40,59	(26450,5)	许愿币	1	1000	100	40	1	40	SDJNH_4z	1
261	3	60,64	(26450,5)	许愿币	1	1000	100	40	1	40	SDJNH_4z	1
262	4	65,79	(26450,5)	许愿币	1	1000	100	40	1	40	SDJNH_4z	1
263	5	80,89	(26450,5)	许愿币	1	1000	100	40	1	40	SDJNH_4z	1
264	6	90,99	(26450,5)	许愿币	1	1000	100	40	1	40	SDJNH_4z	1
265	7	100,119	(26450,5)	许愿币	1	1000	100	40	1	40	SDJNH_4z	1
266	8	120,139	(26450,5)	许愿币	1	1000	100	40	1	40	SDJNH_4z	1
267	9	140,179	(26450,5)	许愿币	1	1000	100	40	1	40	SDJNH_4z	1
268	3	60,64	(26144,10)	宠物圣果	1	1000	100	40	1	40	SDJNH_4z	1
269	4	65,79	(26144,10)	宠物圣果	1	1000	100	40	1	40	SDJNH_4z	1
270	5	80,89	(26144,10)	宠物圣果	1	1000	100	40	1	40	SDJNH_4z	1
271	6	90,99	(26144,10)	宠物圣果	1	1000	100	40	1	40	SDJNH_4z	1
272	7	100,119	(26144,10)	宠物圣果	1	1000	100	40	1	40	SDJNH_4z	1
273	8	120,139	(26144,10)	宠物圣果	1	1000	100	40	1	40	SDJNH_4z	1
274	9	140,179	(26144,10)	宠物圣果	1	1000	100	40	1	40	SDJNH_4z	1
275	5	80,89	(26677,5)	时装精华	1	1000	100	40	1	40	SDJNH_4z	1
276	6	90,99	(26677,5)	时装精华	1	1000	100	40	1	40	SDJNH_4z	1
277	7	100,119	(26677,5)	时装精华	1	1000	100	40	1	40	SDJNH_4z	1
278	8	120,139	(26677,5)	时装精华	1	1000	100	40	1	40	SDJNH_4z	1
279	9	140,179	(26677,5)	时装精华	1	1000	100	40	1	40	SDJNH_4z	1
280	3	60,64	(26934,5)	星灵水晶	1	1000	100	50	1	50	SDJNH_5z	1
281	4	65,79	(26934,5)	星灵水晶	1	1000	100	50	1	50	SDJNH_5z	1
282	5	80,89	(26934,5)	星灵水晶	1	1000	100	50	1	50	SDJNH_5z	1
283	6	90,99	(26934,5)	星灵水晶	1	1000	100	50	1	50	SDJNH_5z	1
284	7	100,119	(26934,5)	星灵水晶	1	1000	100	50	1	50	SDJNH_5z	1
285	8	120,139	(26934,5)	星灵水晶	1	1000	100	50	1	50	SDJNH_5z	1
286	9	140,179	(26934,5)	星灵水晶	1	1000	100	50	1	50	SDJNH_5z	1
287	3	60,64	(26933,5)	星灵之羽	1	1000	100	40	1	40	SDJNH_4z	1
288	4	65,79	(26933,5)	星灵之羽	1	1000	100	40	1	40	SDJNH_4z	1
289	5	80,89	(26933,5)	星灵之羽	1	1000	100	40	1	40	SDJNH_4z	1
290	6	90,99	(26933,5)	星灵之羽	1	1000	100	40	1	40	SDJNH_4z	1
291	7	100,119	(26933,5)	星灵之羽	1	1000	100	40	1	40	SDJNH_4z	1
292	8	120,139	(26933,5)	星灵之羽	1	1000	100	40	1	40	SDJNH_4z	1
293	9	140,179	(26933,5)	星灵之羽	1	1000	100	40	1	40	SDJNH_4z	1
294	3	60,64	(26676,1)	时装之魄	1	1000	298	120	1	300	SDJNH_4z	1
295	4	65,79	(26676,1)	时装之魄	1	1000	298	120	1	300	SDJNH_4z	1
296	5	80,89	(26676,1)	时装之魄	1	1000	298	120	1	300	SDJNH_4z	1
297	6	90,99	(26676,1)	时装之魄	1	1000	298	120	1	300	SDJNH_4z	1
298	7	100,119	(26676,1)	时装之魄	1	1000	298	120	1	300	SDJNH_4z	1
299	8	120,139	(26676,1)	时装之魄	1	1000	298	120	1	300	SDJNH_4z	1
300	9	140,179	(26676,1)	时装之魄	1	1000	298	120	1	300	SDJNH_4z	1
301	5	80,89	(26298,5)	圣器附魔石	1	1000	250	112	1	200	SDJNH_4z	1
302	6	90,99	(26298,5)	圣器附魔石	1	1000	250	112	1	200	SDJNH_4z	1
303	7	100,119	(26298,5)	圣器附魔石	1	1000	250	112	1	200	SDJNH_4z	1
304	8	120,139	(26298,5)	圣器附魔石	1	1000	250	112	1	200	SDJNH_4z	1
305	9	140,179	(26298,5)	圣器附魔石	1	1000	250	112	1	200	SDJNH_4z	1
306	3	60,64	(26936,10)	魂炼之石	1	1000	100	60	1	60	SDJNH_6z	1
307	4	65,79	(26936,10)	魂炼之石	1	1000	100	60	1	60	SDJNH_6z	1
308	5	80,89	(26936,10)	魂炼之石	1	1000	100	60	1	60	SDJNH_6z	1
309	6	90,99	(26936,10)	魂炼之石	1	1000	100	60	1	60	SDJNH_6z	1
310	7	100,119	(26936,10)	魂炼之石	1	1000	100	60	1	60	SDJNH_6z	1
311	8	120,139	(26936,10)	魂炼之石	1	1000	100	60	1	60	SDJNH_6z	1
312	9	140,179	(26936,10)	魂炼之石	1	1000	100	60	1	60	SDJNH_6z	1
313	2	40,59	(26925,5)	生命之源	1	1000	125	50	1	50	SDJNH_4z	1
314	3	60,64	(26925,5)	生命之源	1	1000	125	50	1	50	SDJNH_4z	1
315	4	65,79	(26925,5)	生命之源	1	1000	125	50	1	50	SDJNH_4z	1
316	5	80,89	(26925,5)	生命之源	1	1000	125	50	1	50	SDJNH_4z	1
317	6	90,99	(26925,5)	生命之源	1	1000	125	50	1	50	SDJNH_4z	1
318	7	100,119	(26925,5)	生命之源	1	1000	125	50	1	50	SDJNH_4z	1
319	8	120,139	(26925,5)	生命之源	1	1000	125	50	1	50	SDJNH_4z	1
320	9	140,179	(26925,5)	生命之源	1	1000	125	50	1	50	SDJNH_4z	1
321	2	40,59	(26924,5)	生命结晶	1	1000	125	50	1	50	SDJNH_4z	1
322	3	60,64	(26924,5)	生命结晶	1	1000	125	50	1	50	SDJNH_4z	1
323	4	65,79	(26924,5)	生命结晶	1	1000	125	50	1	50	SDJNH_4z	1
324	5	80,89	(26924,5)	生命结晶	1	1000	125	50	1	50	SDJNH_4z	1
325	6	90,99	(26924,5)	生命结晶	1	1000	125	50	1	50	SDJNH_4z	1
326	7	100,119	(26924,5)	生命结晶	1	1000	125	50	1	50	SDJNH_4z	1
327	8	120,139	(26924,5)	生命结晶	1	1000	125	50	1	50	SDJNH_4z	1
328	9	140,179	(26924,5)	生命结晶	1	1000	125	50	1	50	SDJNH_4z	1
329	5	80,89	(27041,5)	龙脉精华	1	1000	150	75	1	75	SDJNH_5z	1
330	6	90,99	(27041,5)	龙脉精华	1	1000	150	75	1	75	SDJNH_5z	1
331	7	100,119	(27041,5)	龙脉精华	1	1000	150	75	1	75	SDJNH_5z	1
332	8	120,139	(27041,5)	龙脉精华	1	1000	150	75	1	75	SDJNH_5z	1
333	9	140,179	(27041,5)	龙脉精华	1	1000	150	75	1	75	SDJNH_5z	1
334	5	80,89	(27042,5)	龙脉精魄	1	1000	150	75	1	75	SDJNH_5z	1
335	6	90,99	(27042,5)	龙脉精魄	1	1000	150	75	1	75	SDJNH_5z	1
336	7	100,119	(27042,5)	龙脉精魄	1	1000	150	75	1	75	SDJNH_5z	1
337	8	120,139	(27042,5)	龙脉精魄	1	1000	150	75	1	75	SDJNH_5z	1
338	9	140,179	(27042,5)	龙脉精魄	1	1000	150	75	1	75	SDJNH_5z	1
339	1	30,39	(26026,1)	四级宝石礼盒	1	1000	120	25	1	50	SDJNH_2z	1
340	2	40,59	(26026,1)	四级宝石礼盒	1	1000	120	25	1	50	SDJNH_2z	1
341	3	60,64	(26026,1)	四级宝石礼盒	1	1000	120	25	1	50	SDJNH_2z	1
342	4	65,79	(26026,1)	四级宝石礼盒	1	1000	120	25	1	50	SDJNH_2z	1
343	5	80,89	(26026,1)	四级宝石礼盒	1	1000	120	25	1	50	SDJNH_2z	1
344	6	90,99	(26026,1)	四级宝石礼盒	1	1000	120	25	1	50	SDJNH_2z	1
345	7	100,119	(26026,1)	四级宝石礼盒	1	1000	120	25	1	50	SDJNH_2z	1
346	8	120,139	(26026,1)	四级宝石礼盒	1	1000	120	25	1	50	SDJNH_2z	1
347	9	140,179	(26026,1)	四级宝石礼盒	1	1000	120	25	1	50	SDJNH_2z	1
348	3	60,64	(26227,1)	四级符文礼盒	1	1000	120	36	1	50	SDJNH_3z	1
349	4	65,79	(26227,1)	四级符文礼盒	1	1000	120	36	1	50	SDJNH_3z	1
350	5	80,89	(26227,1)	四级符文礼盒	1	1000	120	36	1	50	SDJNH_3z	1
351	6	90,99	(26227,1)	四级符文礼盒	1	1000	120	36	1	50	SDJNH_3z	1
352	7	100,119	(26227,1)	四级符文礼盒	1	1000	120	36	1	50	SDJNH_3z	1
353	8	120,139	(26227,1)	四级符文礼盒	1	1000	120	36	1	50	SDJNH_3z	1
354	9	140,179	(26227,1)	四级符文礼盒	1	1000	120	36	1	50	SDJNH_3z	1
355	1	30,39	(25656,1)	一星召唤令	1	1000	250	25	1	50	SDJNH_1z	1
356	2	40,59	(25657,1)	二星召唤令	1	1000	250	25	1	50	SDJNH_1z	1
357	3	60,64	(25658,1)	三星召唤令	1	1000	250	25	1	50	SDJNH_1z	1
358	4	65,79	(25658,1)	三星召唤令	1	1000	250	25	1	50	SDJNH_1z	1
359	5	80,89	(25659,1)	四星召唤令	1	1000	250	25	1	50	SDJNH_1z	1
360	6	90,99	(25659,1)	四星召唤令	1	1000	250	25	1	50	SDJNH_1z	1
361	7	100,119	(25660,1)	五星召唤令	1	1000	250	25	1	50	SDJNH_1z	1
362	8	120,139	(26525,1)	六星召唤令	1	1000	250	25	1	50	SDJNH_1z	1
363	9	140,179	(27047,1)	七星召唤令	1	1000	250	25	1	50	SDJNH_1z	1
364	1	30,39	(26033,1)	二级宝石礼盒	1	1000	30	1	1	20	SDJNH_1z	1
365	2	40,59	(26033,1)	二级宝石礼盒	1	1000	30	1	1	20	SDJNH_1z	1
366	3	60,64	(26033,1)	二级宝石礼盒	1	1000	30	1	1	20	SDJNH_1z	1
367	4	65,79	(26033,1)	二级宝石礼盒	1	1000	30	1	1	20	SDJNH_1z	1
368	5	80,89	(26033,1)	二级宝石礼盒	1	1000	30	1	1	20	SDJNH_1z	1
369	6	90,99	(26033,1)	二级宝石礼盒	1	1000	30	1	1	20	SDJNH_1z	1
370	7	100,119	(26033,1)	二级宝石礼盒	1	1000	30	1	1	20	SDJNH_1z	1
371	8	120,139	(26033,1)	二级宝石礼盒	1	1000	30	1	1	20	SDJNH_1z	1
372	9	140,179	(26033,1)	二级宝石礼盒	1	1000	30	1	1	20	SDJNH_1z	1
373	3	60,64	(26119,1)	二级符文礼盒	1	1000	30	2	1	20	SDJNH_1z	1
374	4	65,79	(26119,1)	二级符文礼盒	1	1000	30	2	1	20	SDJNH_1z	1
375	5	80,89	(26119,1)	二级符文礼盒	1	1000	30	2	1	20	SDJNH_1z	1
376	6	90,99	(26119,1)	二级符文礼盒	1	1000	30	2	1	20	SDJNH_1z	1
377	7	100,119	(26119,1)	二级符文礼盒	1	1000	30	2	1	20	SDJNH_1z	1
378	8	120,139	(26119,1)	二级符文礼盒	1	1000	30	2	1	20	SDJNH_1z	1
379	9	140,179	(26119,1)	二级符文礼盒	1	1000	30	2	1	20	SDJNH_1z	1
380	2	40,59	(26042,5)	占卜令	1	1000	1000	300	1	500	SDJNH_3z	1
381	3	60,64	(26042,5)	占卜令	1	1000	1000	300	1	500	SDJNH_3z	1
382	2	40,59	(26042,1)	占卜令	1	1000	200	80	1	100	SDJNH_4z	1
383	3	60,64	(26042,1)	占卜令	1	1000	200	80	1	100	SDJNH_4z	1
384	1	30,39	(27648,1)	新年大礼包	1	1000	240	100	1	20	SDJNH_4z	1
385	2	40,59	(27648,1)	新年大礼包	1	1000	240	100	1	20	SDJNH_4z	1
386	3	60,64	(27648,1)	新年大礼包	1	1000	240	100	1	20	SDJNH_4z	1
387	4	65,79	(27648,1)	新年大礼包	1	1000	240	100	1	20	SDJNH_4z	1
388	5	80,89	(27648,1)	新年大礼包	1	1000	240	100	1	20	SDJNH_4z	1
389	6	90,99	(27648,1)	新年大礼包	1	1000	240	100	1	20	SDJNH_4z	1
390	7	100,119	(27648,1)	新年大礼包	1	1000	240	100	1	20	SDJNH_4z	1
391	8	120,139	(27648,1)	新年大礼包	1	1000	240	100	1	20	SDJNH_4z	1
392	9	140,179	(27648,1)	新年大礼包	1	1000	240	100	1	20	SDJNH_4z	1
393	4	65,79	(37011,1)	青衣之恋	1	1000	1000	268	1	500	SDJNH_3z	1
394	5	80,89	(37011,1)	青衣之恋	1	1000	1000	268	1	500	SDJNH_3z	1
395	6	90,99	(37011,1)	青衣之恋	1	1000	1000	268	1	500	SDJNH_3z	1
396	7	100,119	(37011,1)	青衣之恋	1	1000	1000	268	1	500	SDJNH_3z	1
397	8	120,139	(37011,1)	青衣之恋	1	1000	1000	268	1	500	SDJNH_3z	1
398	9	140,179	(37011,1)	青衣之恋	1	1000	1000	268	1	500	SDJNH_3z	1
399	4	65,79	(37013,1)	紫陌倾城	1	1000	1000	268	1	500	SDJNH_3z	1
400	5	80,89	(37013,1)	紫陌倾城	1	1000	1000	268	1	500	SDJNH_3z	1
401	6	90,99	(37013,1)	紫陌倾城	1	1000	1000	268	1	500	SDJNH_3z	1
402	7	100,119	(37013,1)	紫陌倾城	1	1000	1000	268	1	500	SDJNH_3z	1
403	8	120,139	(37013,1)	紫陌倾城	1	1000	1000	268	1	500	SDJNH_3z	1
404	9	140,179	(37013,1)	紫陌倾城	1	1000	1000	268	1	500	SDJNH_3z	1
405	2	40,59	(37018,1)	幽影	1	1000	488	179	1	400	SDJNH_4z	1
406	3	60,64	(37018,1)	幽影	1	1000	488	179	1	400	SDJNH_4z	1
407	4	65,79	(37018,1)	幽影	1	1000	488	179	1	400	SDJNH_4z	1
408	5	80,89	(37018,1)	幽影	1	1000	488	179	1	400	SDJNH_4z	1
409	6	90,99	(37018,1)	幽影	1	1000	488	179	1	400	SDJNH_4z	1
410	7	100,119	(37018,1)	幽影	1	1000	488	179	1	400	SDJNH_4z	1
411	8	120,139	(37018,1)	幽影	1	1000	488	179	1	400	SDJNH_4z	1
412	9	140,179	(37018,1)	幽影	1	1000	488	179	1	400	SDJNH_4z	1
413	2	40,59	(37019,1)	幽灵	1	1000	488	179	1	400	SDJNH_4z	1
414	3	60,64	(37019,1)	幽灵	1	1000	488	179	1	400	SDJNH_4z	1
415	4	65,79	(37019,1)	幽灵	1	1000	488	179	1	400	SDJNH_4z	1
416	5	80,89	(37019,1)	幽灵	1	1000	488	179	1	400	SDJNH_4z	1
417	6	90,99	(37019,1)	幽灵	1	1000	488	179	1	400	SDJNH_4z	1
418	7	100,119	(37019,1)	幽灵	1	1000	488	179	1	400	SDJNH_4z	1
419	8	120,139	(37019,1)	幽灵	1	1000	488	179	1	400	SDJNH_4z	1
420	9	140,179	(37019,1)	幽灵	1	1000	488	179	1	400	SDJNH_4z	1
421	2	40,59	(37020,1)	幽鬼	1	1000	388	149	1	400	SDJNH_4z	1
422	3	60,64	(37020,1)	幽鬼	1	1000	388	149	1	400	SDJNH_4z	1
423	4	65,79	(37020,1)	幽鬼	1	1000	388	149	1	400	SDJNH_4z	1
424	5	80,89	(37020,1)	幽鬼	1	1000	388	149	1	400	SDJNH_4z	1
425	6	90,99	(37020,1)	幽鬼	1	1000	388	149	1	400	SDJNH_4z	1
426	7	100,119	(37020,1)	幽鬼	1	1000	388	149	1	400	SDJNH_4z	1
427	8	120,139	(37020,1)	幽鬼	1	1000	388	149	1	400	SDJNH_4z	1
428	9	140,179	(37020,1)	幽鬼	1	1000	388	149	1	400	SDJNH_4z	1
429	1	30,39	(26226,1)	七级宝石礼盒	1	1000	960	298	1	1000	SDJNH_3z	1
430	2	40,59	(26226,1)	七级宝石礼盒	1	1000	960	298	1	1000	SDJNH_3z	1
431	3	60,64	(26226,1)	七级宝石礼盒	1	1000	960	298	1	1000	SDJNH_3z	1
432	4	65,79	(26226,1)	七级宝石礼盒	1	1000	960	298	1	1000	SDJNH_3z	1
433	5	80,89	(26226,1)	七级宝石礼盒	1	1000	960	298	1	1000	SDJNH_3z	1
434	6	90,99	(26226,1)	七级宝石礼盒	1	1000	960	298	1	1000	SDJNH_3z	1
435	7	100,119	(26226,1)	七级宝石礼盒	1	1000	960	298	1	1000	SDJNH_3z	1
436	8	120,139	(26226,1)	七级宝石礼盒	1	1000	960	298	1	1000	SDJNH_3z	1
437	9	140,179	(26226,1)	七级宝石礼盒	1	1000	960	298	1	1000	SDJNH_3z	1
438	3	60,64	(26230,1)	七级符文礼盒	1	1000	960	384	1	1000	SDJNH_4z	1
439	4	65,79	(26230,1)	七级符文礼盒	1	1000	960	384	1	1000	SDJNH_4z	1
440	5	80,89	(26230,1)	七级符文礼盒	1	1000	960	384	1	1000	SDJNH_4z	1
441	6	90,99	(26230,1)	七级符文礼盒	1	1000	960	384	1	1000	SDJNH_4z	1
442	7	100,119	(26230,1)	七级符文礼盒	1	1000	960	384	1	1000	SDJNH_4z	1
443	8	120,139	(26230,1)	七级符文礼盒	1	1000	960	384	1	1000	SDJNH_4z	1
444	9	140,179	(26230,1)	七级符文礼盒	1	1000	960	384	1	1000	SDJNH_4z	1
445	3	60,64	(25797,1)	九级暴击宝石	1	1000	3840	1536	1	3000	SDJNH_4z	1
446	4	65,79	(25797,1)	九级暴击宝石	1	1000	3840	1536	1	3000	SDJNH_4z	1
447	5	80,89	(25797,1)	九级暴击宝石	1	1000	3840	1536	1	3000	SDJNH_4z	1
448	6	90,99	(25797,1)	九级暴击宝石	1	1000	3840	1536	1	3000	SDJNH_4z	1
449	7	100,119	(25797,1)	九级暴击宝石	1	1000	3840	1536	1	3000	SDJNH_4z	1
450	8	120,139	(25797,1)	九级暴击宝石	1	1000	3840	1536	1	3000	SDJNH_4z	1
451	9	140,179	(25797,1)	九级暴击宝石	1	1000	3840	1536	1	3000	SDJNH_4z	1
452	3	60,64	(25948,1)	九级英勇符文	1	1000	3840	1920	1	3000	SDJNH_5z	1
453	4	65,79	(25948,1)	九级英勇符文	1	1000	3840	1920	1	3000	SDJNH_5z	1
454	5	80,89	(25948,1)	九级英勇符文	1	1000	3840	1920	1	3000	SDJNH_5z	1
455	6	90,99	(25948,1)	九级英勇符文	1	1000	3840	1920	1	3000	SDJNH_5z	1
456	7	100,119	(25948,1)	九级英勇符文	1	1000	3840	1920	1	3000	SDJNH_5z	1
457	8	120,139	(25948,1)	九级英勇符文	1	1000	3840	1920	1	3000	SDJNH_5z	1
458	9	140,179	(25948,1)	九级英勇符文	1	1000	3840	1920	1	3000	SDJNH_5z	1
459	3	60,64	(37007,1)	恶魔之翼	1	1000	1888	888	1	20000	SDJNH_5z	1
460	4	65,79	(37007,1)	恶魔之翼	1	1000	1888	888	1	20000	SDJNH_5z	1
461	5	80,89	(37007,1)	恶魔之翼	1	1000	1888	888	1	20000	SDJNH_5z	1
462	6	90,99	(37007,1)	恶魔之翼	1	1000	1888	888	1	20000	SDJNH_5z	1
463	7	100,119	(37007,1)	恶魔之翼	1	1000	1888	888	1	20000	SDJNH_5z	1
464	8	120,139	(37007,1)	恶魔之翼	1	1000	1888	888	1	20000	SDJNH_5z	1
465	9	140,179	(37007,1)	恶魔之翼	1	1000	1888	888	1	20000	SDJNH_5z	1
466	5	80,89	(26458,1)	射手座女神（紫）	1	1000	5888	1998	1	20000	SDJNH_3z	1
467	6	90,99	(26458,1)	射手座女神（紫）	1	1000	5888	1998	1	20000	SDJNH_3z	1
468	7	100,119	(26458,1)	射手座女神（紫）	1	1000	5888	1998	1	20000	SDJNH_3z	1
469	8	120,139	(26458,1)	射手座女神（紫）	1	1000	5888	1998	1	20000	SDJNH_3z	1
470	9	140,179	(26458,1)	射手座女神（紫）	1	1000	5888	1998	1	20000	SDJNH_3z	1
471	5	80,89	(26459,1)	射手座女神（橙）	1	1000	25888	8888	1	50000	SDJNH_3z	1
472	6	90,99	(26459,1)	射手座女神（橙）	1	1000	25888	8888	1	50000	SDJNH_3z	1
473	7	100,119	(26459,1)	射手座女神（橙）	1	1000	25888	8888	1	50000	SDJNH_3z	1
474	8	120,139	(26459,1)	射手座女神（橙）	1	1000	25888	8888	1	50000	SDJNH_3z	1
475	9	140,179	(26459,1)	射手座女神（橙）	1	1000	25888	8888	1	50000	SDJNH_3z	1
476	7	100,119	(27587,10)	装备洗练石	1	1000	100	50	1	50	SDJNH_5z	1
477	8	120,139	(27587,10)	装备洗练石	1	1000	100	50	1	50	SDJNH_5z	1
478	9	140,179	(27587,10)	装备洗练石	1	1000	100	50	1	50	SDJNH_5z	1
479	1	30,39	(25793,1)	九级物攻宝石	1	1000	3840	1536	1	3000	SDJNH_4z	1
480	2	40,59	(25793,1)	九级物攻宝石	1	1000	3840	1536	1	3000	SDJNH_4z	1
481	3	60,64	(25793,1)	九级物攻宝石	1	1000	3840	1536	1	3000	SDJNH_4z	1
482	4	65,79	(25793,1)	九级物攻宝石	1	1000	3840	1536	1	3000	SDJNH_4z	1
483	5	80,89	(25793,1)	九级物攻宝石	1	1000	3840	1536	1	3000	SDJNH_4z	1
484	6	90,99	(25793,1)	九级物攻宝石	1	1000	3840	1536	1	3000	SDJNH_4z	1
485	7	100,119	(25793,1)	九级物攻宝石	1	1000	3840	1536	1	3000	SDJNH_4z	1
486	8	120,139	(25793,1)	九级物攻宝石	1	1000	3840	1536	1	3000	SDJNH_4z	1
487	9	140,179	(25793,1)	九级物攻宝石	1	1000	3840	1536	1	3000	SDJNH_4z	1
488	1	30,39	(25794,1)	九级法攻宝石	1	1000	3840	1536	1	3000	SDJNH_4z	1
489	2	40,59	(25794,1)	九级法攻宝石	1	1000	3840	1536	1	3000	SDJNH_4z	1
490	3	60,64	(25794,1)	九级法攻宝石	1	1000	3840	1536	1	3000	SDJNH_4z	1
491	4	65,79	(25794,1)	九级法攻宝石	1	1000	3840	1536	1	3000	SDJNH_4z	1
492	5	80,89	(25794,1)	九级法攻宝石	1	1000	3840	1536	1	3000	SDJNH_4z	1
493	6	90,99	(25794,1)	九级法攻宝石	1	1000	3840	1536	1	3000	SDJNH_4z	1
494	7	100,119	(25794,1)	九级法攻宝石	1	1000	3840	1536	1	3000	SDJNH_4z	1
495	8	120,139	(25794,1)	九级法攻宝石	1	1000	3840	1536	1	3000	SDJNH_4z	1
496	9	140,179	(25794,1)	九级法攻宝石	1	1000	3840	1536	1	3000	SDJNH_4z	1
497	3	60,64	(25798,1)	九级免暴宝石	1	1000	3840	1536	1	3000	SDJNH_4z	1
498	4	65,79	(25798,1)	九级免暴宝石	1	1000	3840	1536	1	3000	SDJNH_4z	1
499	5	80,89	(25798,1)	九级免暴宝石	1	1000	3840	1536	1	3000	SDJNH_4z	1
500	6	90,99	(25798,1)	九级免暴宝石	1	1000	3840	1536	1	3000	SDJNH_4z	1
501	7	100,119	(25798,1)	九级免暴宝石	1	1000	3840	1536	1	3000	SDJNH_4z	1
502	8	120,139	(25798,1)	九级免暴宝石	1	1000	3840	1536	1	3000	SDJNH_4z	1
503	9	140,179	(25798,1)	九级免暴宝石	1	1000	3840	1536	1	3000	SDJNH_4z	1
504	3	60,64	(25950,1)	九级信仰符文	1	1000	3840	1920	1	3000	SDJNH_5z	1
505	4	65,79	(25950,1)	九级信仰符文	1	1000	3840	1920	1	3000	SDJNH_5z	1
506	5	80,89	(25950,1)	九级信仰符文	1	1000	3840	1920	1	3000	SDJNH_5z	1
507	6	90,99	(25950,1)	九级信仰符文	1	1000	3840	1920	1	3000	SDJNH_5z	1
508	7	100,119	(25950,1)	九级信仰符文	1	1000	3840	1920	1	3000	SDJNH_5z	1
509	8	120,139	(25950,1)	九级信仰符文	1	1000	3840	1920	1	3000	SDJNH_5z	1
510	9	140,179	(25950,1)	九级信仰符文	1	1000	3840	1920	1	3000	SDJNH_5z	1
511	6	90,99	(27570,10)	时装水晶石	1	1000	100	50	1	50	SDJNH_5z	1
512	7	100,119	(27570,10)	时装水晶石	1	1000	100	50	1	50	SDJNH_5z	1
513	8	120,139	(27570,10)	时装水晶石	1	1000	100	50	1	50	SDJNH_5z	1
514	9	140,179	(27570,10)	时装水晶石	1	1000	100	50	1	50	SDJNH_5z	1
