skillId	skillLevel	name	skillZDL
技能ID	技能等级	技能名字，策划用	技能战斗力
101	1	猛击	50
101	2	猛击	1000
101	3	猛击	1500
101	4	猛击	2609
101	5	猛击	3000
102	1	巨龙劈	100
102	2	巨龙劈	1000
102	3	巨龙劈	2000
102	4	巨龙劈	2500
103	1	光明护盾	420
103	2	光明护盾	1800
103	3	光明护盾	2300
103	4	光明护盾	2800
104	1	红莲飞刃	1100
104	2	红莲飞刃	1600
104	3	红莲飞刃	2300
104	4	红莲飞刃	2800
105	1	伤口包扎	1200
105	2	伤口包扎	1500
106	1	裂风	50
106	2	裂风	200
106	3	裂风	1300
106	4	裂风	2000
106	5	裂风	2500
107	1	激励	1900
107	2	激励	2500
108	1	战神守护	2000
108	2	战神守护	2800
109	1	爆炎	50
109	2	爆炎	1000
109	3	爆炎	1500
109	4	爆炎	2609
109	5	爆炎	3000
110	1	神圣审判	100
110	2	神圣审判	1000
110	3	神圣审判	2000
110	4	神圣审判	2500
111	1	风之庇佑	420
111	2	风之庇佑	1800
111	3	风之庇佑	2300
111	4	风之庇佑	2800
112	1	雷鸣爆破	1100
112	2	雷鸣爆破	1600
112	3	雷鸣爆破	2300
112	4	雷鸣爆破	2800
113	1	神圣之光	1200
113	2	神圣之光	1500
114	1	落雷	50
114	2	落雷	200
114	3	落雷	2000
114	4	落雷	2500
114	5	落雷	2500
115	1	战争祝福	1900
115	2	战争祝福	2500
116	1	群体治愈	2000
116	2	群体治愈	2800
1003	1	冰雪风暴	140
1003	2	冰雪风暴	735
1003	3	冰雪风暴	1162
1003	4	冰雪风暴	1386
1003	5	冰雪风暴	1554
1003	6	冰雪风暴	1687
1003	7	冰雪风暴	1841
1003	8	冰雪风暴	1995
1003	9	冰雪风暴	2149
1003	10	冰雪风暴	2303
1004	1	炎龙吐息	140
1004	2	炎龙吐息	735
1004	3	炎龙吐息	1162
1004	4	炎龙吐息	1386
1004	5	炎龙吐息	1554
1004	6	炎龙吐息	1687
1004	7	炎龙吐息	1841
1004	8	炎龙吐息	1995
1004	9	炎龙吐息	2149
1004	10	炎龙吐息	2303
2127	1	突刺	100
2128	1	聚龙突刺	100
2129	1	劲弩	100
2130	1	爆裂之弩	100
2131	1	聚力斩	100
2132	1	圣光斩	100
2133	1	撕裂之爪	100
2134	1	疾风钢爪	100
2135	1	冰锥术	100
2136	1	冰雹雨	100
2137	1	长矛突刺	100
2138	1	龙牙突刺	100
2139	1	大天使主动技	100
2140	1	圣光天使主动技	100
2141	1	投矛手主动技	100
2142	1	致命投矛手主动技	100
2143	1	僵尸主动技	100
2144	1	嗜血狂魔主动技	100
2145	1	噬心诅咒	100
2146	1	心灵痛击	100
2147	1	血刃	100
2148	1	鲜血魔刃	100
2149	1	尸巫主动技	100
2150	1	毒气尸巫主动技	100
2151	1	死亡骑士主动技	100
2152	1	恐怖骑士主动技	100
2153	1	死神之镰	100
2154	1	死亡恐惧	100
2155	1	地精主动技	100
2156	1	地精进阶主动技	100
2157	1	旋风	100
2158	1	黑影狂风	100
2159	1	阔斧劈	100
2160	1	丧胆猛劈	100
2161	1	愤怒	100
2162	1	狂暴	100
2163	1	啄击	100
2164	1	电闪一击	100
2165	1	独眼巨人主动技	100
2166	1	独眼巨人进阶主动技	100
2167	1	爪击	100
2168	1	撕裂	100
2169	1	流云斩	100
2170	1	风暴双刃	100
2171	1	魔法弓箭	100
2172	1	冰魔箭	100
2173	1	寒冰刺	100
2174	1	冰封之球	100
2175	1	独角兽主动技	100
2176	1	独角兽进阶主动技	100
2177	1	光芒之剑	100
2178	1	净魔之剑	100
2179	1	树精主动技	100
2180	1	树精进阶主动技	100
2181	1	火焰吐息	100
2182	1	神圣之火	100
2183	1	石盾	100
2184	1	钻石之盾	100
2185	1	掷矛手主动技	100
2186	1	掷矛手进阶主动技	100
2187	1	熊吼	100
2188	1	巨熊之怒	100
2189	1	狂战士主动技	100
2190	1	狂战士进阶主动技	100
2191	1	圣光术	100
2192	1	圣光照	100
2193	1	雷涌	100
2194	1	雷鸣风暴	100
2195	1	岩石之肤	100
2196	1	钻石之肤	100
2197	1	小恶魔主动技	100
2198	1	小恶魔进阶主动技	100
2199	1	致命长枪	100
2200	1	龙枪突刺	100
2201	1	精神鞭笞	100
2202	1	死亡鞭笞	100
2203	1	刺魔主动技	100
2204	1	刺魔进阶主动技	100
2205	1	梦魇主动技	100
2206	1	梦魇进阶主动技	100
2207	1	狂战魔主动技	100
2208	1	狂战魔进阶主动技	100
2209	1	血之渴望	100
2210	1	血腥之翼	100
2211	1	气元素主动技	100
2212	1	气元素进阶主动技	100
2213	1	水元素主动技	100
2214	1	水元素进阶主动技	100
2215	1	火元素主动技	100
2216	1	火元素进阶主动技	100
2217	1	岩石之肤	100
2218	1	钻石之肤	100
2219	1	灵光照	100
2220	1	圣光之耀	100
2221	1	暗元素主动技	100
2222	1	暗元素进阶主动技	100
2223	1	冰火之怒	100
2224	1	圣光之耀	100
2225	1	瞄准射击	100
2226	1	巨炮轰击	100
2227	1	吸血之触	100
2228	1	血腥之翼	100
2229	1	快刀斩	100
2230	1	双刀风暴	100
2231	1	法师主动技	100
2232	1	法师进阶主动技	100
2233	1	神怪主动技	100
2234	1	神怪进阶主动技	100
2235	1	光刃斩	100
2236	1	疾风双刃	100
2237	1	泰坦主动技	100
2238	1	泰坦进阶主动技	100
2239	1	强盗主动技	100
2240	1	强盗进阶主动技	100
2241	1	海盗主动技	100
2242	1	海盗进阶主动技	100
2243	1	夺命射击	100
2244	1	双枪射击	100
2245	1	夺灵术	100
2246	1	吸魂术	100
2247	1	毒刃	100
2248	1	夜影击	100
2249	1	怒劈	100
2250	1	俯冲斩	100
31001	1	铁盾	100
31002	1	钢盾	100
31003	1	穿杨	100
31004	1	裂甲	100
31005	1	健体(1级)	100
31006	1	健体(2级)	100
31127	1	健体(3级)	100
31007	1	锋利(1级)	100
31008	1	锋利(2级)	100
31128	1	锋利(3级)	100
31009	1	法师奥义(1级)	100
31010	1	法师奥义(2级)	100
31129	1	法师奥义(3级)	100
31011	1	骑术	100
31012	1	骑兵突击	100
31013	1	测试	100
31014	1	测试	100
31015	1	测试	100
31016	1	测试	100
31017	1	测试	100
31018	1	测试	100
31019	1	鬼影(1级)	100
31020	1	鬼影(2级)	100
31130	1	鬼影(3级)	100
31021	1	巨剑之力	100
31022	1	黑暗之力	100
31023	1	测试	100
31024	1	测试	100
31025	1	测试	100
31026	1	测试	100
31027	1	死亡气息(1级)	100
31028	1	死亡气息(2级)	100
31131	1	死亡气息(3级)	100
31029	1	测试	100
31030	1	测试	100
31031	1	狡诈(1级)	100
31032	1	狡诈(2级)	100
31132	1	狡诈(3级)	100
31033	1	好战	100
31034	1	勇猛	100
31035	1	钢铁之躯(1级)	100
31036	1	钢铁之躯(2级)	100
31133	1	钢铁之躯(3级)	100
31037	1	雷电之翼(1级)	100
31038	1	雷电之翼(2级)	100
31134	1	雷电之翼(3级)	100
31039	1	测试	100
31040	1	测试	100
31041	1	强壮(1级)	100
31042	1	强壮(2级)	100
31135	1	强壮(3级)	100
31043	1	刀刃护体(1级)	100
31044	1	刀刃护体(2级)	100
31136	1	刀刃护体(3级)	100
31045	1	穿心箭头(1级)	100
31046	1	穿心箭头(2级)	100
31137	1	穿心箭头(3级)	100
31047	1	聪慧	100
31048	1	睿智	100
31049	1	测试	100
31050	1	测试	100
31051	1	急速俯冲(1级)	100
31052	1	急速俯冲(2级)	100
31138	1	急速俯冲(3级)	100
31053	1	测试	100
31054	1	测试	100
31055	1	急速火焰(1级)	100
31056	1	急速火焰(2级)	100
31139	1	急速火焰(3级)	100
31057	1	顽强	100
31058	1	越战越勇	100
31059	1	测试	100
31060	1	测试	100
31061	1	坚韧	100
31062	1	不死决心	100
31063	1	测试	100
31064	1	测试	100
31065	1	魔法力量(1级)	100
31066	1	魔法力量(2级)	100
31140	1	魔法力量(3级)	100
31067	1	清晰(1级)	100
31068	1	清晰(2级)	100
31141	1	清晰(3级)	100
31069	1	顽强	100
31070	1	越战越勇	100
31071	1	测试	100
31072	1	测试	100
31073	1	龙之眼(1级)	100
31074	1	龙之眼(2级)	100
31142	1	龙之眼(3级)	100
31075	1	魅影(1级)	100
31076	1	魅影(2级)	100
31143	1	魅影(3级)	100
31077	1	测试	100
31078	1	测试	100
31079	1	测试	100
31080	1	测试	100
31081	1	测试	100
31082	1	测试	100
31083	1	深渊之力(1级)	100
31084	1	深渊之力(2级)	100
31144	1	深渊之力(3级)	100
31085	1	测试	100
31086	1	测试	100
31087	1	测试	100
31088	1	测试	100
31089	1	测试	100
31090	1	测试	100
31091	1	大地苏醒(1级)	100
31092	1	大地苏醒(2级)	100
31145	1	大地苏醒(3级)	100
31093	1	无形	100
31094	1	虚灵	100
31095	1	测试	100
31096	1	测试	100
31097	1	魔法凝聚(1级)	100
31098	1	魔法凝聚(2级)	100
31146	1	魔法凝聚(3级)	100
31099	1	稳固	100
31100	1	爆破火药	100
31101	1	利齿	100
31102	1	血之诅咒	100
31103	1	快刀	100
31104	1	无影	100
31105	1	测试	100
31106	1	测试	100
31107	1	测试	100
31108	1	测试	100
31109	1	坚毅(1级)	100
31110	1	坚毅(2级)	100
31147	1	坚毅(3级)	100
31111	1	测试	100
31112	1	测试	100
31113	1	测试	100
31114	1	测试	100
31115	1	测试	100
31116	1	测试	100
31117	1	精准枪头(1级)	100
31118	1	精准枪头(2级)	100
31148	1	精准枪头(3级)	100
31119	1	无形(1级)	100
31120	1	无形(2级)	100
31149	1	无形(3级)	100
31121	1	敏锐	100
31122	1	刺杀	100
31123	1	平衡打击(1级)	100
31124	1	平衡打击(2级)	100
31150	1	平衡打击(3级)	100
31125	1	测试	100
31126	1	测试	100
