level	bindRMB	rewardItemList	rewardPreview
玩家等级	魔晶	奖励物品列表[(物品Coding, 数量)]	奖励预览列表[(物品Coding, 数量)]
1	10	[(25661,3),(25681,3)]	[(25829,10),(25661,3),(25681,3)]
2	10	[(25661,3),(25681,3)]	[(25829,10),(25661,3),(25681,3)]
3	10	[(25661,3),(25681,3)]	[(25829,10),(25661,3),(25681,3)]
4	10	[(25661,3),(25681,3)]	[(25829,10),(25661,3),(25681,3)]
5	10	[(25661,3),(25681,3)]	[(25829,10),(25661,3),(25681,3)]
6	10	[(25661,3),(25681,3)]	[(25829,10),(25661,3),(25681,3)]
7	10	[(25661,3),(25681,3)]	[(25829,10),(25661,3),(25681,3)]
8	10	[(25661,3),(25681,3)]	[(25829,10),(25661,3),(25681,3)]
9	10	[(25661,3),(25681,3)]	[(25829,10),(25661,3),(25681,3)]
10	10	[(25661,3),(25681,3)]	[(25829,10),(25661,3),(25681,3)]
11	10	[(25661,3),(25681,3)]	[(25829,10),(25661,3),(25681,3)]
12	10	[(25661,3),(25681,3)]	[(25829,10),(25661,3),(25681,3)]
13	10	[(25661,3),(25681,3)]	[(25829,10),(25661,3),(25681,3)]
14	10	[(25661,3),(25681,3)]	[(25829,10),(25661,3),(25681,3)]
15	10	[(25661,3),(25681,3)]	[(25829,10),(25661,3),(25681,3)]
16	10	[(25661,3),(25681,3)]	[(25829,10),(25661,3),(25681,3)]
17	10	[(25661,3),(25681,3)]	[(25829,10),(25661,3),(25681,3)]
18	10	[(25661,3),(25681,3)]	[(25829,10),(25661,3),(25681,3)]
19	10	[(25661,3),(25681,3)]	[(25829,10),(25661,3),(25681,3)]
20	10	[(25661,3),(25681,3)]	[(25829,10),(25661,3),(25681,3)]
21	10	[(25661,3),(25681,3)]	[(25829,10),(25661,3),(25681,3)]
22	10	[(25661,3),(25681,3)]	[(25829,10),(25661,3),(25681,3)]
23	10	[(25661,3),(25681,3)]	[(25829,10),(25661,3),(25681,3)]
24	10	[(25661,3),(25681,3)]	[(25829,10),(25661,3),(25681,3)]
25	10	[(25661,3),(25681,3)]	[(25829,10),(25661,3),(25681,3)]
26	10	[(25661,3),(25681,3)]	[(25829,10),(25661,3),(25681,3)]
27	10	[(25661,3),(25681,3)]	[(25829,10),(25661,3),(25681,3)]
28	10	[(25661,3),(25681,3)]	[(25829,10),(25661,3),(25681,3)]
29	10	[(25661,3),(25681,3)]	[(25829,10),(25661,3),(25681,3)]
30	10	[(25661,3),(25681,3)]	[(25829,10),(25661,3),(25681,3)]
31	10	[(25661,3),(25681,3)]	[(25829,10),(25661,3),(25681,3)]
32	10	[(25661,3),(25681,3)]	[(25829,10),(25661,3),(25681,3)]
33	10	[(25661,3),(25681,3)]	[(25829,10),(25661,3),(25681,3)]
34	10	[(25661,3),(25681,3)]	[(25829,10),(25661,3),(25681,3)]
35	10	[(25661,3),(25681,3)]	[(25829,10),(25661,3),(25681,3)]
36	10	[(25661,3),(25681,3)]	[(25829,10),(25661,3),(25681,3)]
37	10	[(25661,3),(25681,3)]	[(25829,10),(25661,3),(25681,3)]
38	10	[(25661,3),(25681,3)]	[(25829,10),(25661,3),(25681,3)]
39	10	[(25661,3),(25681,3)]	[(25829,10),(25661,3),(25681,3)]
40	10	[(25661,3),(25682,3)]	[(25829,10),(25661,3),(25682,3)]
41	10	[(25661,3),(25682,3)]	[(25829,10),(25661,3),(25682,3)]
42	10	[(25661,3),(25682,3)]	[(25829,10),(25661,3),(25682,3)]
43	10	[(25661,3),(25682,3)]	[(25829,10),(25661,3),(25682,3)]
44	10	[(25661,3),(25682,3)]	[(25829,10),(25661,3),(25682,3)]
45	10	[(25661,3),(25682,3)]	[(25829,10),(25661,3),(25682,3)]
46	10	[(25661,3),(25682,3)]	[(25829,10),(25661,3),(25682,3)]
47	10	[(25661,3),(25682,3)]	[(25829,10),(25661,3),(25682,3)]
48	10	[(25661,3),(25682,3)]	[(25829,10),(25661,3),(25682,3)]
49	10	[(25661,3),(25682,3)]	[(25829,10),(25661,3),(25682,3)]
50	10	[(25661,3),(25682,3)]	[(25829,10),(25661,3),(25682,3)]
51	10	[(25661,3),(25682,3)]	[(25829,10),(25661,3),(25682,3)]
52	10	[(25661,3),(25682,3)]	[(25829,10),(25661,3),(25682,3)]
53	10	[(25661,3),(25682,3)]	[(25829,10),(25661,3),(25682,3)]
54	10	[(25661,3),(25682,3)]	[(25829,10),(25661,3),(25682,3)]
55	10	[(25661,3),(25682,3)]	[(25829,10),(25661,3),(25682,3)]
56	10	[(25661,3),(25682,3)]	[(25829,10),(25661,3),(25682,3)]
57	10	[(25661,3),(25682,3)]	[(25829,10),(25661,3),(25682,3)]
58	10	[(25661,3),(25682,3)]	[(25829,10),(25661,3),(25682,3)]
59	10	[(25661,3),(25682,3)]	[(25829,10),(25661,3),(25682,3)]
60	10	[(25662,3),(25683,3)]	[(25829,10),(25662,3),(25683,3)]
61	10	[(25662,3),(25683,3)]	[(25829,10),(25662,3),(25683,3)]
62	10	[(25662,3),(25683,3)]	[(25829,10),(25662,3),(25683,3)]
63	10	[(25662,3),(25683,3)]	[(25829,10),(25662,3),(25683,3)]
64	10	[(25662,3),(25683,3)]	[(25829,10),(25662,3),(25683,3)]
65	10	[(25662,3),(25683,3)]	[(25829,10),(25662,3),(25683,3)]
66	10	[(25662,3),(25683,3)]	[(25829,10),(25662,3),(25683,3)]
67	10	[(25662,3),(25683,3)]	[(25829,10),(25662,3),(25683,3)]
68	10	[(25662,3),(25683,3)]	[(25829,10),(25662,3),(25683,3)]
69	10	[(25662,3),(25683,3)]	[(25829,10),(25662,3),(25683,3)]
70	10	[(25662,3),(25683,3)]	[(25829,10),(25662,3),(25683,3)]
71	10	[(25662,3),(25683,3)]	[(25829,10),(25662,3),(25683,3)]
72	10	[(25662,3),(25683,3)]	[(25829,10),(25662,3),(25683,3)]
73	10	[(25662,3),(25683,3)]	[(25829,10),(25662,3),(25683,3)]
74	10	[(25662,3),(25683,3)]	[(25829,10),(25662,3),(25683,3)]
75	10	[(25662,3),(25683,3)]	[(25829,10),(25662,3),(25683,3)]
76	10	[(25662,3),(25683,3)]	[(25829,10),(25662,3),(25683,3)]
77	10	[(25662,3),(25683,3)]	[(25829,10),(25662,3),(25683,3)]
78	10	[(25662,3),(25683,3)]	[(25829,10),(25662,3),(25683,3)]
79	10	[(25662,3),(25683,3)]	[(25829,10),(25662,3),(25683,3)]
80	10	[(25663,3),(25684,3)]	[(25829,10),(25663,3),(25684,3)]
81	10	[(25663,3),(25684,3)]	[(25829,10),(25663,3),(25684,3)]
82	10	[(25663,3),(25684,3)]	[(25829,10),(25663,3),(25684,3)]
83	10	[(25663,3),(25684,3)]	[(25829,10),(25663,3),(25684,3)]
84	10	[(25663,3),(25684,3)]	[(25829,10),(25663,3),(25684,3)]
85	10	[(25663,3),(25684,3)]	[(25829,10),(25663,3),(25684,3)]
86	10	[(25663,3),(25684,3)]	[(25829,10),(25663,3),(25684,3)]
87	10	[(25663,3),(25684,3)]	[(25829,10),(25663,3),(25684,3)]
88	10	[(25663,3),(25684,3)]	[(25829,10),(25663,3),(25684,3)]
89	10	[(25663,3),(25684,3)]	[(25829,10),(25663,3),(25684,3)]
90	10	[(25663,3),(25684,3)]	[(25829,10),(25663,3),(25684,3)]
91	10	[(25663,3),(25684,3)]	[(25829,10),(25663,3),(25684,3)]
92	10	[(25663,3),(25684,3)]	[(25829,10),(25663,3),(25684,3)]
93	10	[(25663,3),(25684,3)]	[(25829,10),(25663,3),(25684,3)]
94	10	[(25663,3),(25684,3)]	[(25829,10),(25663,3),(25684,3)]
95	10	[(25663,3),(25684,3)]	[(25829,10),(25663,3),(25684,3)]
96	10	[(25663,3),(25684,3)]	[(25829,10),(25663,3),(25684,3)]
97	10	[(25663,3),(25684,3)]	[(25829,10),(25663,3),(25684,3)]
98	10	[(25663,3),(25684,3)]	[(25829,10),(25663,3),(25684,3)]
99	10	[(25663,3),(25684,3)]	[(25829,10),(25663,3),(25684,3)]
100	10	[(25664,3),(25685,3)]	[(25829,10),(25664,3),(25685,3)]
101	10	[(25664,3),(25685,3)]	[(25829,10),(25664,3),(25685,3)]
102	10	[(25664,3),(25685,3)]	[(25829,10),(25664,3),(25685,3)]
103	10	[(25664,3),(25685,3)]	[(25829,10),(25664,3),(25685,3)]
104	10	[(25664,3),(25685,3)]	[(25829,10),(25664,3),(25685,3)]
105	10	[(25664,3),(25685,3)]	[(25829,10),(25664,3),(25685,3)]
106	10	[(25664,3),(25685,3)]	[(25829,10),(25664,3),(25685,3)]
107	10	[(25664,3),(25685,3)]	[(25829,10),(25664,3),(25685,3)]
108	10	[(25664,3),(25685,3)]	[(25829,10),(25664,3),(25685,3)]
109	10	[(25664,3),(25685,3)]	[(25829,10),(25664,3),(25685,3)]
110	10	[(25664,3),(25685,3)]	[(25829,10),(25664,3),(25685,3)]
111	10	[(25664,3),(25685,3)]	[(25829,10),(25664,3),(25685,3)]
112	10	[(25664,3),(25685,3)]	[(25829,10),(25664,3),(25685,3)]
113	10	[(25664,3),(25685,3)]	[(25829,10),(25664,3),(25685,3)]
114	10	[(25664,3),(25685,3)]	[(25829,10),(25664,3),(25685,3)]
115	10	[(25664,3),(25685,3)]	[(25829,10),(25664,3),(25685,3)]
116	10	[(25664,3),(25685,3)]	[(25829,10),(25664,3),(25685,3)]
117	10	[(25664,3),(25685,3)]	[(25829,10),(25664,3),(25685,3)]
118	10	[(25664,3),(25685,3)]	[(25829,10),(25664,3),(25685,3)]
119	10	[(25664,3),(25685,3)]	[(25829,10),(25664,3),(25685,3)]
120	10	[(25665,3),(25686,3)]	[(25829,10),(25665,3),(25686,3)]
121	10	[(25665,3),(25686,3)]	[(25829,10),(25665,3),(25686,3)]
122	10	[(25665,3),(25686,3)]	[(25829,10),(25665,3),(25686,3)]
123	10	[(25665,3),(25686,3)]	[(25829,10),(25665,3),(25686,3)]
124	10	[(25665,3),(25686,3)]	[(25829,10),(25665,3),(25686,3)]
125	10	[(25665,3),(25686,3)]	[(25829,10),(25665,3),(25686,3)]
126	10	[(25665,3),(25686,3)]	[(25829,10),(25665,3),(25686,3)]
127	10	[(25665,3),(25686,3)]	[(25829,10),(25665,3),(25686,3)]
128	10	[(25665,3),(25686,3)]	[(25829,10),(25665,3),(25686,3)]
129	10	[(25665,3),(25686,3)]	[(25829,10),(25665,3),(25686,3)]
130	10	[(25665,3),(25686,3)]	[(25829,10),(25665,3),(25686,3)]
131	10	[(25665,3),(25686,3)]	[(25829,10),(25665,3),(25686,3)]
132	10	[(25665,3),(25686,3)]	[(25829,10),(25665,3),(25686,3)]
133	10	[(25665,3),(25686,3)]	[(25829,10),(25665,3),(25686,3)]
134	10	[(25665,3),(25686,3)]	[(25829,10),(25665,3),(25686,3)]
135	10	[(25665,3),(25686,3)]	[(25829,10),(25665,3),(25686,3)]
136	10	[(25665,3),(25686,3)]	[(25829,10),(25665,3),(25686,3)]
137	10	[(25665,3),(25686,3)]	[(25829,10),(25665,3),(25686,3)]
138	10	[(25665,3),(25686,3)]	[(25829,10),(25665,3),(25686,3)]
139	10	[(25665,3),(25686,3)]	[(25829,10),(25665,3),(25686,3)]
140	10	[(27048,3),(26607,3)]	[(25829,10),(27048,3),(26607,3)]
141	10	[(27048,3),(26607,3)]	[(25829,10),(27048,3),(26607,3)]
142	10	[(27048,3),(26607,3)]	[(25829,10),(27048,3),(26607,3)]
143	10	[(27048,3),(26607,3)]	[(25829,10),(27048,3),(26607,3)]
144	10	[(27048,3),(26607,3)]	[(25829,10),(27048,3),(26607,3)]
145	10	[(27048,3),(26607,3)]	[(25829,10),(27048,3),(26607,3)]
146	10	[(27048,3),(26607,3)]	[(25829,10),(27048,3),(26607,3)]
147	10	[(27048,3),(26607,3)]	[(25829,10),(27048,3),(26607,3)]
148	10	[(27048,3),(26607,3)]	[(25829,10),(27048,3),(26607,3)]
149	10	[(27048,3),(26607,3)]	[(25829,10),(27048,3),(26607,3)]
150	10	[(27048,3),(26607,3)]	[(25829,10),(27048,3),(26607,3)]
151	10	[(27048,3),(26607,3)]	[(25829,10),(27048,3),(26607,3)]
152	10	[(27048,3),(26607,3)]	[(25829,10),(27048,3),(26607,3)]
153	10	[(27048,3),(26607,3)]	[(25829,10),(27048,3),(26607,3)]
154	10	[(27048,3),(26607,3)]	[(25829,10),(27048,3),(26607,3)]
155	10	[(27048,3),(26607,3)]	[(25829,10),(27048,3),(26607,3)]
156	10	[(27048,3),(26607,3)]	[(25829,10),(27048,3),(26607,3)]
157	10	[(27048,3),(26607,3)]	[(25829,10),(27048,3),(26607,3)]
158	10	[(27048,3),(26607,3)]	[(25829,10),(27048,3),(26607,3)]
159	10	[(27048,3),(26607,3)]	[(25829,10),(27048,3),(26607,3)]
160	10	[(27904,3),(27066,3)]	[(25829,10),(27904,3),(27066,3)]
161	10	[(27904,3),(27066,3)]	[(25829,10),(27904,3),(27066,3)]
162	10	[(27904,3),(27066,3)]	[(25829,10),(27904,3),(27066,3)]
163	10	[(27904,3),(27066,3)]	[(25829,10),(27904,3),(27066,3)]
164	10	[(27904,3),(27066,3)]	[(25829,10),(27904,3),(27066,3)]
165	10	[(27904,3),(27066,3)]	[(25829,10),(27904,3),(27066,3)]
166	10	[(27904,3),(27066,3)]	[(25829,10),(27904,3),(27066,3)]
167	10	[(27904,3),(27066,3)]	[(25829,10),(27904,3),(27066,3)]
168	10	[(27904,3),(27066,3)]	[(25829,10),(27904,3),(27066,3)]
169	10	[(27904,3),(27066,3)]	[(25829,10),(27904,3),(27066,3)]
170	10	[(27904,3),(27066,3)]	[(25829,10),(27904,3),(27066,3)]
171	10	[(27904,3),(27066,3)]	[(25829,10),(27904,3),(27066,3)]
172	10	[(27904,3),(27066,3)]	[(25829,10),(27904,3),(27066,3)]
173	10	[(27904,3),(27066,3)]	[(25829,10),(27904,3),(27066,3)]
174	10	[(27904,3),(27066,3)]	[(25829,10),(27904,3),(27066,3)]
175	10	[(27904,3),(27066,3)]	[(25829,10),(27904,3),(27066,3)]
176	10	[(27904,3),(27066,3)]	[(25829,10),(27904,3),(27066,3)]
177	10	[(27904,3),(27066,3)]	[(25829,10),(27904,3),(27066,3)]
178	10	[(27904,3),(27066,3)]	[(25829,10),(27904,3),(27066,3)]
179	10	[(27904,3),(27066,3)]	[(25829,10),(27904,3),(27066,3)]
