girlId	level	girlName	inheritGrade	maxLevel	maxGrade	levelUpMaxExp	levelUpNeedItem	maxhp	attackspeed	anger	attack_p	defense_p	attack_m	defense_m	crit	critpress	antibroken	notbroken	parry	puncture	damageupgrade	damagereduce
星灵ID	星灵等级	星灵名字	传承后的阶级	等级上限	阶级上限	升级最大经验值	升级需要道具	生命(升级增加属性)	攻击速度	怒气	物攻	物防	法攻	法防	暴击	免暴	破防	免破	格挡	破挡	增伤	免伤
1	1	金牛座星灵	1	50	5	200	(26933,1)	10800	0	0	3600	0	3600	0	100	0	0	0	0	100	0	0
1	2	金牛座星灵	1	50	5	390	(26933,1)	11880	0	0	3960	0	3960	0	100	0	0	0	0	100	0	0
1	3	金牛座星灵	1	50	5	580	(26933,1)	12960	0	0	4320	0	4320	0	100	0	0	0	0	100	0	0
1	4	金牛座星灵	1	50	5	770	(26933,1)	14040	0	0	4680	0	4680	0	100	0	0	0	0	100	0	0
1	5	金牛座星灵	1	50	5	960	(26933,1)	15120	0	0	5040	0	5040	0	100	0	0	0	0	100	0	0
1	6	金牛座星灵	1	50	5	1150	(26933,1)	16200	0	0	5400	0	5400	0	100	0	0	0	0	100	0	0
1	7	金牛座星灵	1	50	5	1340	(26933,1)	17280	0	0	5760	0	5760	0	100	0	0	0	0	100	0	0
1	8	金牛座星灵	1	50	5	1530	(26933,1)	18360	0	0	6120	0	6120	0	100	0	0	0	0	100	0	0
1	9	金牛座星灵	1	50	5	1720	(26933,1)	19440	0	0	6480	0	6480	0	100	0	0	0	0	100	0	0
1	10	金牛座星灵	1	50	5	1910	(26933,1)	20055	0	0	6685	0	6685	0	100	0	0	0	0	100	0	0
1	11	金牛座星灵	2	50	5	2100	(26933,1)	21135	0	0	7045	0	7045	0	100	0	0	0	0	100	0	0
1	12	金牛座星灵	2	50	5	2290	(26933,1)	22215	0	0	7405	0	7405	0	100	0	0	0	0	100	0	0
1	13	金牛座星灵	2	50	5	2480	(26933,1)	23295	0	0	7765	0	7765	0	100	0	0	0	0	100	0	0
1	14	金牛座星灵	2	50	5	2670	(26933,1)	24375	0	0	8125	0	8125	0	100	0	0	0	0	100	0	0
1	15	金牛座星灵	2	50	5	2860	(26933,1)	25455	0	0	8485	0	8485	0	100	0	0	0	0	100	0	0
1	16	金牛座星灵	2	50	5	3050	(26933,1)	26535	0	0	8845	0	8845	0	100	0	0	0	0	100	0	0
1	17	金牛座星灵	2	50	5	3240	(26933,1)	27615	0	0	9205	0	9205	0	100	0	0	0	0	100	0	0
1	18	金牛座星灵	2	50	5	3430	(26933,1)	28695	0	0	9565	0	9565	0	100	0	0	0	0	100	0	0
1	19	金牛座星灵	2	50	5	3620	(26933,1)	29775	0	0	9925	0	9925	0	100	0	0	0	0	100	0	0
1	20	金牛座星灵	2	50	5	3810	(26933,1)	30390	0	0	10130	0	10130	0	100	0	0	0	0	100	0	0
1	21	金牛座星灵	3	50	5	5010	(26933,1)	31470	0	0	10490	0	10490	0	100	0	0	0	0	100	0	0
1	22	金牛座星灵	3	50	5	6210	(26933,1)	32550	0	0	10850	0	10850	0	100	0	0	0	0	100	0	0
1	23	金牛座星灵	3	50	5	7410	(26933,1)	33630	0	0	11210	0	11210	0	100	0	0	0	0	100	0	0
1	24	金牛座星灵	3	50	5	8610	(26933,1)	34710	0	0	11570	0	11570	0	100	0	0	0	0	100	0	0
1	25	金牛座星灵	3	50	5	9810	(26933,1)	35790	0	0	11930	0	11930	0	100	0	0	0	0	100	0	0
1	26	金牛座星灵	3	50	5	11010	(26933,1)	36870	0	0	12290	0	12290	0	100	0	0	0	0	100	0	0
1	27	金牛座星灵	3	50	5	12210	(26933,1)	37950	0	0	12650	0	12650	0	100	0	0	0	0	100	0	0
1	28	金牛座星灵	3	50	5	13410	(26933,1)	39030	0	0	13010	0	13010	0	100	0	0	0	0	100	0	0
1	29	金牛座星灵	3	50	5	14610	(26933,1)	40110	0	0	13370	0	13370	0	100	0	0	0	0	100	0	0
1	30	金牛座星灵	3	50	5	15810	(26933,1)	40725	0	0	13575	0	13575	0	100	0	0	0	0	100	0	0
1	31	金牛座星灵	4	50	5	15850	(26933,1)	41805	0	0	13935	0	13935	0	100	0	0	0	0	100	0	0
1	32	金牛座星灵	4	50	5	15890	(26933,1)	42885	0	0	14295	0	14295	0	100	0	0	0	0	100	0	0
1	33	金牛座星灵	4	50	5	15930	(26933,1)	43965	0	0	14655	0	14655	0	100	0	0	0	0	100	0	0
1	34	金牛座星灵	4	50	5	15970	(26933,1)	45045	0	0	15015	0	15015	0	100	0	0	0	0	100	0	0
1	35	金牛座星灵	4	50	5	16010	(26933,1)	46125	0	0	15375	0	15375	0	100	0	0	0	0	100	0	0
1	36	金牛座星灵	4	50	5	16050	(26933,1)	47205	0	0	15735	0	15735	0	100	0	0	0	0	100	0	0
1	37	金牛座星灵	4	50	5	16090	(26933,1)	48285	0	0	16095	0	16095	0	100	0	0	0	0	100	0	0
1	38	金牛座星灵	4	50	5	16130	(26933,1)	49365	0	0	16455	0	16455	0	100	0	0	0	0	100	0	0
1	39	金牛座星灵	4	50	5	16170	(26933,1)	50445	0	0	16815	0	16815	0	100	0	0	0	0	100	0	0
1	40	金牛座星灵	4	50	5	16210	(26933,1)	51060	0	0	17020	0	17020	0	100	0	0	0	0	100	0	0
1	41	金牛座星灵	5	50	5	18810	(26933,1)	52140	0	0	17380	0	17380	0	100	0	0	0	0	100	0	0
1	42	金牛座星灵	5	50	5	21410	(26933,1)	53220	0	0	17740	0	17740	0	100	0	0	0	0	100	0	0
1	43	金牛座星灵	5	50	5	24010	(26933,1)	54300	0	0	18100	0	18100	0	100	0	0	0	0	100	0	0
1	44	金牛座星灵	5	50	5	26610	(26933,1)	55380	0	0	18460	0	18460	0	100	0	0	0	0	100	0	0
1	45	金牛座星灵	5	50	5	29210	(26933,1)	56460	0	0	18820	0	18820	0	100	0	0	0	0	100	0	0
1	46	金牛座星灵	5	50	5	31810	(26933,1)	57540	0	0	19180	0	19180	0	100	0	0	0	0	100	0	0
1	47	金牛座星灵	5	50	5	34410	(26933,1)	58620	0	0	19540	0	19540	0	100	0	0	0	0	100	0	0
1	48	金牛座星灵	5	50	5	37010	(26933,1)	59700	0	0	19900	0	19900	0	100	0	0	0	0	100	0	0
1	49	金牛座星灵	5	50	5	39610	(26933,1)	60780	0	0	20260	0	20260	0	100	0	0	0	0	100	0	0
1	50	金牛座星灵	5	50	5	42210	(26933,1)	61395	0	0	20465	0	20465	0	100	0	0	0	0	100	0	0
2	1	处女座星灵	1	60	6	200	(26933,1)	10800	0	0	3600	0	3600	0	100	0	0	0	0	100	0	0
2	2	处女座星灵	1	60	6	390	(26933,1)	11880	0	0	3960	0	3960	0	100	0	0	0	0	100	0	0
2	3	处女座星灵	1	60	6	580	(26933,1)	12960	0	0	4320	0	4320	0	100	0	0	0	0	100	0	0
2	4	处女座星灵	1	60	6	770	(26933,1)	14040	0	0	4680	0	4680	0	100	0	0	0	0	100	0	0
2	5	处女座星灵	1	60	6	960	(26933,1)	15120	0	0	5040	0	5040	0	100	0	0	0	0	100	0	0
2	6	处女座星灵	1	60	6	1150	(26933,1)	16200	0	0	5400	0	5400	0	100	0	0	0	0	100	0	0
2	7	处女座星灵	1	60	6	1340	(26933,1)	17280	0	0	5760	0	5760	0	100	0	0	0	0	100	0	0
2	8	处女座星灵	1	60	6	1530	(26933,1)	18360	0	0	6120	0	6120	0	100	0	0	0	0	100	0	0
2	9	处女座星灵	1	60	6	1720	(26933,1)	19440	0	0	6480	0	6480	0	100	0	0	0	0	100	0	0
2	10	处女座星灵	1	60	6	1910	(26933,1)	20055	0	0	6685	0	6685	0	100	0	0	0	0	100	0	0
2	11	处女座星灵	2	60	6	2100	(26933,1)	21135	0	0	7045	0	7045	0	100	0	0	0	0	100	0	0
2	12	处女座星灵	2	60	6	2290	(26933,1)	22215	0	0	7405	0	7405	0	100	0	0	0	0	100	0	0
2	13	处女座星灵	2	60	6	2480	(26933,1)	23295	0	0	7765	0	7765	0	100	0	0	0	0	100	0	0
2	14	处女座星灵	2	60	6	2670	(26933,1)	24375	0	0	8125	0	8125	0	100	0	0	0	0	100	0	0
2	15	处女座星灵	2	60	6	2860	(26933,1)	25455	0	0	8485	0	8485	0	100	0	0	0	0	100	0	0
2	16	处女座星灵	2	60	6	3050	(26933,1)	26535	0	0	8845	0	8845	0	100	0	0	0	0	100	0	0
2	17	处女座星灵	2	60	6	3240	(26933,1)	27615	0	0	9205	0	9205	0	100	0	0	0	0	100	0	0
2	18	处女座星灵	2	60	6	3430	(26933,1)	28695	0	0	9565	0	9565	0	100	0	0	0	0	100	0	0
2	19	处女座星灵	2	60	6	3620	(26933,1)	29775	0	0	9925	0	9925	0	100	0	0	0	0	100	0	0
2	20	处女座星灵	2	60	6	3810	(26933,1)	30390	0	0	10130	0	10130	0	100	0	0	0	0	100	0	0
2	21	处女座星灵	3	60	6	5010	(26933,1)	31470	0	0	10490	0	10490	0	100	0	0	0	0	100	0	0
2	22	处女座星灵	3	60	6	6210	(26933,1)	32550	0	0	10850	0	10850	0	100	0	0	0	0	100	0	0
2	23	处女座星灵	3	60	6	7410	(26933,1)	33630	0	0	11210	0	11210	0	100	0	0	0	0	100	0	0
2	24	处女座星灵	3	60	6	8610	(26933,1)	34710	0	0	11570	0	11570	0	100	0	0	0	0	100	0	0
2	25	处女座星灵	3	60	6	9810	(26933,1)	35790	0	0	11930	0	11930	0	100	0	0	0	0	100	0	0
2	26	处女座星灵	3	60	6	11010	(26933,1)	36870	0	0	12290	0	12290	0	100	0	0	0	0	100	0	0
2	27	处女座星灵	3	60	6	12210	(26933,1)	37950	0	0	12650	0	12650	0	100	0	0	0	0	100	0	0
2	28	处女座星灵	3	60	6	13410	(26933,1)	39030	0	0	13010	0	13010	0	100	0	0	0	0	100	0	0
2	29	处女座星灵	3	60	6	14610	(26933,1)	40110	0	0	13370	0	13370	0	100	0	0	0	0	100	0	0
2	30	处女座星灵	3	60	6	15810	(26933,1)	40725	0	0	13575	0	13575	0	100	0	0	0	0	100	0	0
2	31	处女座星灵	4	60	6	15850	(26933,1)	41805	0	0	13935	0	13935	0	100	0	0	0	0	100	0	0
2	32	处女座星灵	4	60	6	15890	(26933,1)	42885	0	0	14295	0	14295	0	100	0	0	0	0	100	0	0
2	33	处女座星灵	4	60	6	15930	(26933,1)	43965	0	0	14655	0	14655	0	100	0	0	0	0	100	0	0
2	34	处女座星灵	4	60	6	15970	(26933,1)	45045	0	0	15015	0	15015	0	100	0	0	0	0	100	0	0
2	35	处女座星灵	4	60	6	16010	(26933,1)	46125	0	0	15375	0	15375	0	100	0	0	0	0	100	0	0
2	36	处女座星灵	4	60	6	16050	(26933,1)	47205	0	0	15735	0	15735	0	100	0	0	0	0	100	0	0
2	37	处女座星灵	4	60	6	16090	(26933,1)	48285	0	0	16095	0	16095	0	100	0	0	0	0	100	0	0
2	38	处女座星灵	4	60	6	16130	(26933,1)	49365	0	0	16455	0	16455	0	100	0	0	0	0	100	0	0
2	39	处女座星灵	4	60	6	16170	(26933,1)	50445	0	0	16815	0	16815	0	100	0	0	0	0	100	0	0
2	40	处女座星灵	4	60	6	16210	(26933,1)	51060	0	0	17020	0	17020	0	100	0	0	0	0	100	0	0
2	41	处女座星灵	5	60	6	18810	(26933,1)	52140	0	0	17380	0	17380	0	100	0	0	0	0	100	0	0
2	42	处女座星灵	5	60	6	21410	(26933,1)	53220	0	0	17740	0	17740	0	100	0	0	0	0	100	0	0
2	43	处女座星灵	5	60	6	24010	(26933,1)	54300	0	0	18100	0	18100	0	100	0	0	0	0	100	0	0
2	44	处女座星灵	5	60	6	26610	(26933,1)	55380	0	0	18460	0	18460	0	100	0	0	0	0	100	0	0
2	45	处女座星灵	5	60	6	29210	(26933,1)	56460	0	0	18820	0	18820	0	100	0	0	0	0	100	0	0
2	46	处女座星灵	5	60	6	31810	(26933,1)	57540	0	0	19180	0	19180	0	100	0	0	0	0	100	0	0
2	47	处女座星灵	5	60	6	34410	(26933,1)	58620	0	0	19540	0	19540	0	100	0	0	0	0	100	0	0
2	48	处女座星灵	5	60	6	37010	(26933,1)	59700	0	0	19900	0	19900	0	100	0	0	0	0	100	0	0
2	49	处女座星灵	5	60	6	39610	(26933,1)	60780	0	0	20260	0	20260	0	100	0	0	0	0	100	0	0
2	50	处女座星灵	5	60	6	42210	(26933,1)	61395	0	0	20465	0	20465	0	100	0	0	0	0	100	0	0
2	51	处女座星灵	6	60	6	45510	(26933,1)	62475	0	0	20825	0	20825	0	100	0	0	0	0	100	0	0
2	52	处女座星灵	6	60	6	48810	(26933,1)	63555	0	0	21185	0	21185	0	100	0	0	0	0	100	0	0
2	53	处女座星灵	6	60	6	52110	(26933,1)	64635	0	0	21545	0	21545	0	100	0	0	0	0	100	0	0
2	54	处女座星灵	6	60	6	55410	(26933,1)	65715	0	0	21905	0	21905	0	100	0	0	0	0	100	0	0
2	55	处女座星灵	6	60	6	58710	(26933,1)	66795	0	0	22265	0	22265	0	100	0	0	0	0	100	0	0
2	56	处女座星灵	6	60	6	62010	(26933,1)	67875	0	0	22625	0	22625	0	100	0	0	0	0	100	0	0
2	57	处女座星灵	6	60	6	65310	(26933,1)	68955	0	0	22985	0	22985	0	100	0	0	0	0	100	0	0
2	58	处女座星灵	6	60	6	68610	(26933,1)	70035	0	0	23345	0	23345	0	100	0	0	0	0	100	0	0
2	59	处女座星灵	6	60	6	71910	(26933,1)	71115	0	0	23705	0	23705	0	100	0	0	0	0	100	0	0
2	60	处女座星灵	6	60	6	75210	(26933,1)	71730	0	0	23910	0	23910	0	100	0	0	0	0	100	0	0
3	1	巨蟹座星灵	1	70	7	200	(26933,1)	11148	0	0	3716	0	3716	0	100	0	0	0	0	100	0	0
3	2	巨蟹座星灵	1	70	7	390	(26933,1)	12264	0	0	4088	0	4088	0	100	0	0	0	0	100	0	0
3	3	巨蟹座星灵	1	70	7	580	(26933,1)	13377	0	0	4459	0	4459	0	100	0	0	0	0	100	0	0
3	4	巨蟹座星灵	1	70	7	770	(26933,1)	14493	0	0	4831	0	4831	0	100	0	0	0	0	100	0	0
3	5	巨蟹座星灵	1	70	7	960	(26933,1)	15606	0	0	5202	0	5202	0	100	0	0	0	0	100	0	0
3	6	巨蟹座星灵	1	70	7	1150	(26933,1)	16722	0	0	5574	0	5574	0	100	0	0	0	0	100	0	0
3	7	巨蟹座星灵	1	70	7	1340	(26933,1)	17838	0	0	5946	0	5946	0	100	0	0	0	0	100	0	0
3	8	巨蟹座星灵	1	70	7	1530	(26933,1)	18951	0	0	6317	0	6317	0	100	0	0	0	0	100	0	0
3	9	巨蟹座星灵	1	70	7	1720	(26933,1)	20067	0	0	6689	0	6689	0	100	0	0	0	0	100	0	0
3	10	巨蟹座星灵	1	70	7	1910	(26933,1)	20703	0	0	6901	0	6901	0	100	0	0	0	0	100	0	0
3	11	巨蟹座星灵	2	70	7	2100	(26933,1)	21819	0	0	7273	0	7273	0	100	0	0	0	0	100	0	0
3	12	巨蟹座星灵	2	70	7	2290	(26933,1)	22932	0	0	7644	0	7644	0	100	0	0	0	0	100	0	0
3	13	巨蟹座星灵	2	70	7	2480	(26933,1)	24048	0	0	8016	0	8016	0	100	0	0	0	0	100	0	0
3	14	巨蟹座星灵	2	70	7	2670	(26933,1)	25164	0	0	8388	0	8388	0	100	0	0	0	0	100	0	0
3	15	巨蟹座星灵	2	70	7	2860	(26933,1)	26277	0	0	8759	0	8759	0	100	0	0	0	0	100	0	0
3	16	巨蟹座星灵	2	70	7	3050	(26933,1)	27393	0	0	9131	0	9131	0	100	0	0	0	0	100	0	0
3	17	巨蟹座星灵	2	70	7	3240	(26933,1)	28506	0	0	9502	0	9502	0	100	0	0	0	0	100	0	0
3	18	巨蟹座星灵	2	70	7	3430	(26933,1)	29622	0	0	9874	0	9874	0	100	0	0	0	0	100	0	0
3	19	巨蟹座星灵	2	70	7	3620	(26933,1)	30738	0	0	10246	0	10246	0	100	0	0	0	0	100	0	0
3	20	巨蟹座星灵	2	70	7	3810	(26933,1)	31374	0	0	10458	0	10458	0	100	0	0	0	0	100	0	0
3	21	巨蟹座星灵	3	70	7	5010	(26933,1)	32490	0	0	10830	0	10830	0	100	0	0	0	0	100	0	0
3	22	巨蟹座星灵	3	70	7	6210	(26933,1)	33603	0	0	11201	0	11201	0	100	0	0	0	0	100	0	0
3	23	巨蟹座星灵	3	70	7	7410	(26933,1)	34719	0	0	11573	0	11573	0	100	0	0	0	0	100	0	0
3	24	巨蟹座星灵	3	70	7	8610	(26933,1)	35835	0	0	11945	0	11945	0	100	0	0	0	0	100	0	0
3	25	巨蟹座星灵	3	70	7	9810	(26933,1)	36948	0	0	12316	0	12316	0	100	0	0	0	0	100	0	0
3	26	巨蟹座星灵	3	70	7	11010	(26933,1)	38064	0	0	12688	0	12688	0	100	0	0	0	0	100	0	0
3	27	巨蟹座星灵	3	70	7	12210	(26933,1)	39177	0	0	13059	0	13059	0	100	0	0	0	0	100	0	0
3	28	巨蟹座星灵	3	70	7	13410	(26933,1)	40293	0	0	13431	0	13431	0	100	0	0	0	0	100	0	0
3	29	巨蟹座星灵	3	70	7	14610	(26933,1)	41409	0	0	13803	0	13803	0	100	0	0	0	0	100	0	0
3	30	巨蟹座星灵	3	70	7	15810	(26933,1)	42045	0	0	14015	0	14015	0	100	0	0	0	0	100	0	0
3	31	巨蟹座星灵	4	70	7	15850	(26933,1)	43161	0	0	14387	0	14387	0	100	0	0	0	0	100	0	0
3	32	巨蟹座星灵	4	70	7	15890	(26933,1)	44274	0	0	14758	0	14758	0	100	0	0	0	0	100	0	0
3	33	巨蟹座星灵	4	70	7	15930	(26933,1)	45390	0	0	15130	0	15130	0	100	0	0	0	0	100	0	0
3	34	巨蟹座星灵	4	70	7	15970	(26933,1)	46503	0	0	15501	0	15501	0	100	0	0	0	0	100	0	0
3	35	巨蟹座星灵	4	70	7	16010	(26933,1)	47619	0	0	15873	0	15873	0	100	0	0	0	0	100	0	0
3	36	巨蟹座星灵	4	70	7	16050	(26933,1)	48735	0	0	16245	0	16245	0	100	0	0	0	0	100	0	0
3	37	巨蟹座星灵	4	70	7	16090	(26933,1)	49848	0	0	16616	0	16616	0	100	0	0	0	0	100	0	0
3	38	巨蟹座星灵	4	70	7	16130	(26933,1)	50964	0	0	16988	0	16988	0	100	0	0	0	0	100	0	0
3	39	巨蟹座星灵	4	70	7	16170	(26933,1)	52077	0	0	17359	0	17359	0	100	0	0	0	0	100	0	0
3	40	巨蟹座星灵	4	70	7	16210	(26933,1)	52716	0	0	17572	0	17572	0	100	0	0	0	0	100	0	0
3	41	巨蟹座星灵	5	70	7	18810	(26933,1)	53829	0	0	17943	0	17943	0	100	0	0	0	0	100	0	0
3	42	巨蟹座星灵	5	70	7	21410	(26933,1)	54945	0	0	18315	0	18315	0	100	0	0	0	0	100	0	0
3	43	巨蟹座星灵	5	70	7	24010	(26933,1)	56061	0	0	18687	0	18687	0	100	0	0	0	0	100	0	0
3	44	巨蟹座星灵	5	70	7	26610	(26933,1)	57174	0	0	19058	0	19058	0	100	0	0	0	0	100	0	0
3	45	巨蟹座星灵	5	70	7	29210	(26933,1)	58290	0	0	19430	0	19430	0	100	0	0	0	0	100	0	0
3	46	巨蟹座星灵	5	70	7	31810	(26933,1)	59403	0	0	19801	0	19801	0	100	0	0	0	0	100	0	0
3	47	巨蟹座星灵	5	70	7	34410	(26933,1)	60519	0	0	20173	0	20173	0	100	0	0	0	0	100	0	0
3	48	巨蟹座星灵	5	70	7	37010	(26933,1)	61635	0	0	20545	0	20545	0	100	0	0	0	0	100	0	0
3	49	巨蟹座星灵	5	70	7	39610	(26933,1)	62748	0	0	20916	0	20916	0	100	0	0	0	0	100	0	0
3	50	巨蟹座星灵	5	70	7	42210	(26933,1)	63387	0	0	21129	0	21129	0	100	0	0	0	0	100	0	0
3	51	巨蟹座星灵	6	70	7	45510	(26933,1)	64500	0	0	21500	0	21500	0	100	0	0	0	0	100	0	0
3	52	巨蟹座星灵	6	70	7	48810	(26933,1)	65616	0	0	21872	0	21872	0	100	0	0	0	0	100	0	0
3	53	巨蟹座星灵	6	70	7	52110	(26933,1)	66729	0	0	22243	0	22243	0	100	0	0	0	0	100	0	0
3	54	巨蟹座星灵	6	70	7	55410	(26933,1)	67845	0	0	22615	0	22615	0	100	0	0	0	0	100	0	0
3	55	巨蟹座星灵	6	70	7	58710	(26933,1)	68961	0	0	22987	0	22987	0	100	0	0	0	0	100	0	0
3	56	巨蟹座星灵	6	70	7	62010	(26933,1)	70074	0	0	23358	0	23358	0	100	0	0	0	0	100	0	0
3	57	巨蟹座星灵	6	70	7	65310	(26933,1)	71190	0	0	23730	0	23730	0	100	0	0	0	0	100	0	0
3	58	巨蟹座星灵	6	70	7	68610	(26933,1)	72303	0	0	24101	0	24101	0	100	0	0	0	0	100	0	0
3	59	巨蟹座星灵	6	70	7	71910	(26933,1)	73419	0	0	24473	0	24473	0	100	0	0	0	0	100	0	0
3	60	巨蟹座星灵	6	70	7	75210	(26933,1)	74055	0	0	24685	0	24685	0	100	0	0	0	0	100	0	0
3	61	巨蟹座星灵	7	70	7	76110	(26933,1)	75168	0	0	25056	0	25056	0	100	0	0	0	0	100	0	0
3	62	巨蟹座星灵	7	70	7	77010	(26933,1)	76284	0	0	25428	0	25428	0	100	0	0	0	0	100	0	0
3	63	巨蟹座星灵	7	70	7	77910	(26933,1)	77397	0	0	25799	0	25799	0	100	0	0	0	0	100	0	0
3	64	巨蟹座星灵	7	70	7	78810	(26933,1)	78513	0	0	26171	0	26171	0	100	0	0	0	0	100	0	0
3	65	巨蟹座星灵	7	70	7	79710	(26933,1)	79629	0	0	26543	0	26543	0	100	0	0	0	0	100	0	0
3	66	巨蟹座星灵	7	70	7	80610	(26933,1)	80742	0	0	26914	0	26914	0	100	0	0	0	0	100	0	0
3	67	巨蟹座星灵	7	70	7	81510	(26933,1)	81858	0	0	27286	0	27286	0	100	0	0	0	0	100	0	0
3	68	巨蟹座星灵	7	70	7	82410	(26933,1)	82971	0	0	27657	0	27657	0	100	0	0	0	0	100	0	0
3	69	巨蟹座星灵	7	70	7	83310	(26933,1)	84087	0	0	28029	0	28029	0	100	0	0	0	0	100	0	0
3	70	巨蟹座星灵	7	70	7	84210	(26933,1)	84723	0	0	28241	0	28241	0	100	0	0	0	0	100	0	0
4	1	白羊座星灵 	1	70	7	200	(26933,1)	11631	0	0	3877	0	3877	0	100	0	0	0	0	100	0	0
4	2	白羊座星灵 	1	70	7	390	(26933,1)	12795	0	0	4265	0	4265	0	100	0	0	0	0	100	0	0
4	3	白羊座星灵 	1	70	7	580	(26933,1)	13956	0	0	4652	0	4652	0	100	0	0	0	0	100	0	0
4	4	白羊座星灵 	1	70	7	770	(26933,1)	15120	0	0	5040	0	5040	0	100	0	0	0	0	100	0	0
4	5	白羊座星灵 	1	70	7	960	(26933,1)	16284	0	0	5428	0	5428	0	100	0	0	0	0	100	0	0
4	6	白羊座星灵 	1	70	7	1150	(26933,1)	17448	0	0	5816	0	5816	0	100	0	0	0	0	100	0	0
4	7	白羊座星灵 	1	70	7	1340	(26933,1)	18609	0	0	6203	0	6203	0	100	0	0	0	0	100	0	0
4	8	白羊座星灵 	1	70	7	1530	(26933,1)	19773	0	0	6591	0	6591	0	100	0	0	0	0	100	0	0
4	9	白羊座星灵 	1	70	7	1720	(26933,1)	20937	0	0	6979	0	6979	0	100	0	0	0	0	100	0	0
4	10	白羊座星灵 	1	70	7	1910	(26933,1)	21600	0	0	7200	0	7200	0	100	0	0	0	0	100	0	0
4	11	白羊座星灵 	2	70	7	2100	(26933,1)	22764	0	0	7588	0	7588	0	100	0	0	0	0	100	0	0
4	12	白羊座星灵 	2	70	7	2290	(26933,1)	23928	0	0	7976	0	7976	0	100	0	0	0	0	100	0	0
4	13	白羊座星灵 	2	70	7	2480	(26933,1)	25089	0	0	8363	0	8363	0	100	0	0	0	0	100	0	0
4	14	白羊座星灵 	2	70	7	2670	(26933,1)	26253	0	0	8751	0	8751	0	100	0	0	0	0	100	0	0
4	15	白羊座星灵 	2	70	7	2860	(26933,1)	27417	0	0	9139	0	9139	0	100	0	0	0	0	100	0	0
4	16	白羊座星灵 	2	70	7	3050	(26933,1)	28578	0	0	9526	0	9526	0	100	0	0	0	0	100	0	0
4	17	白羊座星灵 	2	70	7	3240	(26933,1)	29742	0	0	9914	0	9914	0	100	0	0	0	0	100	0	0
4	18	白羊座星灵 	2	70	7	3430	(26933,1)	30906	0	0	10302	0	10302	0	100	0	0	0	0	100	0	0
4	19	白羊座星灵 	2	70	7	3620	(26933,1)	32067	0	0	10689	0	10689	0	100	0	0	0	0	100	0	0
4	20	白羊座星灵 	2	70	7	3810	(26933,1)	32733	0	0	10911	0	10911	0	100	0	0	0	0	100	0	0
4	21	白羊座星灵 	3	70	7	5010	(26933,1)	33897	0	0	11299	0	11299	0	100	0	0	0	0	100	0	0
4	22	白羊座星灵 	3	70	7	6210	(26933,1)	35058	0	0	11686	0	11686	0	100	0	0	0	0	100	0	0
4	23	白羊座星灵 	3	70	7	7410	(26933,1)	36222	0	0	12074	0	12074	0	100	0	0	0	0	100	0	0
4	24	白羊座星灵 	3	70	7	8610	(26933,1)	37386	0	0	12462	0	12462	0	100	0	0	0	0	100	0	0
4	25	白羊座星灵 	3	70	7	9810	(26933,1)	38550	0	0	12850	0	12850	0	100	0	0	0	0	100	0	0
4	26	白羊座星灵 	3	70	7	11010	(26933,1)	39711	0	0	13237	0	13237	0	100	0	0	0	0	100	0	0
4	27	白羊座星灵 	3	70	7	12210	(26933,1)	40875	0	0	13625	0	13625	0	100	0	0	0	0	100	0	0
4	28	白羊座星灵 	3	70	7	13410	(26933,1)	42039	0	0	14013	0	14013	0	100	0	0	0	0	100	0	0
4	29	白羊座星灵 	3	70	7	14610	(26933,1)	43200	0	0	14400	0	14400	0	100	0	0	0	0	100	0	0
4	30	白羊座星灵 	3	70	7	15810	(26933,1)	43866	0	0	14622	0	14622	0	100	0	0	0	0	100	0	0
4	31	白羊座星灵 	4	70	7	15850	(26933,1)	45030	0	0	15010	0	15010	0	100	0	0	0	0	100	0	0
4	32	白羊座星灵 	4	70	7	15890	(26933,1)	46191	0	0	15397	0	15397	0	100	0	0	0	0	100	0	0
4	33	白羊座星灵 	4	70	7	15930	(26933,1)	47355	0	0	15785	0	15785	0	100	0	0	0	0	100	0	0
4	34	白羊座星灵 	4	70	7	15970	(26933,1)	48519	0	0	16173	0	16173	0	100	0	0	0	0	100	0	0
4	35	白羊座星灵 	4	70	7	16010	(26933,1)	49680	0	0	16560	0	16560	0	100	0	0	0	0	100	0	0
4	36	白羊座星灵 	4	70	7	16050	(26933,1)	50844	0	0	16948	0	16948	0	100	0	0	0	0	100	0	0
4	37	白羊座星灵 	4	70	7	16090	(26933,1)	52008	0	0	17336	0	17336	0	100	0	0	0	0	100	0	0
4	38	白羊座星灵 	4	70	7	16130	(26933,1)	53169	0	0	17723	0	17723	0	100	0	0	0	0	100	0	0
4	39	白羊座星灵 	4	70	7	16170	(26933,1)	54333	0	0	18111	0	18111	0	100	0	0	0	0	100	0	0
4	40	白羊座星灵 	4	70	7	16210	(26933,1)	54999	0	0	18333	0	18333	0	100	0	0	0	0	100	0	0
4	41	白羊座星灵 	5	70	7	18810	(26933,1)	56160	0	0	18720	0	18720	0	100	0	0	0	0	100	0	0
4	42	白羊座星灵 	5	70	7	21410	(26933,1)	57324	0	0	19108	0	19108	0	100	0	0	0	0	100	0	0
4	43	白羊座星灵 	5	70	7	24010	(26933,1)	58488	0	0	19496	0	19496	0	100	0	0	0	0	100	0	0
4	44	白羊座星灵 	5	70	7	26610	(26933,1)	59652	0	0	19884	0	19884	0	100	0	0	0	0	100	0	0
4	45	白羊座星灵 	5	70	7	29210	(26933,1)	60813	0	0	20271	0	20271	0	100	0	0	0	0	100	0	0
4	46	白羊座星灵 	5	70	7	31810	(26933,1)	61977	0	0	20659	0	20659	0	100	0	0	0	0	100	0	0
4	47	白羊座星灵 	5	70	7	34410	(26933,1)	63141	0	0	21047	0	21047	0	100	0	0	0	0	100	0	0
4	48	白羊座星灵 	5	70	7	37010	(26933,1)	64302	0	0	21434	0	21434	0	100	0	0	0	0	100	0	0
4	49	白羊座星灵 	5	70	7	39610	(26933,1)	65466	0	0	21822	0	21822	0	100	0	0	0	0	100	0	0
4	50	白羊座星灵 	5	70	7	42210	(26933,1)	66132	0	0	22044	0	22044	0	100	0	0	0	0	100	0	0
4	51	白羊座星灵 	6	70	7	45510	(26933,1)	67293	0	0	22431	0	22431	0	100	0	0	0	0	100	0	0
4	52	白羊座星灵 	6	70	7	48810	(26933,1)	68457	0	0	22819	0	22819	0	100	0	0	0	0	100	0	0
4	53	白羊座星灵 	6	70	7	52110	(26933,1)	69621	0	0	23207	0	23207	0	100	0	0	0	0	100	0	0
4	54	白羊座星灵 	6	70	7	55410	(26933,1)	70782	0	0	23594	0	23594	0	100	0	0	0	0	100	0	0
4	55	白羊座星灵 	6	70	7	58710	(26933,1)	71946	0	0	23982	0	23982	0	100	0	0	0	0	100	0	0
4	56	白羊座星灵 	6	70	7	62010	(26933,1)	73110	0	0	24370	0	24370	0	100	0	0	0	0	100	0	0
4	57	白羊座星灵 	6	70	7	65310	(26933,1)	74271	0	0	24757	0	24757	0	100	0	0	0	0	100	0	0
4	58	白羊座星灵 	6	70	7	68610	(26933,1)	75435	0	0	25145	0	25145	0	100	0	0	0	0	100	0	0
4	59	白羊座星灵 	6	70	7	71910	(26933,1)	76599	0	0	25533	0	25533	0	100	0	0	0	0	100	0	0
4	60	白羊座星灵 	6	70	7	75210	(26933,1)	77262	0	0	25754	0	25754	0	100	0	0	0	0	100	0	0
4	61	白羊座星灵 	7	70	7	76110	(26933,1)	78426	0	0	26142	0	26142	0	100	0	0	0	0	100	0	0
4	62	白羊座星灵 	7	70	7	77010	(26933,1)	79590	0	0	26530	0	26530	0	100	0	0	0	0	100	0	0
4	63	白羊座星灵 	7	70	7	77910	(26933,1)	80754	0	0	26918	0	26918	0	100	0	0	0	0	100	0	0
4	64	白羊座星灵 	7	70	7	78810	(26933,1)	81915	0	0	27305	0	27305	0	100	0	0	0	0	100	0	0
4	65	白羊座星灵 	7	70	7	79710	(26933,1)	83079	0	0	27693	0	27693	0	100	0	0	0	0	100	0	0
4	66	白羊座星灵 	7	70	7	80610	(26933,1)	84243	0	0	28081	0	28081	0	100	0	0	0	0	100	0	0
4	67	白羊座星灵 	7	70	7	81510	(26933,1)	85404	0	0	28468	0	28468	0	100	0	0	0	0	100	0	0
4	68	白羊座星灵 	7	70	7	82410	(26933,1)	86568	0	0	28856	0	28856	0	100	0	0	0	0	100	0	0
4	69	白羊座星灵 	7	70	7	83310	(26933,1)	87732	0	0	29244	0	29244	0	100	0	0	0	0	100	0	0
4	70	白羊座星灵 	7	70	7	84210	(26933,1)	88395	0	0	29465	0	29465	0	100	0	0	0	0	100	0	0
5	1	狮子座星灵	1	80	8	200	(26933,1)	12462	0	0	4154	0	4154	0	100	0	0	0	0	100	0	0
5	2	狮子座星灵	1	80	8	390	(26933,1)	13707	0	0	4569	0	4569	0	100	0	0	0	0	100	0	0
5	3	狮子座星灵	1	80	8	580	(26933,1)	14955	0	0	4985	0	4985	0	100	0	0	0	0	100	0	0
5	4	狮子座星灵	1	80	8	770	(26933,1)	16200	0	0	5400	0	5400	0	100	0	0	0	0	100	0	0
5	5	狮子座星灵	1	80	8	960	(26933,1)	17448	0	0	5816	0	5816	0	100	0	0	0	0	100	0	0
5	6	狮子座星灵	1	80	8	1150	(26933,1)	18693	0	0	6231	0	6231	0	100	0	0	0	0	100	0	0
5	7	狮子座星灵	1	80	8	1340	(26933,1)	19938	0	0	6646	0	6646	0	100	0	0	0	0	100	0	0
5	8	狮子座星灵	1	80	8	1530	(26933,1)	21186	0	0	7062	0	7062	0	100	0	0	0	0	100	0	0
5	9	狮子座星灵	1	80	8	1720	(26933,1)	22431	0	0	7477	0	7477	0	100	0	0	0	0	100	0	0
5	10	狮子座星灵	1	80	8	1910	(26933,1)	23145	0	0	7715	0	7715	0	100	0	0	0	0	100	0	0
5	11	狮子座星灵	2	80	8	2100	(26933,1)	24390	0	0	8130	0	8130	0	100	0	0	0	0	100	0	0
5	12	狮子座星灵	2	80	8	2290	(26933,1)	25638	0	0	8546	0	8546	0	100	0	0	0	0	100	0	0
5	13	狮子座星灵	2	80	8	2480	(26933,1)	26883	0	0	8961	0	8961	0	100	0	0	0	0	100	0	0
5	14	狮子座星灵	2	80	8	2670	(26933,1)	28131	0	0	9377	0	9377	0	100	0	0	0	0	100	0	0
5	15	狮子座星灵	2	80	8	2860	(26933,1)	29376	0	0	9792	0	9792	0	100	0	0	0	0	100	0	0
5	16	狮子座星灵	2	80	8	3050	(26933,1)	30621	0	0	10207	0	10207	0	100	0	0	0	0	100	0	0
5	17	狮子座星灵	2	80	8	3240	(26933,1)	31869	0	0	10623	0	10623	0	100	0	0	0	0	100	0	0
5	18	狮子座星灵	2	80	8	3430	(26933,1)	33114	0	0	11038	0	11038	0	100	0	0	0	0	100	0	0
5	19	狮子座星灵	2	80	8	3620	(26933,1)	34362	0	0	11454	0	11454	0	100	0	0	0	0	100	0	0
5	20	狮子座星灵	2	80	8	3810	(26933,1)	35073	0	0	11691	0	11691	0	100	0	0	0	0	100	0	0
5	21	狮子座星灵	3	80	8	5010	(26933,1)	36321	0	0	12107	0	12107	0	100	0	0	0	0	100	0	0
5	22	狮子座星灵	3	80	8	6210	(26933,1)	37566	0	0	12522	0	12522	0	100	0	0	0	0	100	0	0
5	23	狮子座星灵	3	80	8	7410	(26933,1)	38814	0	0	12938	0	12938	0	100	0	0	0	0	100	0	0
5	24	狮子座星灵	3	80	8	8610	(26933,1)	40059	0	0	13353	0	13353	0	100	0	0	0	0	100	0	0
5	25	狮子座星灵	3	80	8	9810	(26933,1)	41304	0	0	13768	0	13768	0	100	0	0	0	0	100	0	0
5	26	狮子座星灵	3	80	8	11010	(26933,1)	42552	0	0	14184	0	14184	0	100	0	0	0	0	100	0	0
5	27	狮子座星灵	3	80	8	12210	(26933,1)	43797	0	0	14599	0	14599	0	100	0	0	0	0	100	0	0
5	28	狮子座星灵	3	80	8	13410	(26933,1)	45045	0	0	15015	0	15015	0	100	0	0	0	0	100	0	0
5	29	狮子座星灵	3	80	8	14610	(26933,1)	46290	0	0	15430	0	15430	0	100	0	0	0	0	100	0	0
5	30	狮子座星灵	3	80	8	15810	(26933,1)	47001	0	0	15667	0	15667	0	100	0	0	0	0	100	0	0
5	31	狮子座星灵	4	80	8	15850	(26933,1)	48246	0	0	16082	0	16082	0	100	0	0	0	0	100	0	0
5	32	狮子座星灵	4	80	8	15890	(26933,1)	49494	0	0	16498	0	16498	0	100	0	0	0	0	100	0	0
5	33	狮子座星灵	4	80	8	15930	(26933,1)	50739	0	0	16913	0	16913	0	100	0	0	0	0	100	0	0
5	34	狮子座星灵	4	80	8	15970	(26933,1)	51984	0	0	17328	0	17328	0	100	0	0	0	0	100	0	0
5	35	狮子座星灵	4	80	8	16010	(26933,1)	53232	0	0	17744	0	17744	0	100	0	0	0	0	100	0	0
5	36	狮子座星灵	4	80	8	16050	(26933,1)	54477	0	0	18159	0	18159	0	100	0	0	0	0	100	0	0
5	37	狮子座星灵	4	80	8	16090	(26933,1)	55725	0	0	18575	0	18575	0	100	0	0	0	0	100	0	0
5	38	狮子座星灵	4	80	8	16130	(26933,1)	56970	0	0	18990	0	18990	0	100	0	0	0	0	100	0	0
5	39	狮子座星灵	4	80	8	16170	(26933,1)	58215	0	0	19405	0	19405	0	100	0	0	0	0	100	0	0
5	40	狮子座星灵	4	80	8	16210	(26933,1)	58929	0	0	19643	0	19643	0	100	0	0	0	0	100	0	0
5	41	狮子座星灵	5	80	8	18810	(26933,1)	60177	0	0	20059	0	20059	0	100	0	0	0	0	100	0	0
5	42	狮子座星灵	5	80	8	21410	(26933,1)	61422	0	0	20474	0	20474	0	100	0	0	0	0	100	0	0
5	43	狮子座星灵	5	80	8	24010	(26933,1)	62670	0	0	20890	0	20890	0	100	0	0	0	0	100	0	0
5	44	狮子座星灵	5	80	8	26610	(26933,1)	63915	0	0	21305	0	21305	0	100	0	0	0	0	100	0	0
5	45	狮子座星灵	5	80	8	29210	(26933,1)	65160	0	0	21720	0	21720	0	100	0	0	0	0	100	0	0
5	46	狮子座星灵	5	80	8	31810	(26933,1)	66408	0	0	22136	0	22136	0	100	0	0	0	0	100	0	0
5	47	狮子座星灵	5	80	8	34410	(26933,1)	67653	0	0	22551	0	22551	0	100	0	0	0	0	100	0	0
5	48	狮子座星灵	5	80	8	37010	(26933,1)	68901	0	0	22967	0	22967	0	100	0	0	0	0	100	0	0
5	49	狮子座星灵	5	80	8	39610	(26933,1)	70146	0	0	23382	0	23382	0	100	0	0	0	0	100	0	0
5	50	狮子座星灵	5	80	8	42210	(26933,1)	70857	0	0	23619	0	23619	0	100	0	0	0	0	100	0	0
5	51	狮子座星灵	6	80	8	45510	(26933,1)	72102	0	0	24034	0	24034	0	100	0	0	0	0	100	0	0
5	52	狮子座星灵	6	80	8	48810	(26933,1)	73350	0	0	24450	0	24450	0	100	0	0	0	0	100	0	0
5	53	狮子座星灵	6	80	8	52110	(26933,1)	74595	0	0	24865	0	24865	0	100	0	0	0	0	100	0	0
5	54	狮子座星灵	6	80	8	55410	(26933,1)	75840	0	0	25280	0	25280	0	100	0	0	0	0	100	0	0
5	55	狮子座星灵	6	80	8	58710	(26933,1)	77088	0	0	25696	0	25696	0	100	0	0	0	0	100	0	0
5	56	狮子座星灵	6	80	8	62010	(26933,1)	78333	0	0	26111	0	26111	0	100	0	0	0	0	100	0	0
5	57	狮子座星灵	6	80	8	65310	(26933,1)	79581	0	0	26527	0	26527	0	100	0	0	0	0	100	0	0
5	58	狮子座星灵	6	80	8	68610	(26933,1)	80826	0	0	26942	0	26942	0	100	0	0	0	0	100	0	0
5	59	狮子座星灵	6	80	8	71910	(26933,1)	82071	0	0	27357	0	27357	0	100	0	0	0	0	100	0	0
5	60	狮子座星灵	6	80	8	75210	(26933,1)	82785	0	0	27595	0	27595	0	100	0	0	0	0	100	0	0
5	61	狮子座星灵	7	80	8	76110	(26933,1)	84033	0	0	28011	0	28011	0	100	0	0	0	0	100	0	0
5	62	狮子座星灵	7	80	8	77010	(26933,1)	85278	0	0	28426	0	28426	0	100	0	0	0	0	100	0	0
5	63	狮子座星灵	7	80	8	77910	(26933,1)	86523	0	0	28841	0	28841	0	100	0	0	0	0	100	0	0
5	64	狮子座星灵	7	80	8	78810	(26933,1)	87771	0	0	29257	0	29257	0	100	0	0	0	0	100	0	0
5	65	狮子座星灵	7	80	8	79710	(26933,1)	89016	0	0	29672	0	29672	0	100	0	0	0	0	100	0	0
5	66	狮子座星灵	7	80	8	80610	(26933,1)	90264	0	0	30088	0	30088	0	100	0	0	0	0	100	0	0
5	67	狮子座星灵	7	80	8	81510	(26933,1)	91509	0	0	30503	0	30503	0	100	0	0	0	0	100	0	0
5	68	狮子座星灵	7	80	8	82410	(26933,1)	92754	0	0	30918	0	30918	0	100	0	0	0	0	100	0	0
5	69	狮子座星灵	7	80	8	83310	(26933,1)	94002	0	0	31334	0	31334	0	100	0	0	0	0	100	0	0
5	70	狮子座星灵	7	80	8	84210	(26933,1)	94713	0	0	31571	0	31571	0	100	0	0	0	0	100	0	0
5	71	狮子座星灵	8	80	8	87110	(26933,1)	95958	0	0	31986	0	31986	0	100	0	0	0	0	100	0	0
5	72	狮子座星灵	8	80	8	90010	(26933,1)	97203	0	0	32401	0	32401	0	100	0	0	0	0	100	0	0
5	73	狮子座星灵	8	80	8	92910	(26933,1)	98451	0	0	32817	0	32817	0	100	0	0	0	0	100	0	0
5	74	狮子座星灵	8	80	8	95810	(26933,1)	99696	0	0	33232	0	33232	0	100	0	0	0	0	100	0	0
5	75	狮子座星灵	8	80	8	98710	(26933,1)	100944	0	0	33648	0	33648	0	100	0	0	0	0	100	0	0
5	76	狮子座星灵	8	80	8	101610	(26933,1)	102189	0	0	34063	0	34063	0	100	0	0	0	0	100	0	0
5	77	狮子座星灵	8	80	8	104510	(26933,1)	103434	0	0	34478	0	34478	0	100	0	0	0	0	100	0	0
5	78	狮子座星灵	8	80	8	107410	(26933,1)	104682	0	0	34894	0	34894	0	100	0	0	0	0	100	0	0
5	79	狮子座星灵	8	80	8	110310	(26933,1)	105927	0	0	35309	0	35309	0	100	0	0	0	0	100	0	0
5	80	狮子座星灵	8	80	8	113210	(26933,1)	106641	0	0	35547	0	35547	0	100	0	0	0	0	100	0	0
6	1	双子座星灵	1	80	8	200	(26933,1)	14955	0	0	4985	0	4985	0	100	0	0	0	0	100	0	0
6	2	双子座星灵	1	80	8	390	(26933,1)	16452	0	0	5484	0	5484	0	100	0	0	0	0	100	0	0
6	3	双子座星灵	1	80	8	580	(26933,1)	17946	0	0	5982	0	5982	0	100	0	0	0	0	100	0	0
6	4	双子座星灵	1	80	8	770	(26933,1)	19443	0	0	6481	0	6481	0	100	0	0	0	0	100	0	0
6	5	双子座星灵	1	80	8	960	(26933,1)	20937	0	0	6979	0	6979	0	100	0	0	0	0	100	0	0
6	6	双子座星灵	1	80	8	1150	(26933,1)	22434	0	0	7478	0	7478	0	100	0	0	0	0	100	0	0
6	7	双子座星灵	1	80	8	1340	(26933,1)	23928	0	0	7976	0	7976	0	100	0	0	0	0	100	0	0
6	8	双子座星灵	1	80	8	1530	(26933,1)	25425	0	0	8475	0	8475	0	100	0	0	0	0	100	0	0
6	9	双子座星灵	1	80	8	1720	(26933,1)	26919	0	0	8973	0	8973	0	100	0	0	0	0	100	0	0
6	10	双子座星灵	1	80	8	1910	(26933,1)	27774	0	0	9258	0	9258	0	100	0	0	0	0	100	0	0
6	11	双子座星灵	2	80	8	2100	(26933,1)	29268	0	0	9756	0	9756	0	100	0	0	0	0	100	0	0
6	12	双子座星灵	2	80	8	2290	(26933,1)	30765	0	0	10255	0	10255	0	100	0	0	0	0	100	0	0
6	13	双子座星灵	2	80	8	2480	(26933,1)	32259	0	0	10753	0	10753	0	100	0	0	0	0	100	0	0
6	14	双子座星灵	2	80	8	2670	(26933,1)	33756	0	0	11252	0	11252	0	100	0	0	0	0	100	0	0
6	15	双子座星灵	2	80	8	2860	(26933,1)	35250	0	0	11750	0	11750	0	100	0	0	0	0	100	0	0
6	16	双子座星灵	2	80	8	3050	(26933,1)	36747	0	0	12249	0	12249	0	100	0	0	0	0	100	0	0
6	17	双子座星灵	2	80	8	3240	(26933,1)	38241	0	0	12747	0	12747	0	100	0	0	0	0	100	0	0
6	18	双子座星灵	2	80	8	3430	(26933,1)	39738	0	0	13246	0	13246	0	100	0	0	0	0	100	0	0
6	19	双子座星灵	2	80	8	3620	(26933,1)	41232	0	0	13744	0	13744	0	100	0	0	0	0	100	0	0
6	20	双子座星灵	2	80	8	3810	(26933,1)	42087	0	0	14029	0	14029	0	100	0	0	0	0	100	0	0
6	21	双子座星灵	3	80	8	5010	(26933,1)	43581	0	0	14527	0	14527	0	100	0	0	0	0	100	0	0
6	22	双子座星灵	3	80	8	6210	(26933,1)	45078	0	0	15026	0	15026	0	100	0	0	0	0	100	0	0
6	23	双子座星灵	3	80	8	7410	(26933,1)	46572	0	0	15524	0	15524	0	100	0	0	0	0	100	0	0
6	24	双子座星灵	3	80	8	8610	(26933,1)	48069	0	0	16023	0	16023	0	100	0	0	0	0	100	0	0
6	25	双子座星灵	3	80	8	9810	(26933,1)	49563	0	0	16521	0	16521	0	100	0	0	0	0	100	0	0
6	26	双子座星灵	3	80	8	11010	(26933,1)	51060	0	0	17020	0	17020	0	100	0	0	0	0	100	0	0
6	27	双子座星灵	3	80	8	12210	(26933,1)	52554	0	0	17518	0	17518	0	100	0	0	0	0	100	0	0
6	28	双子座星灵	3	80	8	13410	(26933,1)	54051	0	0	18017	0	18017	0	100	0	0	0	0	100	0	0
6	29	双子座星灵	3	80	8	14610	(26933,1)	55545	0	0	18515	0	18515	0	100	0	0	0	0	100	0	0
6	30	双子座星灵	3	80	8	15810	(26933,1)	56400	0	0	18800	0	18800	0	100	0	0	0	0	100	0	0
6	31	双子座星灵	4	80	8	15850	(26933,1)	57894	0	0	19298	0	19298	0	100	0	0	0	0	100	0	0
6	32	双子座星灵	4	80	8	15890	(26933,1)	59391	0	0	19797	0	19797	0	100	0	0	0	0	100	0	0
6	33	双子座星灵	4	80	8	15930	(26933,1)	60885	0	0	20295	0	20295	0	100	0	0	0	0	100	0	0
6	34	双子座星灵	4	80	8	15970	(26933,1)	62382	0	0	20794	0	20794	0	100	0	0	0	0	100	0	0
6	35	双子座星灵	4	80	8	16010	(26933,1)	63876	0	0	21292	0	21292	0	100	0	0	0	0	100	0	0
6	36	双子座星灵	4	80	8	16050	(26933,1)	65373	0	0	21791	0	21791	0	100	0	0	0	0	100	0	0
6	37	双子座星灵	4	80	8	16090	(26933,1)	66867	0	0	22289	0	22289	0	100	0	0	0	0	100	0	0
6	38	双子座星灵	4	80	8	16130	(26933,1)	68364	0	0	22788	0	22788	0	100	0	0	0	0	100	0	0
6	39	双子座星灵	4	80	8	16170	(26933,1)	69858	0	0	23286	0	23286	0	100	0	0	0	0	100	0	0
6	40	双子座星灵	4	80	8	16210	(26933,1)	70713	0	0	23571	0	23571	0	100	0	0	0	0	100	0	0
6	41	双子座星灵	5	80	8	18810	(26933,1)	72210	0	0	24070	0	24070	0	100	0	0	0	0	100	0	0
6	42	双子座星灵	5	80	8	21410	(26933,1)	73704	0	0	24568	0	24568	0	100	0	0	0	0	100	0	0
6	43	双子座星灵	5	80	8	24010	(26933,1)	75201	0	0	25067	0	25067	0	100	0	0	0	0	100	0	0
6	44	双子座星灵	5	80	8	26610	(26933,1)	76695	0	0	25565	0	25565	0	100	0	0	0	0	100	0	0
6	45	双子座星灵	5	80	8	29210	(26933,1)	78192	0	0	26064	0	26064	0	100	0	0	0	0	100	0	0
6	46	双子座星灵	5	80	8	31810	(26933,1)	79686	0	0	26562	0	26562	0	100	0	0	0	0	100	0	0
6	47	双子座星灵	5	80	8	34410	(26933,1)	81183	0	0	27061	0	27061	0	100	0	0	0	0	100	0	0
6	48	双子座星灵	5	80	8	37010	(26933,1)	82677	0	0	27559	0	27559	0	100	0	0	0	0	100	0	0
6	49	双子座星灵	5	80	8	39610	(26933,1)	84174	0	0	28058	0	28058	0	100	0	0	0	0	100	0	0
6	50	双子座星灵	5	80	8	42210	(26933,1)	85026	0	0	28342	0	28342	0	100	0	0	0	0	100	0	0
6	51	双子座星灵	6	80	8	45510	(26933,1)	86523	0	0	28841	0	28841	0	100	0	0	0	0	100	0	0
6	52	双子座星灵	6	80	8	48810	(26933,1)	88017	0	0	29339	0	29339	0	100	0	0	0	0	100	0	0
6	53	双子座星灵	6	80	8	52110	(26933,1)	89514	0	0	29838	0	29838	0	100	0	0	0	0	100	0	0
6	54	双子座星灵	6	80	8	55410	(26933,1)	91008	0	0	30336	0	30336	0	100	0	0	0	0	100	0	0
6	55	双子座星灵	6	80	8	58710	(26933,1)	92505	0	0	30835	0	30835	0	100	0	0	0	0	100	0	0
6	56	双子座星灵	6	80	8	62010	(26933,1)	93999	0	0	31333	0	31333	0	100	0	0	0	0	100	0	0
6	57	双子座星灵	6	80	8	65310	(26933,1)	95496	0	0	31832	0	31832	0	100	0	0	0	0	100	0	0
6	58	双子座星灵	6	80	8	68610	(26933,1)	96990	0	0	32330	0	32330	0	100	0	0	0	0	100	0	0
6	59	双子座星灵	6	80	8	71910	(26933,1)	98487	0	0	32829	0	32829	0	100	0	0	0	0	100	0	0
6	60	双子座星灵	6	80	8	75210	(26933,1)	99342	0	0	33114	0	33114	0	100	0	0	0	0	100	0	0
6	61	双子座星灵	7	80	8	76110	(26933,1)	100839	0	0	33613	0	33613	0	100	0	0	0	0	100	0	0
6	62	双子座星灵	7	80	8	77010	(26933,1)	102333	0	0	34111	0	34111	0	100	0	0	0	0	100	0	0
6	63	双子座星灵	7	80	8	77910	(26933,1)	103830	0	0	34610	0	34610	0	100	0	0	0	0	100	0	0
6	64	双子座星灵	7	80	8	78810	(26933,1)	105324	0	0	35108	0	35108	0	100	0	0	0	0	100	0	0
6	65	双子座星灵	7	80	8	79710	(26933,1)	106821	0	0	35607	0	35607	0	100	0	0	0	0	100	0	0
6	66	双子座星灵	7	80	8	80610	(26933,1)	108315	0	0	36105	0	36105	0	100	0	0	0	0	100	0	0
6	67	双子座星灵	7	80	8	81510	(26933,1)	109812	0	0	36604	0	36604	0	100	0	0	0	0	100	0	0
6	68	双子座星灵	7	80	8	82410	(26933,1)	111306	0	0	37102	0	37102	0	100	0	0	0	0	100	0	0
6	69	双子座星灵	7	80	8	83310	(26933,1)	112803	0	0	37601	0	37601	0	100	0	0	0	0	100	0	0
6	70	双子座星灵	7	80	8	84210	(26933,1)	113658	0	0	37886	0	37886	0	100	0	0	0	0	100	0	0
6	71	双子座星灵	8	80	8	87110	(26933,1)	115152	0	0	38384	0	38384	0	100	0	0	0	0	100	0	0
6	72	双子座星灵	8	80	8	90010	(26933,1)	116649	0	0	38883	0	38883	0	100	0	0	0	0	100	0	0
6	73	双子座星灵	8	80	8	92910	(26933,1)	118143	0	0	39381	0	39381	0	100	0	0	0	0	100	0	0
6	74	双子座星灵	8	80	8	95810	(26933,1)	119640	0	0	39880	0	39880	0	100	0	0	0	0	100	0	0
6	75	双子座星灵	8	80	8	98710	(26933,1)	121134	0	0	40378	0	40378	0	100	0	0	0	0	100	0	0
6	76	双子座星灵	8	80	8	101610	(26933,1)	122631	0	0	40877	0	40877	0	100	0	0	0	0	100	0	0
6	77	双子座星灵	8	80	8	104510	(26933,1)	124125	0	0	41375	0	41375	0	100	0	0	0	0	100	0	0
6	78	双子座星灵	8	80	8	107410	(26933,1)	125622	0	0	41874	0	41874	0	100	0	0	0	0	100	0	0
6	79	双子座星灵	8	80	8	110310	(26933,1)	127116	0	0	42372	0	42372	0	100	0	0	0	0	100	0	0
6	80	双子座星灵	8	80	8	113210	(26933,1)	127971	0	0	42657	0	42657	0	100	0	0	0	0	100	0	0
7	1	摩羯座星灵	1	90	9	200	(26933,1)	16200	0	0	5400	0	5400	0	100	0	0	0	0	100	0	0
7	2	摩羯座星灵	1	90	9	390	(26933,1)	17820	0	0	5940	0	5940	0	100	0	0	0	0	100	0	0
7	3	摩羯座星灵	1	90	9	580	(26933,1)	19440	0	0	6480	0	6480	0	100	0	0	0	0	100	0	0
7	4	摩羯座星灵	1	90	9	770	(26933,1)	21060	0	0	7020	0	7020	0	100	0	0	0	0	100	0	0
7	5	摩羯座星灵	1	90	9	960	(26933,1)	22680	0	0	7560	0	7560	0	100	0	0	0	0	100	0	0
7	6	摩羯座星灵	1	90	9	1150	(26933,1)	24300	0	0	8100	0	8100	0	100	0	0	0	0	100	0	0
7	7	摩羯座星灵	1	90	9	1340	(26933,1)	25920	0	0	8640	0	8640	0	100	0	0	0	0	100	0	0
7	8	摩羯座星灵	1	90	9	1530	(26933,1)	27540	0	0	9180	0	9180	0	100	0	0	0	0	100	0	0
7	9	摩羯座星灵	1	90	9	1720	(26933,1)	29160	0	0	9720	0	9720	0	100	0	0	0	0	100	0	0
7	10	摩羯座星灵	1	90	9	1910	(26933,1)	30087	0	0	10029	0	10029	0	100	0	0	0	0	100	0	0
7	11	摩羯座星灵	2	90	9	2100	(26933,1)	31707	0	0	10569	0	10569	0	100	0	0	0	0	100	0	0
7	12	摩羯座星灵	2	90	9	2290	(26933,1)	33327	0	0	11109	0	11109	0	100	0	0	0	0	100	0	0
7	13	摩羯座星灵	2	90	9	2480	(26933,1)	34947	0	0	11649	0	11649	0	100	0	0	0	0	100	0	0
7	14	摩羯座星灵	2	90	9	2670	(26933,1)	36567	0	0	12189	0	12189	0	100	0	0	0	0	100	0	0
7	15	摩羯座星灵	2	90	9	2860	(26933,1)	38187	0	0	12729	0	12729	0	100	0	0	0	0	100	0	0
7	16	摩羯座星灵	2	90	9	3050	(26933,1)	39807	0	0	13269	0	13269	0	100	0	0	0	0	100	0	0
7	17	摩羯座星灵	2	90	9	3240	(26933,1)	41427	0	0	13809	0	13809	0	100	0	0	0	0	100	0	0
7	18	摩羯座星灵	2	90	9	3430	(26933,1)	43047	0	0	14349	0	14349	0	100	0	0	0	0	100	0	0
7	19	摩羯座星灵	2	90	9	3620	(26933,1)	44667	0	0	14889	0	14889	0	100	0	0	0	0	100	0	0
7	20	摩羯座星灵	2	90	9	3810	(26933,1)	45594	0	0	15198	0	15198	0	100	0	0	0	0	100	0	0
7	21	摩羯座星灵	3	90	9	5010	(26933,1)	50220	0	0	16740	0	16740	0	100	0	0	0	0	100	0	0
7	22	摩羯座星灵	3	90	9	6210	(26933,1)	51840	0	0	17280	0	17280	0	100	0	0	0	0	100	0	0
7	23	摩羯座星灵	3	90	9	7410	(26933,1)	53460	0	0	17820	0	17820	0	100	0	0	0	0	100	0	0
7	24	摩羯座星灵	3	90	9	8610	(26933,1)	55080	0	0	18360	0	18360	0	100	0	0	0	0	100	0	0
7	25	摩羯座星灵	3	90	9	9810	(26933,1)	56700	0	0	18900	0	18900	0	100	0	0	0	0	100	0	0
7	26	摩羯座星灵	3	90	9	11010	(26933,1)	58320	0	0	19440	0	19440	0	100	0	0	0	0	100	0	0
7	27	摩羯座星灵	3	90	9	12210	(26933,1)	59940	0	0	19980	0	19980	0	100	0	0	0	0	100	0	0
7	28	摩羯座星灵	3	90	9	13410	(26933,1)	61560	0	0	20520	0	20520	0	100	0	0	0	0	100	0	0
7	29	摩羯座星灵	3	90	9	14610	(26933,1)	63180	0	0	21060	0	21060	0	100	0	0	0	0	100	0	0
7	30	摩羯座星灵	3	90	9	15810	(26933,1)	64104	0	0	21368	0	21368	0	100	0	0	0	0	100	0	0
7	31	摩羯座星灵	4	90	9	15850	(26933,1)	68733	0	0	22911	0	22911	0	100	0	0	0	0	100	0	0
7	32	摩羯座星灵	4	90	9	15890	(26933,1)	70353	0	0	23451	0	23451	0	100	0	0	0	0	100	0	0
7	33	摩羯座星灵	4	90	9	15930	(26933,1)	71973	0	0	23991	0	23991	0	100	0	0	0	0	100	0	0
7	34	摩羯座星灵	4	90	9	15970	(26933,1)	73593	0	0	24531	0	24531	0	100	0	0	0	0	100	0	0
7	35	摩羯座星灵	4	90	9	16010	(26933,1)	75213	0	0	25071	0	25071	0	100	0	0	0	0	100	0	0
7	36	摩羯座星灵	4	90	9	16050	(26933,1)	76833	0	0	25611	0	25611	0	100	0	0	0	0	100	0	0
7	37	摩羯座星灵	4	90	9	16090	(26933,1)	78453	0	0	26151	0	26151	0	100	0	0	0	0	100	0	0
7	38	摩羯座星灵	4	90	9	16130	(26933,1)	80073	0	0	26691	0	26691	0	100	0	0	0	0	100	0	0
7	39	摩羯座星灵	4	90	9	16170	(26933,1)	81693	0	0	27231	0	27231	0	100	0	0	0	0	100	0	0
7	40	摩羯座星灵	4	90	9	16210	(26933,1)	82620	0	0	27540	0	27540	0	100	0	0	0	0	100	0	0
7	41	摩羯座星灵	5	90	9	18810	(26933,1)	87249	0	0	29083	0	29083	0	100	0	0	0	0	100	0	0
7	42	摩羯座星灵	5	90	9	21410	(26933,1)	88869	0	0	29623	0	29623	0	100	0	0	0	0	100	0	0
7	43	摩羯座星灵	5	90	9	24010	(26933,1)	90489	0	0	30163	0	30163	0	100	0	0	0	0	100	0	0
7	44	摩羯座星灵	5	90	9	26610	(26933,1)	92109	0	0	30703	0	30703	0	100	0	0	0	0	100	0	0
7	45	摩羯座星灵	5	90	9	29210	(26933,1)	93729	0	0	31243	0	31243	0	100	0	0	0	0	100	0	0
7	46	摩羯座星灵	5	90	9	31810	(26933,1)	95349	0	0	31783	0	31783	0	100	0	0	0	0	100	0	0
7	47	摩羯座星灵	5	90	9	34410	(26933,1)	96969	0	0	32323	0	32323	0	100	0	0	0	0	100	0	0
7	48	摩羯座星灵	5	90	9	37010	(26933,1)	98589	0	0	32863	0	32863	0	100	0	0	0	0	100	0	0
7	49	摩羯座星灵	5	90	9	39610	(26933,1)	100209	0	0	33403	0	33403	0	100	0	0	0	0	100	0	0
7	50	摩羯座星灵	5	90	9	42210	(26933,1)	101133	0	0	33711	0	33711	0	100	0	0	0	0	100	0	0
7	51	摩羯座星灵	6	90	9	45510	(26933,1)	105762	0	0	35254	0	35254	0	100	0	0	0	0	100	0	0
7	52	摩羯座星灵	6	90	9	48810	(26933,1)	107382	0	0	35794	0	35794	0	100	0	0	0	0	100	0	0
7	53	摩羯座星灵	6	90	9	52110	(26933,1)	109002	0	0	36334	0	36334	0	100	0	0	0	0	100	0	0
7	54	摩羯座星灵	6	90	9	55410	(26933,1)	110622	0	0	36874	0	36874	0	100	0	0	0	0	100	0	0
7	55	摩羯座星灵	6	90	9	58710	(26933,1)	112242	0	0	37414	0	37414	0	100	0	0	0	0	100	0	0
7	56	摩羯座星灵	6	90	9	62010	(26933,1)	113862	0	0	37954	0	37954	0	100	0	0	0	0	100	0	0
7	57	摩羯座星灵	6	90	9	65310	(26933,1)	115482	0	0	38494	0	38494	0	100	0	0	0	0	100	0	0
7	58	摩羯座星灵	6	90	9	68610	(26933,1)	117102	0	0	39034	0	39034	0	100	0	0	0	0	100	0	0
7	59	摩羯座星灵	6	90	9	71910	(26933,1)	118722	0	0	39574	0	39574	0	100	0	0	0	0	100	0	0
7	60	摩羯座星灵	6	90	9	75210	(26933,1)	119649	0	0	39883	0	39883	0	100	0	0	0	0	100	0	0
7	61	摩羯座星灵	7	90	9	76110	(26933,1)	124278	0	0	41426	0	41426	0	100	0	0	0	0	100	0	0
7	62	摩羯座星灵	7	90	9	77010	(26933,1)	125898	0	0	41966	0	41966	0	100	0	0	0	0	100	0	0
7	63	摩羯座星灵	7	90	9	77910	(26933,1)	127518	0	0	42506	0	42506	0	100	0	0	0	0	100	0	0
7	64	摩羯座星灵	7	90	9	78810	(26933,1)	129138	0	0	43046	0	43046	0	100	0	0	0	0	100	0	0
7	65	摩羯座星灵	7	90	9	79710	(26933,1)	130758	0	0	43586	0	43586	0	100	0	0	0	0	100	0	0
7	66	摩羯座星灵	7	90	9	80610	(26933,1)	132378	0	0	44126	0	44126	0	100	0	0	0	0	100	0	0
7	67	摩羯座星灵	7	90	9	81510	(26933,1)	133998	0	0	44666	0	44666	0	100	0	0	0	0	100	0	0
7	68	摩羯座星灵	7	90	9	82410	(26933,1)	135618	0	0	45206	0	45206	0	100	0	0	0	0	100	0	0
7	69	摩羯座星灵	7	90	9	83310	(26933,1)	137238	0	0	45746	0	45746	0	100	0	0	0	0	100	0	0
7	70	摩羯座星灵	7	90	9	84210	(26933,1)	138162	0	0	46054	0	46054	0	100	0	0	0	0	100	0	0
7	71	摩羯座星灵	8	90	9	87110	(26933,1)	142791	0	0	47597	0	47597	0	100	0	0	0	0	100	0	0
7	72	摩羯座星灵	8	90	9	90010	(26933,1)	144411	0	0	48137	0	48137	0	100	0	0	0	0	100	0	0
7	73	摩羯座星灵	8	90	9	92910	(26933,1)	146031	0	0	48677	0	48677	0	100	0	0	0	0	100	0	0
7	74	摩羯座星灵	8	90	9	95810	(26933,1)	147651	0	0	49217	0	49217	0	100	0	0	0	0	100	0	0
7	75	摩羯座星灵	8	90	9	98710	(26933,1)	149271	0	0	49757	0	49757	0	100	0	0	0	0	100	0	0
7	76	摩羯座星灵	8	90	9	101610	(26933,1)	150891	0	0	50297	0	50297	0	100	0	0	0	0	100	0	0
7	77	摩羯座星灵	8	90	9	104510	(26933,1)	152511	0	0	50837	0	50837	0	100	0	0	0	0	100	0	0
7	78	摩羯座星灵	8	90	9	107410	(26933,1)	154131	0	0	51377	0	51377	0	100	0	0	0	0	100	0	0
7	79	摩羯座星灵	8	90	9	110310	(26933,1)	155751	0	0	51917	0	51917	0	100	0	0	0	0	100	0	0
7	80	摩羯座星灵	8	90	9	113210	(26933,1)	156678	0	0	52226	0	52226	0	100	0	0	0	0	100	0	0
7	81	摩羯座星灵	9	90	9	116010	(26933,1)	161307	0	0	53769	0	53769	0	100	0	0	0	0	100	0	0
7	82	摩羯座星灵	9	90	9	118810	(26933,1)	162927	0	0	54309	0	54309	0	100	0	0	0	0	100	0	0
7	83	摩羯座星灵	9	90	9	121610	(26933,1)	164547	0	0	54849	0	54849	0	100	0	0	0	0	100	0	0
7	84	摩羯座星灵	9	90	9	124410	(26933,1)	166167	0	0	55389	0	55389	0	100	0	0	0	0	100	0	0
7	85	摩羯座星灵	9	90	9	127210	(26933,1)	167787	0	0	55929	0	55929	0	100	0	0	0	0	100	0	0
7	86	摩羯座星灵	9	90	9	130010	(26933,1)	169407	0	0	56469	0	56469	0	100	0	0	0	0	100	0	0
7	87	摩羯座星灵	9	90	9	132810	(26933,1)	171027	0	0	57009	0	57009	0	100	0	0	0	0	100	0	0
7	88	摩羯座星灵	9	90	9	135610	(26933,1)	172647	0	0	57549	0	57549	0	100	0	0	0	0	100	0	0
7	89	摩羯座星灵	9	90	9	138410	(26933,1)	174267	0	0	58089	0	58089	0	100	0	0	0	0	100	0	0
7	90	摩羯座星灵	9	90	9	141210	(26933,1)	175194	0	0	58398	0	58398	0	100	0	0	0	0	100	0	0
8	1	双鱼座星灵	1	100	10	200	(26933,1)	18000	0	0	6000	0	6000	0	100	0	0	0	0	100	0	0
8	2	双鱼座星灵	1	100	10	390	(26933,1)	19800	0	0	6600	0	6600	0	100	0	0	0	0	100	0	0
8	3	双鱼座星灵	1	100	10	580	(26933,1)	21600	0	0	7200	0	7200	0	100	0	0	0	0	100	0	0
8	4	双鱼座星灵	1	100	10	770	(26933,1)	23400	0	0	7800	0	7800	0	100	0	0	0	0	100	0	0
8	5	双鱼座星灵	1	100	10	960	(26933,1)	25200	0	0	8400	0	8400	0	100	0	0	0	0	100	0	0
8	6	双鱼座星灵	1	100	10	1150	(26933,1)	27000	0	0	9000	0	9000	0	100	0	0	0	0	100	0	0
8	7	双鱼座星灵	1	100	10	1340	(26933,1)	28800	0	0	9600	0	9600	0	100	0	0	0	0	100	0	0
8	8	双鱼座星灵	1	100	10	1530	(26933,1)	30600	0	0	10200	0	10200	0	100	0	0	0	0	100	0	0
8	9	双鱼座星灵	1	100	10	1720	(26933,1)	32400	0	0	10800	0	10800	0	100	0	0	0	0	100	0	0
8	10	双鱼座星灵	1	100	10	1910	(26933,1)	33429	0	0	11143	0	11143	0	100	0	0	0	0	100	0	0
8	11	双鱼座星灵	2	100	10	2100	(26933,1)	35229	0	0	11743	0	11743	0	100	0	0	0	0	100	0	0
8	12	双鱼座星灵	2	100	10	2290	(26933,1)	37029	0	0	12343	0	12343	0	100	0	0	0	0	100	0	0
8	13	双鱼座星灵	2	100	10	2480	(26933,1)	38829	0	0	12943	0	12943	0	100	0	0	0	0	100	0	0
8	14	双鱼座星灵	2	100	10	2670	(26933,1)	40629	0	0	13543	0	13543	0	100	0	0	0	0	100	0	0
8	15	双鱼座星灵	2	100	10	2860	(26933,1)	42429	0	0	14143	0	14143	0	100	0	0	0	0	100	0	0
8	16	双鱼座星灵	2	100	10	3050	(26933,1)	44229	0	0	14743	0	14743	0	100	0	0	0	0	100	0	0
8	17	双鱼座星灵	2	100	10	3240	(26933,1)	46029	0	0	15343	0	15343	0	100	0	0	0	0	100	0	0
8	18	双鱼座星灵	2	100	10	3430	(26933,1)	47829	0	0	15943	0	15943	0	100	0	0	0	0	100	0	0
8	19	双鱼座星灵	2	100	10	3620	(26933,1)	49629	0	0	16543	0	16543	0	100	0	0	0	0	100	0	0
8	20	双鱼座星灵	2	100	10	3810	(26933,1)	50658	0	0	16886	0	16886	0	100	0	0	0	0	100	0	0
8	21	双鱼座星灵	3	100	10	5010	(26933,1)	55800	0	0	18600	0	18600	0	100	0	0	0	0	100	0	0
8	22	双鱼座星灵	3	100	10	6210	(26933,1)	57600	0	0	19200	0	19200	0	100	0	0	0	0	100	0	0
8	23	双鱼座星灵	3	100	10	7410	(26933,1)	59400	0	0	19800	0	19800	0	100	0	0	0	0	100	0	0
8	24	双鱼座星灵	3	100	10	8610	(26933,1)	61200	0	0	20400	0	20400	0	100	0	0	0	0	100	0	0
8	25	双鱼座星灵	3	100	10	9810	(26933,1)	63000	0	0	21000	0	21000	0	100	0	0	0	0	100	0	0
8	26	双鱼座星灵	3	100	10	11010	(26933,1)	64800	0	0	21600	0	21600	0	100	0	0	0	0	100	0	0
8	27	双鱼座星灵	3	100	10	12210	(26933,1)	66600	0	0	22200	0	22200	0	100	0	0	0	0	100	0	0
8	28	双鱼座星灵	3	100	10	13410	(26933,1)	68400	0	0	22800	0	22800	0	100	0	0	0	0	100	0	0
8	29	双鱼座星灵	3	100	10	14610	(26933,1)	70200	0	0	23400	0	23400	0	100	0	0	0	0	100	0	0
8	30	双鱼座星灵	3	100	10	15810	(26933,1)	71229	0	0	23743	0	23743	0	100	0	0	0	0	100	0	0
8	31	双鱼座星灵	4	100	10	15850	(26933,1)	76371	0	0	25457	0	25457	0	100	0	0	0	0	100	0	0
8	32	双鱼座星灵	4	100	10	15890	(26933,1)	78171	0	0	26057	0	26057	0	100	0	0	0	0	100	0	0
8	33	双鱼座星灵	4	100	10	15930	(26933,1)	79971	0	0	26657	0	26657	0	100	0	0	0	0	100	0	0
8	34	双鱼座星灵	4	100	10	15970	(26933,1)	81771	0	0	27257	0	27257	0	100	0	0	0	0	100	0	0
8	35	双鱼座星灵	4	100	10	16010	(26933,1)	83571	0	0	27857	0	27857	0	100	0	0	0	0	100	0	0
8	36	双鱼座星灵	4	100	10	16050	(26933,1)	85371	0	0	28457	0	28457	0	100	0	0	0	0	100	0	0
8	37	双鱼座星灵	4	100	10	16090	(26933,1)	87171	0	0	29057	0	29057	0	100	0	0	0	0	100	0	0
8	38	双鱼座星灵	4	100	10	16130	(26933,1)	88971	0	0	29657	0	29657	0	100	0	0	0	0	100	0	0
8	39	双鱼座星灵	4	100	10	16170	(26933,1)	90771	0	0	30257	0	30257	0	100	0	0	0	0	100	0	0
8	40	双鱼座星灵	4	100	10	16210	(26933,1)	91800	0	0	30600	0	30600	0	100	0	0	0	0	100	0	0
8	41	双鱼座星灵	5	100	10	18810	(26933,1)	96942	0	0	32314	0	32314	0	100	0	0	0	0	100	0	0
8	42	双鱼座星灵	5	100	10	21410	(26933,1)	98742	0	0	32914	0	32914	0	100	0	0	0	0	100	0	0
8	43	双鱼座星灵	5	100	10	24010	(26933,1)	100542	0	0	33514	0	33514	0	100	0	0	0	0	100	0	0
8	44	双鱼座星灵	5	100	10	26610	(26933,1)	102342	0	0	34114	0	34114	0	100	0	0	0	0	100	0	0
8	45	双鱼座星灵	5	100	10	29210	(26933,1)	104142	0	0	34714	0	34714	0	100	0	0	0	0	100	0	0
8	46	双鱼座星灵	5	100	10	31810	(26933,1)	105942	0	0	35314	0	35314	0	100	0	0	0	0	100	0	0
8	47	双鱼座星灵	5	100	10	34410	(26933,1)	107742	0	0	35914	0	35914	0	100	0	0	0	0	100	0	0
8	48	双鱼座星灵	5	100	10	37010	(26933,1)	109542	0	0	36514	0	36514	0	100	0	0	0	0	100	0	0
8	49	双鱼座星灵	5	100	10	39610	(26933,1)	111342	0	0	37114	0	37114	0	100	0	0	0	0	100	0	0
8	50	双鱼座星灵	5	100	10	42210	(26933,1)	112368	0	0	37456	0	37456	0	100	0	0	0	0	100	0	0
8	51	双鱼座星灵	6	100	10	45510	(26933,1)	117513	0	0	39171	0	39171	0	100	0	0	0	0	100	0	0
8	52	双鱼座星灵	6	100	10	48810	(26933,1)	119313	0	0	39771	0	39771	0	100	0	0	0	0	100	0	0
8	53	双鱼座星灵	6	100	10	52110	(26933,1)	121113	0	0	40371	0	40371	0	100	0	0	0	0	100	0	0
8	54	双鱼座星灵	6	100	10	55410	(26933,1)	122913	0	0	40971	0	40971	0	100	0	0	0	0	100	0	0
8	55	双鱼座星灵	6	100	10	58710	(26933,1)	124713	0	0	41571	0	41571	0	100	0	0	0	0	100	0	0
8	56	双鱼座星灵	6	100	10	62010	(26933,1)	126513	0	0	42171	0	42171	0	100	0	0	0	0	100	0	0
8	57	双鱼座星灵	6	100	10	65310	(26933,1)	128313	0	0	42771	0	42771	0	100	0	0	0	0	100	0	0
8	58	双鱼座星灵	6	100	10	68610	(26933,1)	130113	0	0	43371	0	43371	0	100	0	0	0	0	100	0	0
8	59	双鱼座星灵	6	100	10	71910	(26933,1)	131913	0	0	43971	0	43971	0	100	0	0	0	0	100	0	0
8	60	双鱼座星灵	6	100	10	75210	(26933,1)	132942	0	0	44314	0	44314	0	100	0	0	0	0	100	0	0
8	61	双鱼座星灵	7	100	10	76110	(26933,1)	138087	0	0	46029	0	46029	0	100	0	0	0	0	100	0	0
8	62	双鱼座星灵	7	100	10	77010	(26933,1)	139887	0	0	46629	0	46629	0	100	0	0	0	0	100	0	0
8	63	双鱼座星灵	7	100	10	77910	(26933,1)	141687	0	0	47229	0	47229	0	100	0	0	0	0	100	0	0
8	64	双鱼座星灵	7	100	10	78810	(26933,1)	143487	0	0	47829	0	47829	0	100	0	0	0	0	100	0	0
8	65	双鱼座星灵	7	100	10	79710	(26933,1)	145287	0	0	48429	0	48429	0	100	0	0	0	0	100	0	0
8	66	双鱼座星灵	7	100	10	80610	(26933,1)	147087	0	0	49029	0	49029	0	100	0	0	0	0	100	0	0
8	67	双鱼座星灵	7	100	10	81510	(26933,1)	148887	0	0	49629	0	49629	0	100	0	0	0	0	100	0	0
8	68	双鱼座星灵	7	100	10	82410	(26933,1)	150687	0	0	50229	0	50229	0	100	0	0	0	0	100	0	0
8	69	双鱼座星灵	7	100	10	83310	(26933,1)	152487	0	0	50829	0	50829	0	100	0	0	0	0	100	0	0
8	70	双鱼座星灵	7	100	10	84210	(26933,1)	153516	0	0	51172	0	51172	0	100	0	0	0	0	100	0	0
8	71	双鱼座星灵	8	100	10	87110	(26933,1)	158658	0	0	52886	0	52886	0	100	0	0	0	0	100	0	0
8	72	双鱼座星灵	8	100	10	90010	(26933,1)	160458	0	0	53486	0	53486	0	100	0	0	0	0	100	0	0
8	73	双鱼座星灵	8	100	10	92910	(26933,1)	162258	0	0	54086	0	54086	0	100	0	0	0	0	100	0	0
8	74	双鱼座星灵	8	100	10	95810	(26933,1)	164058	0	0	54686	0	54686	0	100	0	0	0	0	100	0	0
8	75	双鱼座星灵	8	100	10	98710	(26933,1)	165858	0	0	55286	0	55286	0	100	0	0	0	0	100	0	0
8	76	双鱼座星灵	8	100	10	101610	(26933,1)	167658	0	0	55886	0	55886	0	100	0	0	0	0	100	0	0
8	77	双鱼座星灵	8	100	10	104510	(26933,1)	169458	0	0	56486	0	56486	0	100	0	0	0	0	100	0	0
8	78	双鱼座星灵	8	100	10	107410	(26933,1)	171258	0	0	57086	0	57086	0	100	0	0	0	0	100	0	0
8	79	双鱼座星灵	8	100	10	110310	(26933,1)	173058	0	0	57686	0	57686	0	100	0	0	0	0	100	0	0
8	80	双鱼座星灵	8	100	10	113210	(26933,1)	174087	0	0	58029	0	58029	0	100	0	0	0	0	100	0	0
8	81	双鱼座星灵	9	100	10	116010	(26933,1)	179229	0	0	59743	0	59743	0	100	0	0	0	0	100	0	0
8	82	双鱼座星灵	9	100	10	118810	(26933,1)	181029	0	0	60343	0	60343	0	100	0	0	0	0	100	0	0
8	83	双鱼座星灵	9	100	10	121610	(26933,1)	182829	0	0	60943	0	60943	0	100	0	0	0	0	100	0	0
8	84	双鱼座星灵	9	100	10	124410	(26933,1)	184629	0	0	61543	0	61543	0	100	0	0	0	0	100	0	0
8	85	双鱼座星灵	9	100	10	127210	(26933,1)	186429	0	0	62143	0	62143	0	100	0	0	0	0	100	0	0
8	86	双鱼座星灵	9	100	10	130010	(26933,1)	188229	0	0	62743	0	62743	0	100	0	0	0	0	100	0	0
8	87	双鱼座星灵	9	100	10	132810	(26933,1)	190029	0	0	63343	0	63343	0	100	0	0	0	0	100	0	0
8	88	双鱼座星灵	9	100	10	135610	(26933,1)	191829	0	0	63943	0	63943	0	100	0	0	0	0	100	0	0
8	89	双鱼座星灵	9	100	10	138410	(26933,1)	193629	0	0	64543	0	64543	0	100	0	0	0	0	100	0	0
8	90	双鱼座星灵	9	100	10	141210	(26933,1)	194658	0	0	64886	0	64886	0	100	0	0	0	0	100	0	0
8	91	双鱼座星灵	10	100	10	144210	(26933,1)	199800	0	0	66600	0	66600	0	100	0	0	0	0	100	0	0
8	92	双鱼座星灵	10	100	10	147310	(26933,1)	201600	0	0	67200	0	67200	0	100	0	0	0	0	100	0	0
8	93	双鱼座星灵	10	100	10	150510	(26933,1)	203400	0	0	67800	0	67800	0	100	0	0	0	0	100	0	0
8	94	双鱼座星灵	10	100	10	153810	(26933,1)	205200	0	0	68400	0	68400	0	100	0	0	0	0	100	0	0
8	95	双鱼座星灵	10	100	10	157210	(26933,1)	207000	0	0	69000	0	69000	0	100	0	0	0	0	100	0	0
8	96	双鱼座星灵	10	100	10	160710	(26933,1)	208800	0	0	69600	0	69600	0	100	0	0	0	0	100	0	0
8	97	双鱼座星灵	10	100	10	164310	(26933,1)	210600	0	0	70200	0	70200	0	100	0	0	0	0	100	0	0
8	98	双鱼座星灵	10	100	10	168010	(26933,1)	212400	0	0	70800	0	70800	0	100	0	0	0	0	100	0	0
8	99	双鱼座星灵	10	100	10	171810	(26933,1)	214200	0	0	71400	0	71400	0	100	0	0	0	0	100	0	0
8	100	双鱼座星灵	10	100	10	175710	(26933,1)	215229	0	0	71743	0	71743	0	100	0	0	0	0	100	0	0
