buffId	coding	startTime	endTime	keepTime	maxhp	attackspeed	anger	attack_p	defense_p	attack_m	defense_m	crit	critpress	antibroken	notbroken	parry	puncture	damageupgrade	damagereduce	npcType
buffID	对应物品的coding	使用的时间范围	使用的时间范围	持续时间	生命	攻击速度	怒气	物攻	物防	法攻	法防	暴击	免暴	破防	免破	格挡	破挡	增伤	免伤	变身的npc类型
2501	26988	(2014,10,15,0,0,0)	(2024,12,3,0,0,0)	43200	0	0	0	100	100	0	0	0	0	0	0	0	0	0	0	30001
2502	26989	(2014,10,15,0,0,0)	(2024,12,3,0,0,0)	43200	300	0	0	0	100	0	0	0	0	0	0	0	0	0	0	30003
2503	26990	(2014,10,15,0,0,0)	(2024,12,3,0,0,0)	43200	300	0	0	0	0	0	0	100	0	0	0	0	0	0	0	30005
2504	26991	(2014,10,15,0,0,0)	(2024,12,3,0,0,0)	43200	0	0	0	100	0	0	100	0	0	0	0	0	0	0	0	30016
2505	26992	(2014,10,15,0,0,0)	(2024,12,3,0,0,0)	43200	300	0	0	0	100	0	0	0	0	0	0	0	0	0	0	30018
2506	26993	(2014,10,15,0,0,0)	(2024,12,3,0,0,0)	43200	300	0	0	0	0	0	0	0	100	0	0	0	0	0	0	30022
2507	26994	(2014,10,15,0,0,0)	(2024,12,3,0,0,0)	43200	300	0	0	0	0	0	100	0	0	0	0	0	0	0	0	4016
2508	26995	(2014,10,15,0,0,0)	(2024,12,3,0,0,0)	43200	0	0	0	0	100	0	100	0	0	0	0	0	0	0	0	4018
2509	26996	(2014,10,15,0,0,0)	(2024,12,3,0,0,0)	43200	300	0	0	0	0	0	0	0	0	0	0	100	0	0	0	4023
2510	26997	(2014,10,15,0,0,0)	(2024,12,3,0,0,0)	43200	0	0	0	0	100	0	0	0	0	0	0	0	0	0	0	4028
2511	26998	(2014,10,15,0,0,0)	(2024,12,3,0,0,0)	43200	0	0	0	0	0	0	0	100	0	0	0	0	0	0	0	40005
2512	26999	(2014,10,15,0,0,0)	(2024,12,3,0,0,0)	43200	0	0	0	0	100	0	0	0	100	0	0	0	0	0	0	5001
2513	27000	(2014,10,15,0,0,0)	(2024,12,3,0,0,0)	43200	0	0	0	0	100	0	0	0	0	0	0	100	0	0	0	5002
2514	27001	(2014,10,15,0,0,0)	(2024,12,3,0,0,0)	43200	300	0	0	0	0	0	0	0	0	0	0	0	100	0	0	5003
2515	27002	(2014,10,15,0,0,0)	(2024,12,3,0,0,0)	43200	0	0	0	0	100	0	0	0	0	0	0	0	100	0	0	5004
2516	27003	(2014,10,15,0,0,0)	(2024,12,3,0,0,0)	43200	0	0	0	0	0	0	100	100	0	0	0	0	0	0	0	5005
2517	27004	(2014,10,15,0,0,0)	(2024,12,3,0,0,0)	43200	0	0	0	100	0	0	0	100	0	0	0	0	0	0	0	5006
2518	27005	(2014,10,15,0,0,0)	(2024,12,3,0,0,0)	43200	0	0	0	0	0	0	100	0	100	0	0	0	0	0	0	5007
2519	27006	(2014,10,15,0,0,0)	(2024,12,3,0,0,0)	43200	0	0	0	0	0	0	100	0	0	0	0	100	0	0	0	5008
2520	27007	(2014,10,15,0,0,0)	(2024,12,3,0,0,0)	43200	0	0	0	100	0	0	0	0	100	0	0	0	0	0	0	5009
2521	27008	(2014,10,15,0,0,0)	(2024,12,3,0,0,0)	43200	0	0	0	0	0	0	100	0	0	0	0	0	100	0	0	5010
2522	27009	(2014,10,15,0,0,0)	(2024,12,3,0,0,0)	43200	0	0	0	100	0	0	0	0	0	0	0	100	0	0	0	5011
2523	27010	(2014,10,15,0,0,0)	(2024,12,3,0,0,0)	43200	0	0	0	0	0	0	0	100	100	0	0	0	0	0	0	5012
2524	27011	(2014,10,15,0,0,0)	(2024,12,3,0,0,0)	43200	0	0	0	0	0	0	0	100	0	0	0	100	0	0	0	5013
2525	27012	(2014,10,15,0,0,0)	(2024,12,3,0,0,0)	43200	0	0	0	100	0	0	0	0	0	0	0	0	100	0	0	5014
2526	27013	(2014,10,15,0,0,0)	(2024,12,3,0,0,0)	43200	0	0	0	0	0	0	0	100	0	0	0	0	100	0	0	5015
2527	27014	(2014,10,15,0,0,0)	(2024,12,3,0,0,0)	43200	0	0	0	0	0	0	0	0	100	0	0	100	0	0	0	5016
2528	27015	(2014,10,15,0,0,0)	(2024,12,3,0,0,0)	43200	300	0	0	100	0	0	0	0	0	0	0	0	0	0	0	5017
2529	27016	(2014,10,15,0,0,0)	(2024,12,3,0,0,0)	43200	0	0	0	0	0	0	0	0	100	0	0	0	100	0	0	5018
2530	27017	(2014,10,15,0,0,0)	(2024,12,3,0,0,0)	43200	0	0	0	0	0	0	0	0	0	0	0	100	100	0	0	20116
2531	27018	(2014,10,15,0,0,0)	(2024,12,3,0,0,0)	43200	0	0	0	250	0	0	0	0	250	0	0	0	0	0	0	5101
2532	27019	(2014,10,15,0,0,0)	(2024,12,3,0,0,0)	43200	0	0	0	250	0	0	0	0	0	0	0	250	0	0	0	5102
2533	27020	(2014,10,15,0,0,0)	(2024,12,3,0,0,0)	43200	0	0	0	250	0	0	0	0	0	0	0	0	250	0	0	5103
2534	27021	(2014,10,15,0,0,0)	(2024,12,3,0,0,0)	43200	750	0	0	0	0	0	0	0	250	0	0	0	0	0	0	5104
2535	27022	(2014,10,15,0,0,0)	(2024,12,3,0,0,0)	43200	750	0	0	0	0	0	0	0	0	0	0	250	0	0	0	5105
2536	27023	(2014,10,15,0,0,0)	(2024,12,3,0,0,0)	43200	750	0	0	0	0	0	0	0	0	0	0	0	250	0	0	5110
2537	27024	(2014,10,15,0,0,0)	(2024,12,3,0,0,0)	43200	0	0	0	250	0	0	0	250	0	0	0	0	0	0	0	5111
2538	27025	(2014,10,15,0,0,0)	(2024,12,3,0,0,0)	43200	750	0	0	250	0	0	0	0	0	0	0	0	0	0	0	40051
