level	rewards1	rewards2
角色等级	抽奖配置(包含神石)	抽奖配置(不包含神石)
1	[(1,70),(4,697),(11,1670),(5,500),(2,28),(6,1500),(12,808),(7,700),(3,2),(8,1620),(13,200),(9,1400),(14,40),(10,610),(15,135),(16,20)]	[(4,697),(11,1670),(5,500),(6,1500),(12,808),(7,700),(8,1620),(13,200),(9,1400),(14,40),(10,610),(15,135),(16,20)]
2	[(1,70),(4,697),(11,1670),(5,500),(2,28),(6,1500),(12,808),(7,700),(3,2),(8,1620),(13,200),(9,1400),(14,40),(10,610),(15,135),(16,20)]	[(4,697),(11,1670),(5,500),(6,1500),(12,808),(7,700),(8,1620),(13,200),(9,1400),(14,40),(10,610),(15,135),(16,20)]
3	[(1,70),(4,697),(11,1670),(5,500),(2,28),(6,1500),(12,808),(7,700),(3,2),(8,1620),(13,200),(9,1400),(14,40),(10,610),(15,135),(16,20)]	[(4,697),(11,1670),(5,500),(6,1500),(12,808),(7,700),(8,1620),(13,200),(9,1400),(14,40),(10,610),(15,135),(16,20)]
4	[(1,70),(4,697),(11,1670),(5,500),(2,28),(6,1500),(12,808),(7,700),(3,2),(8,1620),(13,200),(9,1400),(14,40),(10,610),(15,135),(16,20)]	[(4,697),(11,1670),(5,500),(6,1500),(12,808),(7,700),(8,1620),(13,200),(9,1400),(14,40),(10,610),(15,135),(16,20)]
5	[(1,70),(4,697),(11,1670),(5,500),(2,28),(6,1500),(12,808),(7,700),(3,2),(8,1620),(13,200),(9,1400),(14,40),(10,610),(15,135),(16,20)]	[(4,697),(11,1670),(5,500),(6,1500),(12,808),(7,700),(8,1620),(13,200),(9,1400),(14,40),(10,610),(15,135),(16,20)]
6	[(1,70),(4,697),(11,1670),(5,500),(2,28),(6,1500),(12,808),(7,700),(3,2),(8,1620),(13,200),(9,1400),(14,40),(10,610),(15,135),(16,20)]	[(4,697),(11,1670),(5,500),(6,1500),(12,808),(7,700),(8,1620),(13,200),(9,1400),(14,40),(10,610),(15,135),(16,20)]
7	[(1,70),(4,697),(11,1670),(5,500),(2,28),(6,1500),(12,808),(7,700),(3,2),(8,1620),(13,200),(9,1400),(14,40),(10,610),(15,135),(16,20)]	[(4,697),(11,1670),(5,500),(6,1500),(12,808),(7,700),(8,1620),(13,200),(9,1400),(14,40),(10,610),(15,135),(16,20)]
8	[(1,70),(4,697),(11,1670),(5,500),(2,28),(6,1500),(12,808),(7,700),(3,2),(8,1620),(13,200),(9,1400),(14,40),(10,610),(15,135),(16,20)]	[(4,697),(11,1670),(5,500),(6,1500),(12,808),(7,700),(8,1620),(13,200),(9,1400),(14,40),(10,610),(15,135),(16,20)]
9	[(1,70),(4,697),(11,1670),(5,500),(2,28),(6,1500),(12,808),(7,700),(3,2),(8,1620),(13,200),(9,1400),(14,40),(10,610),(15,135),(16,20)]	[(4,697),(11,1670),(5,500),(6,1500),(12,808),(7,700),(8,1620),(13,200),(9,1400),(14,40),(10,610),(15,135),(16,20)]
10	[(1,70),(4,697),(11,1670),(5,500),(2,28),(6,1500),(12,808),(7,700),(3,2),(8,1620),(13,200),(9,1400),(14,40),(10,610),(15,135),(16,20)]	[(4,697),(11,1670),(5,500),(6,1500),(12,808),(7,700),(8,1620),(13,200),(9,1400),(14,40),(10,610),(15,135),(16,20)]
11	[(1,70),(4,697),(11,1670),(5,500),(2,28),(6,1500),(12,808),(7,700),(3,2),(8,1620),(13,200),(9,1400),(14,40),(10,610),(15,135),(16,20)]	[(4,697),(11,1670),(5,500),(6,1500),(12,808),(7,700),(8,1620),(13,200),(9,1400),(14,40),(10,610),(15,135),(16,20)]
12	[(1,70),(4,697),(11,1670),(5,500),(2,28),(6,1500),(12,808),(7,700),(3,2),(8,1620),(13,200),(9,1400),(14,40),(10,610),(15,135),(16,20)]	[(4,697),(11,1670),(5,500),(6,1500),(12,808),(7,700),(8,1620),(13,200),(9,1400),(14,40),(10,610),(15,135),(16,20)]
13	[(1,70),(4,697),(11,1670),(5,500),(2,28),(6,1500),(12,808),(7,700),(3,2),(8,1620),(13,200),(9,1400),(14,40),(10,610),(15,135),(16,20)]	[(4,697),(11,1670),(5,500),(6,1500),(12,808),(7,700),(8,1620),(13,200),(9,1400),(14,40),(10,610),(15,135),(16,20)]
14	[(1,70),(4,697),(11,1670),(5,500),(2,28),(6,1500),(12,808),(7,700),(3,2),(8,1620),(13,200),(9,1400),(14,40),(10,610),(15,135),(16,20)]	[(4,697),(11,1670),(5,500),(6,1500),(12,808),(7,700),(8,1620),(13,200),(9,1400),(14,40),(10,610),(15,135),(16,20)]
15	[(1,70),(4,697),(11,1670),(5,500),(2,28),(6,1500),(12,808),(7,700),(3,2),(8,1620),(13,200),(9,1400),(14,40),(10,610),(15,135),(16,20)]	[(4,697),(11,1670),(5,500),(6,1500),(12,808),(7,700),(8,1620),(13,200),(9,1400),(14,40),(10,610),(15,135),(16,20)]
16	[(1,70),(4,697),(11,1670),(5,500),(2,28),(6,1500),(12,808),(7,700),(3,2),(8,1620),(13,200),(9,1400),(14,40),(10,610),(15,135),(16,20)]	[(4,697),(11,1670),(5,500),(6,1500),(12,808),(7,700),(8,1620),(13,200),(9,1400),(14,40),(10,610),(15,135),(16,20)]
17	[(1,70),(4,697),(11,1670),(5,500),(2,28),(6,1500),(12,808),(7,700),(3,2),(8,1620),(13,200),(9,1400),(14,40),(10,610),(15,135),(16,20)]	[(4,697),(11,1670),(5,500),(6,1500),(12,808),(7,700),(8,1620),(13,200),(9,1400),(14,40),(10,610),(15,135),(16,20)]
18	[(1,70),(4,697),(11,1670),(5,500),(2,28),(6,1500),(12,808),(7,700),(3,2),(8,1620),(13,200),(9,1400),(14,40),(10,610),(15,135),(16,20)]	[(4,697),(11,1670),(5,500),(6,1500),(12,808),(7,700),(8,1620),(13,200),(9,1400),(14,40),(10,610),(15,135),(16,20)]
19	[(1,70),(4,697),(11,1670),(5,500),(2,28),(6,1500),(12,808),(7,700),(3,2),(8,1620),(13,200),(9,1400),(14,40),(10,610),(15,135),(16,20)]	[(4,697),(11,1670),(5,500),(6,1500),(12,808),(7,700),(8,1620),(13,200),(9,1400),(14,40),(10,610),(15,135),(16,20)]
20	[(1,70),(4,697),(11,1670),(5,500),(2,28),(6,1500),(12,808),(7,700),(3,2),(8,1620),(13,200),(9,1400),(14,40),(10,610),(15,135),(16,20)]	[(4,697),(11,1670),(5,500),(6,1500),(12,808),(7,700),(8,1620),(13,200),(9,1400),(14,40),(10,610),(15,135),(16,20)]
21	[(1,70),(4,697),(11,1670),(5,500),(2,28),(6,1500),(12,808),(7,700),(3,2),(8,1620),(13,200),(9,1400),(14,40),(10,610),(15,135),(16,20)]	[(4,697),(11,1670),(5,500),(6,1500),(12,808),(7,700),(8,1620),(13,200),(9,1400),(14,40),(10,610),(15,135),(16,20)]
22	[(1,70),(4,697),(11,1670),(5,500),(2,28),(6,1500),(12,808),(7,700),(3,2),(8,1620),(13,200),(9,1400),(14,40),(10,610),(15,135),(16,20)]	[(4,697),(11,1670),(5,500),(6,1500),(12,808),(7,700),(8,1620),(13,200),(9,1400),(14,40),(10,610),(15,135),(16,20)]
23	[(1,70),(4,697),(11,1670),(5,500),(2,28),(6,1500),(12,808),(7,700),(3,2),(8,1620),(13,200),(9,1400),(14,40),(10,610),(15,135),(16,20)]	[(4,697),(11,1670),(5,500),(6,1500),(12,808),(7,700),(8,1620),(13,200),(9,1400),(14,40),(10,610),(15,135),(16,20)]
24	[(1,70),(4,697),(11,1670),(5,500),(2,28),(6,1500),(12,808),(7,700),(3,2),(8,1620),(13,200),(9,1400),(14,40),(10,610),(15,135),(16,20)]	[(4,697),(11,1670),(5,500),(6,1500),(12,808),(7,700),(8,1620),(13,200),(9,1400),(14,40),(10,610),(15,135),(16,20)]
25	[(1,70),(4,697),(11,1670),(5,500),(2,28),(6,1500),(12,808),(7,700),(3,2),(8,1620),(13,200),(9,1400),(14,40),(10,610),(15,135),(16,20)]	[(4,697),(11,1670),(5,500),(6,1500),(12,808),(7,700),(8,1620),(13,200),(9,1400),(14,40),(10,610),(15,135),(16,20)]
26	[(1,70),(4,697),(11,1670),(5,500),(2,28),(6,1500),(12,808),(7,700),(3,2),(8,1620),(13,200),(9,1400),(14,40),(10,610),(15,135),(16,20)]	[(4,697),(11,1670),(5,500),(6,1500),(12,808),(7,700),(8,1620),(13,200),(9,1400),(14,40),(10,610),(15,135),(16,20)]
27	[(1,70),(4,697),(11,1670),(5,500),(2,28),(6,1500),(12,808),(7,700),(3,2),(8,1620),(13,200),(9,1400),(14,40),(10,610),(15,135),(16,20)]	[(4,697),(11,1670),(5,500),(6,1500),(12,808),(7,700),(8,1620),(13,200),(9,1400),(14,40),(10,610),(15,135),(16,20)]
28	[(1,70),(4,697),(11,1670),(5,500),(2,28),(6,1500),(12,808),(7,700),(3,2),(8,1620),(13,200),(9,1400),(14,40),(10,610),(15,135),(16,20)]	[(4,697),(11,1670),(5,500),(6,1500),(12,808),(7,700),(8,1620),(13,200),(9,1400),(14,40),(10,610),(15,135),(16,20)]
29	[(1,70),(4,697),(11,1670),(5,500),(2,28),(6,1500),(12,808),(7,700),(3,2),(8,1620),(13,200),(9,1400),(14,40),(10,610),(15,135),(16,20)]	[(4,697),(11,1670),(5,500),(6,1500),(12,808),(7,700),(8,1620),(13,200),(9,1400),(14,40),(10,610),(15,135),(16,20)]
30	[(1,70),(4,697),(11,1670),(5,500),(2,28),(6,1500),(12,808),(7,700),(3,2),(8,1620),(13,200),(9,1400),(14,40),(10,610),(15,135),(16,20)]	[(4,697),(11,1670),(5,500),(6,1500),(12,808),(7,700),(8,1620),(13,200),(9,1400),(14,40),(10,610),(15,135),(16,20)]
31	[(1,70),(4,697),(11,1670),(5,500),(2,28),(6,1500),(12,808),(7,700),(3,2),(8,1620),(13,200),(9,1400),(14,40),(10,610),(15,135),(16,20)]	[(4,697),(11,1670),(5,500),(6,1500),(12,808),(7,700),(8,1620),(13,200),(9,1400),(14,40),(10,610),(15,135),(16,20)]
32	[(1,70),(4,697),(11,1670),(5,500),(2,28),(6,1500),(12,808),(7,700),(3,2),(8,1620),(13,200),(9,1400),(14,40),(10,610),(15,135),(16,20)]	[(4,697),(11,1670),(5,500),(6,1500),(12,808),(7,700),(8,1620),(13,200),(9,1400),(14,40),(10,610),(15,135),(16,20)]
33	[(1,70),(4,697),(11,1670),(5,500),(2,28),(6,1500),(12,808),(7,700),(3,2),(8,1620),(13,200),(9,1400),(14,40),(10,610),(15,135),(16,20)]	[(4,697),(11,1670),(5,500),(6,1500),(12,808),(7,700),(8,1620),(13,200),(9,1400),(14,40),(10,610),(15,135),(16,20)]
34	[(1,70),(4,697),(11,1670),(5,500),(2,28),(6,1500),(12,808),(7,700),(3,2),(8,1620),(13,200),(9,1400),(14,40),(10,610),(15,135),(16,20)]	[(4,697),(11,1670),(5,500),(6,1500),(12,808),(7,700),(8,1620),(13,200),(9,1400),(14,40),(10,610),(15,135),(16,20)]
35	[(1,70),(4,697),(11,1670),(5,500),(2,28),(6,1500),(12,808),(7,700),(3,2),(8,1620),(13,200),(9,1400),(14,40),(10,610),(15,135),(16,20)]	[(4,697),(11,1670),(5,500),(6,1500),(12,808),(7,700),(8,1620),(13,200),(9,1400),(14,40),(10,610),(15,135),(16,20)]
36	[(1,70),(4,697),(11,1670),(5,500),(2,28),(6,1500),(12,808),(7,700),(3,2),(8,1620),(13,200),(9,1400),(14,40),(10,610),(15,135),(16,20)]	[(4,697),(11,1670),(5,500),(6,1500),(12,808),(7,700),(8,1620),(13,200),(9,1400),(14,40),(10,610),(15,135),(16,20)]
37	[(1,70),(4,697),(11,1670),(5,500),(2,28),(6,1500),(12,808),(7,700),(3,2),(8,1620),(13,200),(9,1400),(14,40),(10,610),(15,135),(16,20)]	[(4,697),(11,1670),(5,500),(6,1500),(12,808),(7,700),(8,1620),(13,200),(9,1400),(14,40),(10,610),(15,135),(16,20)]
38	[(1,70),(4,697),(11,1670),(5,500),(2,28),(6,1500),(12,808),(7,700),(3,2),(8,1620),(13,200),(9,1400),(14,40),(10,610),(15,135),(16,20)]	[(4,697),(11,1670),(5,500),(6,1500),(12,808),(7,700),(8,1620),(13,200),(9,1400),(14,40),(10,610),(15,135),(16,20)]
39	[(1,70),(4,697),(11,1670),(5,500),(2,28),(6,1500),(12,808),(7,700),(3,2),(8,1620),(13,200),(9,1400),(14,40),(10,610),(15,135),(16,20)]	[(4,697),(11,1670),(5,500),(6,1500),(12,808),(7,700),(8,1620),(13,200),(9,1400),(14,40),(10,610),(15,135),(16,20)]
40	[(1,70),(4,697),(11,1670),(5,500),(2,28),(6,1500),(12,808),(7,700),(3,2),(8,1620),(13,200),(9,1400),(14,40),(10,610),(15,135),(16,20)]	[(4,697),(11,1670),(5,500),(6,1500),(12,808),(7,700),(8,1620),(13,200),(9,1400),(14,40),(10,610),(15,135),(16,20)]
41	[(1,70),(4,697),(11,1670),(5,500),(2,28),(6,1500),(12,808),(7,700),(3,2),(8,1620),(13,200),(9,1400),(14,40),(10,610),(15,135),(16,20)]	[(4,697),(11,1670),(5,500),(6,1500),(12,808),(7,700),(8,1620),(13,200),(9,1400),(14,40),(10,610),(15,135),(16,20)]
42	[(1,70),(4,697),(11,1670),(5,500),(2,28),(6,1500),(12,808),(7,700),(3,2),(8,1620),(13,200),(9,1400),(14,40),(10,610),(15,135),(16,20)]	[(4,697),(11,1670),(5,500),(6,1500),(12,808),(7,700),(8,1620),(13,200),(9,1400),(14,40),(10,610),(15,135),(16,20)]
43	[(1,70),(4,697),(11,1670),(5,500),(2,28),(6,1500),(12,808),(7,700),(3,2),(8,1620),(13,200),(9,1400),(14,40),(10,610),(15,135),(16,20)]	[(4,697),(11,1670),(5,500),(6,1500),(12,808),(7,700),(8,1620),(13,200),(9,1400),(14,40),(10,610),(15,135),(16,20)]
44	[(1,70),(4,697),(11,1670),(5,500),(2,28),(6,1500),(12,808),(7,700),(3,2),(8,1620),(13,200),(9,1400),(14,40),(10,610),(15,135),(16,20)]	[(4,697),(11,1670),(5,500),(6,1500),(12,808),(7,700),(8,1620),(13,200),(9,1400),(14,40),(10,610),(15,135),(16,20)]
45	[(1,70),(4,697),(11,1670),(5,500),(2,28),(6,1500),(12,808),(7,700),(3,2),(8,1620),(13,200),(9,1400),(14,40),(10,610),(15,135),(16,20)]	[(4,697),(11,1670),(5,500),(6,1500),(12,808),(7,700),(8,1620),(13,200),(9,1400),(14,40),(10,610),(15,135),(16,20)]
46	[(1,70),(4,697),(11,1670),(5,500),(2,28),(6,1500),(12,808),(7,700),(3,2),(8,1620),(13,200),(9,1400),(14,40),(10,610),(15,135),(16,20)]	[(4,697),(11,1670),(5,500),(6,1500),(12,808),(7,700),(8,1620),(13,200),(9,1400),(14,40),(10,610),(15,135),(16,20)]
47	[(1,70),(4,697),(11,1670),(5,500),(2,28),(6,1500),(12,808),(7,700),(3,2),(8,1620),(13,200),(9,1400),(14,40),(10,610),(15,135),(16,20)]	[(4,697),(11,1670),(5,500),(6,1500),(12,808),(7,700),(8,1620),(13,200),(9,1400),(14,40),(10,610),(15,135),(16,20)]
48	[(1,70),(4,697),(11,1670),(5,500),(2,28),(6,1500),(12,808),(7,700),(3,2),(8,1620),(13,200),(9,1400),(14,40),(10,610),(15,135),(16,20)]	[(4,697),(11,1670),(5,500),(6,1500),(12,808),(7,700),(8,1620),(13,200),(9,1400),(14,40),(10,610),(15,135),(16,20)]
49	[(1,70),(4,697),(11,1670),(5,500),(2,28),(6,1500),(12,808),(7,700),(3,2),(8,1620),(13,200),(9,1400),(14,40),(10,610),(15,135),(16,20)]	[(4,697),(11,1670),(5,500),(6,1500),(12,808),(7,700),(8,1620),(13,200),(9,1400),(14,40),(10,610),(15,135),(16,20)]
50	[(1,70),(4,697),(11,1670),(5,500),(2,28),(6,1500),(12,808),(7,700),(3,2),(8,1620),(13,200),(9,1400),(14,40),(10,610),(15,135),(16,20)]	[(4,697),(11,1670),(5,500),(6,1500),(12,808),(7,700),(8,1620),(13,200),(9,1400),(14,40),(10,610),(15,135),(16,20)]
51	[(1,70),(4,697),(11,1670),(5,500),(2,28),(6,1500),(12,808),(7,700),(3,2),(8,1620),(13,200),(9,1400),(14,40),(10,610),(15,135),(16,20)]	[(4,697),(11,1670),(5,500),(6,1500),(12,808),(7,700),(8,1620),(13,200),(9,1400),(14,40),(10,610),(15,135),(16,20)]
52	[(1,70),(4,697),(11,1670),(5,500),(2,28),(6,1500),(12,808),(7,700),(3,2),(8,1620),(13,200),(9,1400),(14,40),(10,610),(15,135),(16,20)]	[(4,697),(11,1670),(5,500),(6,1500),(12,808),(7,700),(8,1620),(13,200),(9,1400),(14,40),(10,610),(15,135),(16,20)]
53	[(1,70),(4,697),(11,1670),(5,500),(2,28),(6,1500),(12,808),(7,700),(3,2),(8,1620),(13,200),(9,1400),(14,40),(10,610),(15,135),(16,20)]	[(4,697),(11,1670),(5,500),(6,1500),(12,808),(7,700),(8,1620),(13,200),(9,1400),(14,40),(10,610),(15,135),(16,20)]
54	[(1,70),(4,697),(11,1670),(5,500),(2,28),(6,1500),(12,808),(7,700),(3,2),(8,1620),(13,200),(9,1400),(14,40),(10,610),(15,135),(16,20)]	[(4,697),(11,1670),(5,500),(6,1500),(12,808),(7,700),(8,1620),(13,200),(9,1400),(14,40),(10,610),(15,135),(16,20)]
55	[(1,70),(4,697),(11,1670),(5,500),(2,28),(6,1500),(12,808),(7,700),(3,2),(8,1620),(13,200),(9,1400),(14,40),(10,610),(15,135),(16,20)]	[(4,697),(11,1670),(5,500),(6,1500),(12,808),(7,700),(8,1620),(13,200),(9,1400),(14,40),(10,610),(15,135),(16,20)]
56	[(1,70),(4,697),(11,1670),(5,500),(2,28),(6,1500),(12,808),(7,700),(3,2),(8,1620),(13,200),(9,1400),(14,40),(10,610),(15,135),(16,20)]	[(4,697),(11,1670),(5,500),(6,1500),(12,808),(7,700),(8,1620),(13,200),(9,1400),(14,40),(10,610),(15,135),(16,20)]
57	[(1,70),(4,697),(11,1670),(5,500),(2,28),(6,1500),(12,808),(7,700),(3,2),(8,1620),(13,200),(9,1400),(14,40),(10,610),(15,135),(16,20)]	[(4,697),(11,1670),(5,500),(6,1500),(12,808),(7,700),(8,1620),(13,200),(9,1400),(14,40),(10,610),(15,135),(16,20)]
58	[(1,70),(4,697),(11,1670),(5,500),(2,28),(6,1500),(12,808),(7,700),(3,2),(8,1620),(13,200),(9,1400),(14,40),(10,610),(15,135),(16,20)]	[(4,697),(11,1670),(5,500),(6,1500),(12,808),(7,700),(8,1620),(13,200),(9,1400),(14,40),(10,610),(15,135),(16,20)]
59	[(1,70),(4,697),(11,1670),(5,500),(2,28),(6,1500),(12,808),(7,700),(3,2),(8,1620),(13,200),(9,1400),(14,40),(10,610),(15,135),(16,20)]	[(4,697),(11,1670),(5,500),(6,1500),(12,808),(7,700),(8,1620),(13,200),(9,1400),(14,40),(10,610),(15,135),(16,20)]
60	[(101,70),(104,700),(111,800),(105,500),(102,28),(106,800),(112,800),(107,800),(103,2),(108,1280),(113,1200),(109,800),(114,1200),(110,800),(115,200),(116,20)]	[(104,700),(111,800),(105,500),(106,800),(112,800),(107,800),(108,1280),(113,1200),(109,800),(114,1200),(110,800),(115,200),(116,20)]
61	[(101,70),(104,700),(111,800),(105,500),(102,28),(106,800),(112,800),(107,800),(103,2),(108,1280),(113,1200),(109,800),(114,1200),(110,800),(115,200),(116,20)]	[(104,700),(111,800),(105,500),(106,800),(112,800),(107,800),(108,1280),(113,1200),(109,800),(114,1200),(110,800),(115,200),(116,20)]
62	[(101,70),(104,700),(111,800),(105,500),(102,28),(106,800),(112,800),(107,800),(103,2),(108,1280),(113,1200),(109,800),(114,1200),(110,800),(115,200),(116,20)]	[(104,700),(111,800),(105,500),(106,800),(112,800),(107,800),(108,1280),(113,1200),(109,800),(114,1200),(110,800),(115,200),(116,20)]
63	[(101,70),(104,700),(111,800),(105,500),(102,28),(106,800),(112,800),(107,800),(103,2),(108,1280),(113,1200),(109,800),(114,1200),(110,800),(115,200),(116,20)]	[(104,700),(111,800),(105,500),(106,800),(112,800),(107,800),(108,1280),(113,1200),(109,800),(114,1200),(110,800),(115,200),(116,20)]
64	[(101,70),(104,700),(111,800),(105,500),(102,28),(106,800),(112,800),(107,800),(103,2),(108,1280),(113,1200),(109,800),(114,1200),(110,800),(115,200),(116,20)]	[(104,700),(111,800),(105,500),(106,800),(112,800),(107,800),(108,1280),(113,1200),(109,800),(114,1200),(110,800),(115,200),(116,20)]
65	[(101,70),(104,700),(111,800),(105,500),(102,28),(106,800),(112,800),(107,800),(103,2),(108,1280),(113,1200),(109,800),(114,1200),(110,800),(115,200),(116,20)]	[(104,700),(111,800),(105,500),(106,800),(112,800),(107,800),(108,1280),(113,1200),(109,800),(114,1200),(110,800),(115,200),(116,20)]
66	[(101,70),(104,700),(111,800),(105,500),(102,28),(106,800),(112,800),(107,800),(103,2),(108,1280),(113,1200),(109,800),(114,1200),(110,800),(115,200),(116,20)]	[(104,700),(111,800),(105,500),(106,800),(112,800),(107,800),(108,1280),(113,1200),(109,800),(114,1200),(110,800),(115,200),(116,20)]
67	[(101,70),(104,700),(111,800),(105,500),(102,28),(106,800),(112,800),(107,800),(103,2),(108,1280),(113,1200),(109,800),(114,1200),(110,800),(115,200),(116,20)]	[(104,700),(111,800),(105,500),(106,800),(112,800),(107,800),(108,1280),(113,1200),(109,800),(114,1200),(110,800),(115,200),(116,20)]
68	[(101,70),(104,700),(111,800),(105,500),(102,28),(106,800),(112,800),(107,800),(103,2),(108,1280),(113,1200),(109,800),(114,1200),(110,800),(115,200),(116,20)]	[(104,700),(111,800),(105,500),(106,800),(112,800),(107,800),(108,1280),(113,1200),(109,800),(114,1200),(110,800),(115,200),(116,20)]
69	[(101,70),(104,700),(111,800),(105,500),(102,28),(106,800),(112,800),(107,800),(103,2),(108,1280),(113,1200),(109,800),(114,1200),(110,800),(115,200),(116,20)]	[(104,700),(111,800),(105,500),(106,800),(112,800),(107,800),(108,1280),(113,1200),(109,800),(114,1200),(110,800),(115,200),(116,20)]
70	[(101,70),(104,700),(111,800),(105,500),(102,28),(106,800),(112,800),(107,800),(103,2),(108,1280),(113,1200),(109,800),(114,1200),(110,800),(115,200),(116,20)]	[(104,700),(111,800),(105,500),(106,800),(112,800),(107,800),(108,1280),(113,1200),(109,800),(114,1200),(110,800),(115,200),(116,20)]
71	[(101,70),(104,700),(111,800),(105,500),(102,28),(106,800),(112,800),(107,800),(103,2),(108,1280),(113,1200),(109,800),(114,1200),(110,800),(115,200),(116,20)]	[(104,700),(111,800),(105,500),(106,800),(112,800),(107,800),(108,1280),(113,1200),(109,800),(114,1200),(110,800),(115,200),(116,20)]
72	[(101,70),(104,700),(111,800),(105,500),(102,28),(106,800),(112,800),(107,800),(103,2),(108,1280),(113,1200),(109,800),(114,1200),(110,800),(115,200),(116,20)]	[(104,700),(111,800),(105,500),(106,800),(112,800),(107,800),(108,1280),(113,1200),(109,800),(114,1200),(110,800),(115,200),(116,20)]
73	[(101,70),(104,700),(111,800),(105,500),(102,28),(106,800),(112,800),(107,800),(103,2),(108,1280),(113,1200),(109,800),(114,1200),(110,800),(115,200),(116,20)]	[(104,700),(111,800),(105,500),(106,800),(112,800),(107,800),(108,1280),(113,1200),(109,800),(114,1200),(110,800),(115,200),(116,20)]
74	[(101,70),(104,700),(111,800),(105,500),(102,28),(106,800),(112,800),(107,800),(103,2),(108,1280),(113,1200),(109,800),(114,1200),(110,800),(115,200),(116,20)]	[(104,700),(111,800),(105,500),(106,800),(112,800),(107,800),(108,1280),(113,1200),(109,800),(114,1200),(110,800),(115,200),(116,20)]
75	[(101,70),(104,700),(111,800),(105,500),(102,28),(106,800),(112,800),(107,800),(103,2),(108,1280),(113,1200),(109,800),(114,1200),(110,800),(115,200),(116,20)]	[(104,700),(111,800),(105,500),(106,800),(112,800),(107,800),(108,1280),(113,1200),(109,800),(114,1200),(110,800),(115,200),(116,20)]
76	[(101,70),(104,700),(111,800),(105,500),(102,28),(106,800),(112,800),(107,800),(103,2),(108,1280),(113,1200),(109,800),(114,1200),(110,800),(115,200),(116,20)]	[(104,700),(111,800),(105,500),(106,800),(112,800),(107,800),(108,1280),(113,1200),(109,800),(114,1200),(110,800),(115,200),(116,20)]
77	[(101,70),(104,700),(111,800),(105,500),(102,28),(106,800),(112,800),(107,800),(103,2),(108,1280),(113,1200),(109,800),(114,1200),(110,800),(115,200),(116,20)]	[(104,700),(111,800),(105,500),(106,800),(112,800),(107,800),(108,1280),(113,1200),(109,800),(114,1200),(110,800),(115,200),(116,20)]
78	[(101,70),(104,700),(111,800),(105,500),(102,28),(106,800),(112,800),(107,800),(103,2),(108,1280),(113,1200),(109,800),(114,1200),(110,800),(115,200),(116,20)]	[(104,700),(111,800),(105,500),(106,800),(112,800),(107,800),(108,1280),(113,1200),(109,800),(114,1200),(110,800),(115,200),(116,20)]
79	[(101,70),(104,700),(111,800),(105,500),(102,28),(106,800),(112,800),(107,800),(103,2),(108,1280),(113,1200),(109,800),(114,1200),(110,800),(115,200),(116,20)]	[(104,700),(111,800),(105,500),(106,800),(112,800),(107,800),(108,1280),(113,1200),(109,800),(114,1200),(110,800),(115,200),(116,20)]
80	[(201,70),(204,800),(211,1400),(205,500),(202,28),(206,900),(212,200),(207,900),(203,2),(208,800),(213,800),(209,1400),(216,20),(214,900),(210,1240),(215,40)]	[(204,800),(211,1400),(205,500),(206,900),(212,200),(207,900),(208,800),(213,800),(209,1400),(216,20),(214,900),(210,1240),(215,40)]
81	[(201,70),(204,800),(211,1400),(205,500),(202,28),(206,900),(212,200),(207,900),(203,2),(208,800),(213,800),(209,1400),(216,20),(214,900),(210,1240),(215,40)]	[(204,800),(211,1400),(205,500),(206,900),(212,200),(207,900),(208,800),(213,800),(209,1400),(216,20),(214,900),(210,1240),(215,40)]
82	[(201,70),(204,800),(211,1400),(205,500),(202,28),(206,900),(212,200),(207,900),(203,2),(208,800),(213,800),(209,1400),(216,20),(214,900),(210,1240),(215,40)]	[(204,800),(211,1400),(205,500),(206,900),(212,200),(207,900),(208,800),(213,800),(209,1400),(216,20),(214,900),(210,1240),(215,40)]
83	[(201,70),(204,800),(211,1400),(205,500),(202,28),(206,900),(212,200),(207,900),(203,2),(208,800),(213,800),(209,1400),(216,20),(214,900),(210,1240),(215,40)]	[(204,800),(211,1400),(205,500),(206,900),(212,200),(207,900),(208,800),(213,800),(209,1400),(216,20),(214,900),(210,1240),(215,40)]
84	[(201,70),(204,800),(211,1400),(205,500),(202,28),(206,900),(212,200),(207,900),(203,2),(208,800),(213,800),(209,1400),(216,20),(214,900),(210,1240),(215,40)]	[(204,800),(211,1400),(205,500),(206,900),(212,200),(207,900),(208,800),(213,800),(209,1400),(216,20),(214,900),(210,1240),(215,40)]
85	[(201,70),(204,800),(211,1400),(205,500),(202,28),(206,900),(212,200),(207,900),(203,2),(208,800),(213,800),(209,1400),(216,20),(214,900),(210,1240),(215,40)]	[(204,800),(211,1400),(205,500),(206,900),(212,200),(207,900),(208,800),(213,800),(209,1400),(216,20),(214,900),(210,1240),(215,40)]
86	[(201,70),(204,800),(211,1400),(205,500),(202,28),(206,900),(212,200),(207,900),(203,2),(208,800),(213,800),(209,1400),(216,20),(214,900),(210,1240),(215,40)]	[(204,800),(211,1400),(205,500),(206,900),(212,200),(207,900),(208,800),(213,800),(209,1400),(216,20),(214,900),(210,1240),(215,40)]
87	[(201,70),(204,800),(211,1400),(205,500),(202,28),(206,900),(212,200),(207,900),(203,2),(208,800),(213,800),(209,1400),(216,20),(214,900),(210,1240),(215,40)]	[(204,800),(211,1400),(205,500),(206,900),(212,200),(207,900),(208,800),(213,800),(209,1400),(216,20),(214,900),(210,1240),(215,40)]
88	[(201,70),(204,800),(211,1400),(205,500),(202,28),(206,900),(212,200),(207,900),(203,2),(208,800),(213,800),(209,1400),(216,20),(214,900),(210,1240),(215,40)]	[(204,800),(211,1400),(205,500),(206,900),(212,200),(207,900),(208,800),(213,800),(209,1400),(216,20),(214,900),(210,1240),(215,40)]
89	[(201,70),(204,800),(211,1400),(205,500),(202,28),(206,900),(212,200),(207,900),(203,2),(208,800),(213,800),(209,1400),(216,20),(214,900),(210,1240),(215,40)]	[(204,800),(211,1400),(205,500),(206,900),(212,200),(207,900),(208,800),(213,800),(209,1400),(216,20),(214,900),(210,1240),(215,40)]
90	[(201,70),(204,800),(211,1400),(205,500),(202,28),(206,900),(212,200),(207,900),(203,2),(208,800),(213,800),(209,1400),(216,20),(214,900),(210,1240),(215,40)]	[(204,800),(211,1400),(205,500),(206,900),(212,200),(207,900),(208,800),(213,800),(209,1400),(216,20),(214,900),(210,1240),(215,40)]
91	[(201,70),(204,800),(211,1400),(205,500),(202,28),(206,900),(212,200),(207,900),(203,2),(208,800),(213,800),(209,1400),(216,20),(214,900),(210,1240),(215,40)]	[(204,800),(211,1400),(205,500),(206,900),(212,200),(207,900),(208,800),(213,800),(209,1400),(216,20),(214,900),(210,1240),(215,40)]
92	[(201,70),(204,800),(211,1400),(205,500),(202,28),(206,900),(212,200),(207,900),(203,2),(208,800),(213,800),(209,1400),(216,20),(214,900),(210,1240),(215,40)]	[(204,800),(211,1400),(205,500),(206,900),(212,200),(207,900),(208,800),(213,800),(209,1400),(216,20),(214,900),(210,1240),(215,40)]
93	[(201,70),(204,800),(211,1400),(205,500),(202,28),(206,900),(212,200),(207,900),(203,2),(208,800),(213,800),(209,1400),(216,20),(214,900),(210,1240),(215,40)]	[(204,800),(211,1400),(205,500),(206,900),(212,200),(207,900),(208,800),(213,800),(209,1400),(216,20),(214,900),(210,1240),(215,40)]
94	[(201,70),(204,800),(211,1400),(205,500),(202,28),(206,900),(212,200),(207,900),(203,2),(208,800),(213,800),(209,1400),(216,20),(214,900),(210,1240),(215,40)]	[(204,800),(211,1400),(205,500),(206,900),(212,200),(207,900),(208,800),(213,800),(209,1400),(216,20),(214,900),(210,1240),(215,40)]
95	[(201,70),(204,800),(211,1400),(205,500),(202,28),(206,900),(212,200),(207,900),(203,2),(208,800),(213,800),(209,1400),(216,20),(214,900),(210,1240),(215,40)]	[(204,800),(211,1400),(205,500),(206,900),(212,200),(207,900),(208,800),(213,800),(209,1400),(216,20),(214,900),(210,1240),(215,40)]
96	[(201,70),(204,800),(211,1400),(205,500),(202,28),(206,900),(212,200),(207,900),(203,2),(208,800),(213,800),(209,1400),(216,20),(214,900),(210,1240),(215,40)]	[(204,800),(211,1400),(205,500),(206,900),(212,200),(207,900),(208,800),(213,800),(209,1400),(216,20),(214,900),(210,1240),(215,40)]
97	[(201,70),(204,800),(211,1400),(205,500),(202,28),(206,900),(212,200),(207,900),(203,2),(208,800),(213,800),(209,1400),(216,20),(214,900),(210,1240),(215,40)]	[(204,800),(211,1400),(205,500),(206,900),(212,200),(207,900),(208,800),(213,800),(209,1400),(216,20),(214,900),(210,1240),(215,40)]
98	[(201,70),(204,800),(211,1400),(205,500),(202,28),(206,900),(212,200),(207,900),(203,2),(208,800),(213,800),(209,1400),(216,20),(214,900),(210,1240),(215,40)]	[(204,800),(211,1400),(205,500),(206,900),(212,200),(207,900),(208,800),(213,800),(209,1400),(216,20),(214,900),(210,1240),(215,40)]
99	[(201,70),(204,800),(211,1400),(205,500),(202,28),(206,900),(212,200),(207,900),(203,2),(208,800),(213,800),(209,1400),(216,20),(214,900),(210,1240),(215,40)]	[(204,800),(211,1400),(205,500),(206,900),(212,200),(207,900),(208,800),(213,800),(209,1400),(216,20),(214,900),(210,1240),(215,40)]
100	[(201,70),(204,800),(211,1400),(205,500),(202,28),(206,900),(212,200),(207,900),(203,2),(208,800),(213,800),(209,1400),(216,20),(214,900),(210,1240),(215,40)]	[(204,800),(211,1400),(205,500),(206,900),(212,200),(207,900),(208,800),(213,800),(209,1400),(216,20),(214,900),(210,1240),(215,40)]
101	[(201,70),(204,800),(211,1400),(205,500),(202,28),(206,900),(212,200),(207,900),(203,2),(208,800),(213,800),(209,1400),(216,20),(214,900),(210,1240),(215,40)]	[(204,800),(211,1400),(205,500),(206,900),(212,200),(207,900),(208,800),(213,800),(209,1400),(216,20),(214,900),(210,1240),(215,40)]
102	[(201,70),(204,800),(211,1400),(205,500),(202,28),(206,900),(212,200),(207,900),(203,2),(208,800),(213,800),(209,1400),(216,20),(214,900),(210,1240),(215,40)]	[(204,800),(211,1400),(205,500),(206,900),(212,200),(207,900),(208,800),(213,800),(209,1400),(216,20),(214,900),(210,1240),(215,40)]
103	[(201,70),(204,800),(211,1400),(205,500),(202,28),(206,900),(212,200),(207,900),(203,2),(208,800),(213,800),(209,1400),(216,20),(214,900),(210,1240),(215,40)]	[(204,800),(211,1400),(205,500),(206,900),(212,200),(207,900),(208,800),(213,800),(209,1400),(216,20),(214,900),(210,1240),(215,40)]
104	[(201,70),(204,800),(211,1400),(205,500),(202,28),(206,900),(212,200),(207,900),(203,2),(208,800),(213,800),(209,1400),(216,20),(214,900),(210,1240),(215,40)]	[(204,800),(211,1400),(205,500),(206,900),(212,200),(207,900),(208,800),(213,800),(209,1400),(216,20),(214,900),(210,1240),(215,40)]
105	[(201,70),(204,800),(211,1400),(205,500),(202,28),(206,900),(212,200),(207,900),(203,2),(208,800),(213,800),(209,1400),(216,20),(214,900),(210,1240),(215,40)]	[(204,800),(211,1400),(205,500),(206,900),(212,200),(207,900),(208,800),(213,800),(209,1400),(216,20),(214,900),(210,1240),(215,40)]
106	[(201,70),(204,800),(211,1400),(205,500),(202,28),(206,900),(212,200),(207,900),(203,2),(208,800),(213,800),(209,1400),(216,20),(214,900),(210,1240),(215,40)]	[(204,800),(211,1400),(205,500),(206,900),(212,200),(207,900),(208,800),(213,800),(209,1400),(216,20),(214,900),(210,1240),(215,40)]
107	[(201,70),(204,800),(211,1400),(205,500),(202,28),(206,900),(212,200),(207,900),(203,2),(208,800),(213,800),(209,1400),(216,20),(214,900),(210,1240),(215,40)]	[(204,800),(211,1400),(205,500),(206,900),(212,200),(207,900),(208,800),(213,800),(209,1400),(216,20),(214,900),(210,1240),(215,40)]
108	[(201,70),(204,800),(211,1400),(205,500),(202,28),(206,900),(212,200),(207,900),(203,2),(208,800),(213,800),(209,1400),(216,20),(214,900),(210,1240),(215,40)]	[(204,800),(211,1400),(205,500),(206,900),(212,200),(207,900),(208,800),(213,800),(209,1400),(216,20),(214,900),(210,1240),(215,40)]
109	[(201,70),(204,800),(211,1400),(205,500),(202,28),(206,900),(212,200),(207,900),(203,2),(208,800),(213,800),(209,1400),(216,20),(214,900),(210,1240),(215,40)]	[(204,800),(211,1400),(205,500),(206,900),(212,200),(207,900),(208,800),(213,800),(209,1400),(216,20),(214,900),(210,1240),(215,40)]
110	[(201,70),(204,800),(211,1400),(205,500),(202,28),(206,900),(212,200),(207,900),(203,2),(208,800),(213,800),(209,1400),(216,20),(214,900),(210,1240),(215,40)]	[(204,800),(211,1400),(205,500),(206,900),(212,200),(207,900),(208,800),(213,800),(209,1400),(216,20),(214,900),(210,1240),(215,40)]
111	[(201,70),(204,800),(211,1400),(205,500),(202,28),(206,900),(212,200),(207,900),(203,2),(208,800),(213,800),(209,1400),(216,20),(214,900),(210,1240),(215,40)]	[(204,800),(211,1400),(205,500),(206,900),(212,200),(207,900),(208,800),(213,800),(209,1400),(216,20),(214,900),(210,1240),(215,40)]
112	[(201,70),(204,800),(211,1400),(205,500),(202,28),(206,900),(212,200),(207,900),(203,2),(208,800),(213,800),(209,1400),(216,20),(214,900),(210,1240),(215,40)]	[(204,800),(211,1400),(205,500),(206,900),(212,200),(207,900),(208,800),(213,800),(209,1400),(216,20),(214,900),(210,1240),(215,40)]
113	[(201,70),(204,800),(211,1400),(205,500),(202,28),(206,900),(212,200),(207,900),(203,2),(208,800),(213,800),(209,1400),(216,20),(214,900),(210,1240),(215,40)]	[(204,800),(211,1400),(205,500),(206,900),(212,200),(207,900),(208,800),(213,800),(209,1400),(216,20),(214,900),(210,1240),(215,40)]
114	[(201,70),(204,800),(211,1400),(205,500),(202,28),(206,900),(212,200),(207,900),(203,2),(208,800),(213,800),(209,1400),(216,20),(214,900),(210,1240),(215,40)]	[(204,800),(211,1400),(205,500),(206,900),(212,200),(207,900),(208,800),(213,800),(209,1400),(216,20),(214,900),(210,1240),(215,40)]
115	[(201,70),(204,800),(211,1400),(205,500),(202,28),(206,900),(212,200),(207,900),(203,2),(208,800),(213,800),(209,1400),(216,20),(214,900),(210,1240),(215,40)]	[(204,800),(211,1400),(205,500),(206,900),(212,200),(207,900),(208,800),(213,800),(209,1400),(216,20),(214,900),(210,1240),(215,40)]
116	[(201,70),(204,800),(211,1400),(205,500),(202,28),(206,900),(212,200),(207,900),(203,2),(208,800),(213,800),(209,1400),(216,20),(214,900),(210,1240),(215,40)]	[(204,800),(211,1400),(205,500),(206,900),(212,200),(207,900),(208,800),(213,800),(209,1400),(216,20),(214,900),(210,1240),(215,40)]
117	[(201,70),(204,800),(211,1400),(205,500),(202,28),(206,900),(212,200),(207,900),(203,2),(208,800),(213,800),(209,1400),(216,20),(214,900),(210,1240),(215,40)]	[(204,800),(211,1400),(205,500),(206,900),(212,200),(207,900),(208,800),(213,800),(209,1400),(216,20),(214,900),(210,1240),(215,40)]
118	[(201,70),(204,800),(211,1400),(205,500),(202,28),(206,900),(212,200),(207,900),(203,2),(208,800),(213,800),(209,1400),(216,20),(214,900),(210,1240),(215,40)]	[(204,800),(211,1400),(205,500),(206,900),(212,200),(207,900),(208,800),(213,800),(209,1400),(216,20),(214,900),(210,1240),(215,40)]
119	[(201,70),(204,800),(211,1400),(205,500),(202,28),(206,900),(212,200),(207,900),(203,2),(208,800),(213,800),(209,1400),(216,20),(214,900),(210,1240),(215,40)]	[(204,800),(211,1400),(205,500),(206,900),(212,200),(207,900),(208,800),(213,800),(209,1400),(216,20),(214,900),(210,1240),(215,40)]
120	[(201,70),(204,800),(211,1400),(205,500),(202,28),(206,900),(212,200),(207,900),(203,2),(208,800),(213,800),(209,1400),(216,20),(214,900),(210,1240),(215,40)]	[(204,800),(211,1400),(205,500),(206,900),(212,200),(207,900),(208,800),(213,800),(209,1400),(216,20),(214,900),(210,1240),(215,40)]
121	[(201,70),(204,800),(211,1400),(205,500),(202,28),(206,900),(212,200),(207,900),(203,2),(208,800),(213,800),(209,1400),(216,20),(214,900),(210,1240),(215,40)]	[(204,800),(211,1400),(205,500),(206,900),(212,200),(207,900),(208,800),(213,800),(209,1400),(216,20),(214,900),(210,1240),(215,40)]
122	[(201,70),(204,800),(211,1400),(205,500),(202,28),(206,900),(212,200),(207,900),(203,2),(208,800),(213,800),(209,1400),(216,20),(214,900),(210,1240),(215,40)]	[(204,800),(211,1400),(205,500),(206,900),(212,200),(207,900),(208,800),(213,800),(209,1400),(216,20),(214,900),(210,1240),(215,40)]
123	[(201,70),(204,800),(211,1400),(205,500),(202,28),(206,900),(212,200),(207,900),(203,2),(208,800),(213,800),(209,1400),(216,20),(214,900),(210,1240),(215,40)]	[(204,800),(211,1400),(205,500),(206,900),(212,200),(207,900),(208,800),(213,800),(209,1400),(216,20),(214,900),(210,1240),(215,40)]
124	[(201,70),(204,800),(211,1400),(205,500),(202,28),(206,900),(212,200),(207,900),(203,2),(208,800),(213,800),(209,1400),(216,20),(214,900),(210,1240),(215,40)]	[(204,800),(211,1400),(205,500),(206,900),(212,200),(207,900),(208,800),(213,800),(209,1400),(216,20),(214,900),(210,1240),(215,40)]
125	[(201,70),(204,800),(211,1400),(205,500),(202,28),(206,900),(212,200),(207,900),(203,2),(208,800),(213,800),(209,1400),(216,20),(214,900),(210,1240),(215,40)]	[(204,800),(211,1400),(205,500),(206,900),(212,200),(207,900),(208,800),(213,800),(209,1400),(216,20),(214,900),(210,1240),(215,40)]
126	[(201,70),(204,800),(211,1400),(205,500),(202,28),(206,900),(212,200),(207,900),(203,2),(208,800),(213,800),(209,1400),(216,20),(214,900),(210,1240),(215,40)]	[(204,800),(211,1400),(205,500),(206,900),(212,200),(207,900),(208,800),(213,800),(209,1400),(216,20),(214,900),(210,1240),(215,40)]
127	[(201,70),(204,800),(211,1400),(205,500),(202,28),(206,900),(212,200),(207,900),(203,2),(208,800),(213,800),(209,1400),(216,20),(214,900),(210,1240),(215,40)]	[(204,800),(211,1400),(205,500),(206,900),(212,200),(207,900),(208,800),(213,800),(209,1400),(216,20),(214,900),(210,1240),(215,40)]
128	[(201,70),(204,800),(211,1400),(205,500),(202,28),(206,900),(212,200),(207,900),(203,2),(208,800),(213,800),(209,1400),(216,20),(214,900),(210,1240),(215,40)]	[(204,800),(211,1400),(205,500),(206,900),(212,200),(207,900),(208,800),(213,800),(209,1400),(216,20),(214,900),(210,1240),(215,40)]
129	[(201,70),(204,800),(211,1400),(205,500),(202,28),(206,900),(212,200),(207,900),(203,2),(208,800),(213,800),(209,1400),(216,20),(214,900),(210,1240),(215,40)]	[(204,800),(211,1400),(205,500),(206,900),(212,200),(207,900),(208,800),(213,800),(209,1400),(216,20),(214,900),(210,1240),(215,40)]
130	[(201,70),(204,800),(211,1400),(205,500),(202,28),(206,900),(212,200),(207,900),(203,2),(208,800),(213,800),(209,1400),(216,20),(214,900),(210,1240),(215,40)]	[(204,800),(211,1400),(205,500),(206,900),(212,200),(207,900),(208,800),(213,800),(209,1400),(216,20),(214,900),(210,1240),(215,40)]
131	[(201,70),(204,800),(211,1400),(205,500),(202,28),(206,900),(212,200),(207,900),(203,2),(208,800),(213,800),(209,1400),(216,20),(214,900),(210,1240),(215,40)]	[(204,800),(211,1400),(205,500),(206,900),(212,200),(207,900),(208,800),(213,800),(209,1400),(216,20),(214,900),(210,1240),(215,40)]
132	[(201,70),(204,800),(211,1400),(205,500),(202,28),(206,900),(212,200),(207,900),(203,2),(208,800),(213,800),(209,1400),(216,20),(214,900),(210,1240),(215,40)]	[(204,800),(211,1400),(205,500),(206,900),(212,200),(207,900),(208,800),(213,800),(209,1400),(216,20),(214,900),(210,1240),(215,40)]
133	[(201,70),(204,800),(211,1400),(205,500),(202,28),(206,900),(212,200),(207,900),(203,2),(208,800),(213,800),(209,1400),(216,20),(214,900),(210,1240),(215,40)]	[(204,800),(211,1400),(205,500),(206,900),(212,200),(207,900),(208,800),(213,800),(209,1400),(216,20),(214,900),(210,1240),(215,40)]
134	[(201,70),(204,800),(211,1400),(205,500),(202,28),(206,900),(212,200),(207,900),(203,2),(208,800),(213,800),(209,1400),(216,20),(214,900),(210,1240),(215,40)]	[(204,800),(211,1400),(205,500),(206,900),(212,200),(207,900),(208,800),(213,800),(209,1400),(216,20),(214,900),(210,1240),(215,40)]
135	[(201,70),(204,800),(211,1400),(205,500),(202,28),(206,900),(212,200),(207,900),(203,2),(208,800),(213,800),(209,1400),(216,20),(214,900),(210,1240),(215,40)]	[(204,800),(211,1400),(205,500),(206,900),(212,200),(207,900),(208,800),(213,800),(209,1400),(216,20),(214,900),(210,1240),(215,40)]
136	[(201,70),(204,800),(211,1400),(205,500),(202,28),(206,900),(212,200),(207,900),(203,2),(208,800),(213,800),(209,1400),(216,20),(214,900),(210,1240),(215,40)]	[(204,800),(211,1400),(205,500),(206,900),(212,200),(207,900),(208,800),(213,800),(209,1400),(216,20),(214,900),(210,1240),(215,40)]
137	[(201,70),(204,800),(211,1400),(205,500),(202,28),(206,900),(212,200),(207,900),(203,2),(208,800),(213,800),(209,1400),(216,20),(214,900),(210,1240),(215,40)]	[(204,800),(211,1400),(205,500),(206,900),(212,200),(207,900),(208,800),(213,800),(209,1400),(216,20),(214,900),(210,1240),(215,40)]
138	[(201,70),(204,800),(211,1400),(205,500),(202,28),(206,900),(212,200),(207,900),(203,2),(208,800),(213,800),(209,1400),(216,20),(214,900),(210,1240),(215,40)]	[(204,800),(211,1400),(205,500),(206,900),(212,200),(207,900),(208,800),(213,800),(209,1400),(216,20),(214,900),(210,1240),(215,40)]
139	[(201,70),(204,800),(211,1400),(205,500),(202,28),(206,900),(212,200),(207,900),(203,2),(208,800),(213,800),(209,1400),(216,20),(214,900),(210,1240),(215,40)]	[(204,800),(211,1400),(205,500),(206,900),(212,200),(207,900),(208,800),(213,800),(209,1400),(216,20),(214,900),(210,1240),(215,40)]
140	[(201,70),(204,800),(211,1400),(205,500),(202,28),(206,900),(212,200),(207,900),(203,2),(208,800),(213,800),(209,1400),(216,20),(214,900),(210,1240),(215,40)]	[(204,800),(211,1400),(205,500),(206,900),(212,200),(207,900),(208,800),(213,800),(209,1400),(216,20),(214,900),(210,1240),(215,40)]
141	[(201,70),(204,800),(211,1400),(205,500),(202,28),(206,900),(212,200),(207,900),(203,2),(208,800),(213,800),(209,1400),(216,20),(214,900),(210,1240),(215,40)]	[(204,800),(211,1400),(205,500),(206,900),(212,200),(207,900),(208,800),(213,800),(209,1400),(216,20),(214,900),(210,1240),(215,40)]
142	[(201,70),(204,800),(211,1400),(205,500),(202,28),(206,900),(212,200),(207,900),(203,2),(208,800),(213,800),(209,1400),(216,20),(214,900),(210,1240),(215,40)]	[(204,800),(211,1400),(205,500),(206,900),(212,200),(207,900),(208,800),(213,800),(209,1400),(216,20),(214,900),(210,1240),(215,40)]
143	[(201,70),(204,800),(211,1400),(205,500),(202,28),(206,900),(212,200),(207,900),(203,2),(208,800),(213,800),(209,1400),(216,20),(214,900),(210,1240),(215,40)]	[(204,800),(211,1400),(205,500),(206,900),(212,200),(207,900),(208,800),(213,800),(209,1400),(216,20),(214,900),(210,1240),(215,40)]
144	[(201,70),(204,800),(211,1400),(205,500),(202,28),(206,900),(212,200),(207,900),(203,2),(208,800),(213,800),(209,1400),(216,20),(214,900),(210,1240),(215,40)]	[(204,800),(211,1400),(205,500),(206,900),(212,200),(207,900),(208,800),(213,800),(209,1400),(216,20),(214,900),(210,1240),(215,40)]
145	[(201,70),(204,800),(211,1400),(205,500),(202,28),(206,900),(212,200),(207,900),(203,2),(208,800),(213,800),(209,1400),(216,20),(214,900),(210,1240),(215,40)]	[(204,800),(211,1400),(205,500),(206,900),(212,200),(207,900),(208,800),(213,800),(209,1400),(216,20),(214,900),(210,1240),(215,40)]
146	[(201,70),(204,800),(211,1400),(205,500),(202,28),(206,900),(212,200),(207,900),(203,2),(208,800),(213,800),(209,1400),(216,20),(214,900),(210,1240),(215,40)]	[(204,800),(211,1400),(205,500),(206,900),(212,200),(207,900),(208,800),(213,800),(209,1400),(216,20),(214,900),(210,1240),(215,40)]
147	[(201,70),(204,800),(211,1400),(205,500),(202,28),(206,900),(212,200),(207,900),(203,2),(208,800),(213,800),(209,1400),(216,20),(214,900),(210,1240),(215,40)]	[(204,800),(211,1400),(205,500),(206,900),(212,200),(207,900),(208,800),(213,800),(209,1400),(216,20),(214,900),(210,1240),(215,40)]
148	[(201,70),(204,800),(211,1400),(205,500),(202,28),(206,900),(212,200),(207,900),(203,2),(208,800),(213,800),(209,1400),(216,20),(214,900),(210,1240),(215,40)]	[(204,800),(211,1400),(205,500),(206,900),(212,200),(207,900),(208,800),(213,800),(209,1400),(216,20),(214,900),(210,1240),(215,40)]
149	[(201,70),(204,800),(211,1400),(205,500),(202,28),(206,900),(212,200),(207,900),(203,2),(208,800),(213,800),(209,1400),(216,20),(214,900),(210,1240),(215,40)]	[(204,800),(211,1400),(205,500),(206,900),(212,200),(207,900),(208,800),(213,800),(209,1400),(216,20),(214,900),(210,1240),(215,40)]
150	[(201,70),(204,800),(211,1400),(205,500),(202,28),(206,900),(212,200),(207,900),(203,2),(208,800),(213,800),(209,1400),(216,20),(214,900),(210,1240),(215,40)]	[(204,800),(211,1400),(205,500),(206,900),(212,200),(207,900),(208,800),(213,800),(209,1400),(216,20),(214,900),(210,1240),(215,40)]
151	[(201,70),(204,800),(211,1400),(205,500),(202,28),(206,900),(212,200),(207,900),(203,2),(208,800),(213,800),(209,1400),(216,20),(214,900),(210,1240),(215,40)]	[(204,800),(211,1400),(205,500),(206,900),(212,200),(207,900),(208,800),(213,800),(209,1400),(216,20),(214,900),(210,1240),(215,40)]
152	[(201,70),(204,800),(211,1400),(205,500),(202,28),(206,900),(212,200),(207,900),(203,2),(208,800),(213,800),(209,1400),(216,20),(214,900),(210,1240),(215,40)]	[(204,800),(211,1400),(205,500),(206,900),(212,200),(207,900),(208,800),(213,800),(209,1400),(216,20),(214,900),(210,1240),(215,40)]
153	[(201,70),(204,800),(211,1400),(205,500),(202,28),(206,900),(212,200),(207,900),(203,2),(208,800),(213,800),(209,1400),(216,20),(214,900),(210,1240),(215,40)]	[(204,800),(211,1400),(205,500),(206,900),(212,200),(207,900),(208,800),(213,800),(209,1400),(216,20),(214,900),(210,1240),(215,40)]
154	[(201,70),(204,800),(211,1400),(205,500),(202,28),(206,900),(212,200),(207,900),(203,2),(208,800),(213,800),(209,1400),(216,20),(214,900),(210,1240),(215,40)]	[(204,800),(211,1400),(205,500),(206,900),(212,200),(207,900),(208,800),(213,800),(209,1400),(216,20),(214,900),(210,1240),(215,40)]
155	[(201,70),(204,800),(211,1400),(205,500),(202,28),(206,900),(212,200),(207,900),(203,2),(208,800),(213,800),(209,1400),(216,20),(214,900),(210,1240),(215,40)]	[(204,800),(211,1400),(205,500),(206,900),(212,200),(207,900),(208,800),(213,800),(209,1400),(216,20),(214,900),(210,1240),(215,40)]
156	[(201,70),(204,800),(211,1400),(205,500),(202,28),(206,900),(212,200),(207,900),(203,2),(208,800),(213,800),(209,1400),(216,20),(214,900),(210,1240),(215,40)]	[(204,800),(211,1400),(205,500),(206,900),(212,200),(207,900),(208,800),(213,800),(209,1400),(216,20),(214,900),(210,1240),(215,40)]
157	[(201,70),(204,800),(211,1400),(205,500),(202,28),(206,900),(212,200),(207,900),(203,2),(208,800),(213,800),(209,1400),(216,20),(214,900),(210,1240),(215,40)]	[(204,800),(211,1400),(205,500),(206,900),(212,200),(207,900),(208,800),(213,800),(209,1400),(216,20),(214,900),(210,1240),(215,40)]
158	[(201,70),(204,800),(211,1400),(205,500),(202,28),(206,900),(212,200),(207,900),(203,2),(208,800),(213,800),(209,1400),(216,20),(214,900),(210,1240),(215,40)]	[(204,800),(211,1400),(205,500),(206,900),(212,200),(207,900),(208,800),(213,800),(209,1400),(216,20),(214,900),(210,1240),(215,40)]
159	[(201,70),(204,800),(211,1400),(205,500),(202,28),(206,900),(212,200),(207,900),(203,2),(208,800),(213,800),(209,1400),(216,20),(214,900),(210,1240),(215,40)]	[(204,800),(211,1400),(205,500),(206,900),(212,200),(207,900),(208,800),(213,800),(209,1400),(216,20),(214,900),(210,1240),(215,40)]
160	[(201,70),(204,800),(211,1400),(205,500),(202,28),(206,900),(212,200),(207,900),(203,2),(208,800),(213,800),(209,1400),(216,20),(214,900),(210,1240),(215,40)]	[(204,800),(211,1400),(205,500),(206,900),(212,200),(207,900),(208,800),(213,800),(209,1400),(216,20),(214,900),(210,1240),(215,40)]
161	[(201,70),(204,800),(211,1400),(205,500),(202,28),(206,900),(212,200),(207,900),(203,2),(208,800),(213,800),(209,1400),(216,20),(214,900),(210,1240),(215,40)]	[(204,800),(211,1400),(205,500),(206,900),(212,200),(207,900),(208,800),(213,800),(209,1400),(216,20),(214,900),(210,1240),(215,40)]
162	[(201,70),(204,800),(211,1400),(205,500),(202,28),(206,900),(212,200),(207,900),(203,2),(208,800),(213,800),(209,1400),(216,20),(214,900),(210,1240),(215,40)]	[(204,800),(211,1400),(205,500),(206,900),(212,200),(207,900),(208,800),(213,800),(209,1400),(216,20),(214,900),(210,1240),(215,40)]
163	[(201,70),(204,800),(211,1400),(205,500),(202,28),(206,900),(212,200),(207,900),(203,2),(208,800),(213,800),(209,1400),(216,20),(214,900),(210,1240),(215,40)]	[(204,800),(211,1400),(205,500),(206,900),(212,200),(207,900),(208,800),(213,800),(209,1400),(216,20),(214,900),(210,1240),(215,40)]
164	[(201,70),(204,800),(211,1400),(205,500),(202,28),(206,900),(212,200),(207,900),(203,2),(208,800),(213,800),(209,1400),(216,20),(214,900),(210,1240),(215,40)]	[(204,800),(211,1400),(205,500),(206,900),(212,200),(207,900),(208,800),(213,800),(209,1400),(216,20),(214,900),(210,1240),(215,40)]
165	[(201,70),(204,800),(211,1400),(205,500),(202,28),(206,900),(212,200),(207,900),(203,2),(208,800),(213,800),(209,1400),(216,20),(214,900),(210,1240),(215,40)]	[(204,800),(211,1400),(205,500),(206,900),(212,200),(207,900),(208,800),(213,800),(209,1400),(216,20),(214,900),(210,1240),(215,40)]
166	[(201,70),(204,800),(211,1400),(205,500),(202,28),(206,900),(212,200),(207,900),(203,2),(208,800),(213,800),(209,1400),(216,20),(214,900),(210,1240),(215,40)]	[(204,800),(211,1400),(205,500),(206,900),(212,200),(207,900),(208,800),(213,800),(209,1400),(216,20),(214,900),(210,1240),(215,40)]
167	[(201,70),(204,800),(211,1400),(205,500),(202,28),(206,900),(212,200),(207,900),(203,2),(208,800),(213,800),(209,1400),(216,20),(214,900),(210,1240),(215,40)]	[(204,800),(211,1400),(205,500),(206,900),(212,200),(207,900),(208,800),(213,800),(209,1400),(216,20),(214,900),(210,1240),(215,40)]
168	[(201,70),(204,800),(211,1400),(205,500),(202,28),(206,900),(212,200),(207,900),(203,2),(208,800),(213,800),(209,1400),(216,20),(214,900),(210,1240),(215,40)]	[(204,800),(211,1400),(205,500),(206,900),(212,200),(207,900),(208,800),(213,800),(209,1400),(216,20),(214,900),(210,1240),(215,40)]
169	[(201,70),(204,800),(211,1400),(205,500),(202,28),(206,900),(212,200),(207,900),(203,2),(208,800),(213,800),(209,1400),(216,20),(214,900),(210,1240),(215,40)]	[(204,800),(211,1400),(205,500),(206,900),(212,200),(207,900),(208,800),(213,800),(209,1400),(216,20),(214,900),(210,1240),(215,40)]
170	[(201,70),(204,800),(211,1400),(205,500),(202,28),(206,900),(212,200),(207,900),(203,2),(208,800),(213,800),(209,1400),(216,20),(214,900),(210,1240),(215,40)]	[(204,800),(211,1400),(205,500),(206,900),(212,200),(207,900),(208,800),(213,800),(209,1400),(216,20),(214,900),(210,1240),(215,40)]
171	[(201,70),(204,800),(211,1400),(205,500),(202,28),(206,900),(212,200),(207,900),(203,2),(208,800),(213,800),(209,1400),(216,20),(214,900),(210,1240),(215,40)]	[(204,800),(211,1400),(205,500),(206,900),(212,200),(207,900),(208,800),(213,800),(209,1400),(216,20),(214,900),(210,1240),(215,40)]
172	[(201,70),(204,800),(211,1400),(205,500),(202,28),(206,900),(212,200),(207,900),(203,2),(208,800),(213,800),(209,1400),(216,20),(214,900),(210,1240),(215,40)]	[(204,800),(211,1400),(205,500),(206,900),(212,200),(207,900),(208,800),(213,800),(209,1400),(216,20),(214,900),(210,1240),(215,40)]
173	[(201,70),(204,800),(211,1400),(205,500),(202,28),(206,900),(212,200),(207,900),(203,2),(208,800),(213,800),(209,1400),(216,20),(214,900),(210,1240),(215,40)]	[(204,800),(211,1400),(205,500),(206,900),(212,200),(207,900),(208,800),(213,800),(209,1400),(216,20),(214,900),(210,1240),(215,40)]
174	[(201,70),(204,800),(211,1400),(205,500),(202,28),(206,900),(212,200),(207,900),(203,2),(208,800),(213,800),(209,1400),(216,20),(214,900),(210,1240),(215,40)]	[(204,800),(211,1400),(205,500),(206,900),(212,200),(207,900),(208,800),(213,800),(209,1400),(216,20),(214,900),(210,1240),(215,40)]
175	[(201,70),(204,800),(211,1400),(205,500),(202,28),(206,900),(212,200),(207,900),(203,2),(208,800),(213,800),(209,1400),(216,20),(214,900),(210,1240),(215,40)]	[(204,800),(211,1400),(205,500),(206,900),(212,200),(207,900),(208,800),(213,800),(209,1400),(216,20),(214,900),(210,1240),(215,40)]
176	[(201,70),(204,800),(211,1400),(205,500),(202,28),(206,900),(212,200),(207,900),(203,2),(208,800),(213,800),(209,1400),(216,20),(214,900),(210,1240),(215,40)]	[(204,800),(211,1400),(205,500),(206,900),(212,200),(207,900),(208,800),(213,800),(209,1400),(216,20),(214,900),(210,1240),(215,40)]
177	[(201,70),(204,800),(211,1400),(205,500),(202,28),(206,900),(212,200),(207,900),(203,2),(208,800),(213,800),(209,1400),(216,20),(214,900),(210,1240),(215,40)]	[(204,800),(211,1400),(205,500),(206,900),(212,200),(207,900),(208,800),(213,800),(209,1400),(216,20),(214,900),(210,1240),(215,40)]
178	[(201,70),(204,800),(211,1400),(205,500),(202,28),(206,900),(212,200),(207,900),(203,2),(208,800),(213,800),(209,1400),(216,20),(214,900),(210,1240),(215,40)]	[(204,800),(211,1400),(205,500),(206,900),(212,200),(207,900),(208,800),(213,800),(209,1400),(216,20),(214,900),(210,1240),(215,40)]
179	[(201,70),(204,800),(211,1400),(205,500),(202,28),(206,900),(212,200),(207,900),(203,2),(208,800),(213,800),(209,1400),(216,20),(214,900),(210,1240),(215,40)]	[(204,800),(211,1400),(205,500),(206,900),(212,200),(207,900),(208,800),(213,800),(209,1400),(216,20),(214,900),(210,1240),(215,40)]
