level	exchangeId	score	reputation	item
等级	兑换id	积分	声望	物品
31	1	2	200	[]
31	2	6	300	[]
31	3	10	0	[25681, 20]
31	4	16	500	[]
31	5	22	0	[25681, 20]
31	6	28	500	[]
31	7	30	0	[25681, 20]
31	8	36	500	[]
31	9	42	0	[25681, 20]
31	10	48	500	[]
31	11	54	0	[25681, 20]
31	12	60	500	[]
32	1	2	200	[]
32	2	6	300	[]
32	3	10	0	[25681, 20]
32	4	16	500	[]
32	5	22	0	[25681, 20]
32	6	28	500	[]
32	7	30	0	[25681, 20]
32	8	36	500	[]
32	9	42	0	[25681, 20]
32	10	48	500	[]
32	11	54	0	[25681, 20]
32	12	60	500	[]
33	1	2	200	[]
33	2	6	300	[]
33	3	10	0	[25681, 20]
33	4	16	500	[]
33	5	22	0	[25681, 20]
33	6	28	500	[]
33	7	30	0	[25681, 20]
33	8	36	500	[]
33	9	42	0	[25681, 20]
33	10	48	500	[]
33	11	54	0	[25681, 20]
33	12	60	500	[]
34	1	2	200	[]
34	2	6	300	[]
34	3	10	0	[25681, 20]
34	4	16	500	[]
34	5	22	0	[25681, 20]
34	6	28	500	[]
34	7	30	0	[25681, 20]
34	8	36	500	[]
34	9	42	0	[25681, 20]
34	10	48	500	[]
34	11	54	0	[25681, 20]
34	12	60	500	[]
35	1	2	200	[]
35	2	6	300	[]
35	3	10	0	[25681, 20]
35	4	16	500	[]
35	5	22	0	[25681, 20]
35	6	28	500	[]
35	7	30	0	[25681, 20]
35	8	36	500	[]
35	9	42	0	[25681, 20]
35	10	48	500	[]
35	11	54	0	[25681, 20]
35	12	60	500	[]
36	1	2	200	[]
36	2	6	300	[]
36	3	10	0	[25681, 20]
36	4	16	500	[]
36	5	22	0	[25681, 20]
36	6	28	500	[]
36	7	30	0	[25681, 20]
36	8	36	500	[]
36	9	42	0	[25681, 20]
36	10	48	500	[]
36	11	54	0	[25681, 20]
36	12	60	500	[]
37	1	2	200	[]
37	2	6	300	[]
37	3	10	0	[25681, 20]
37	4	16	500	[]
37	5	22	0	[25681, 20]
37	6	28	500	[]
37	7	30	0	[25681, 20]
37	8	36	500	[]
37	9	42	0	[25681, 20]
37	10	48	500	[]
37	11	54	0	[25681, 20]
37	12	60	500	[]
38	1	2	200	[]
38	2	6	300	[]
38	3	10	0	[25681, 20]
38	4	16	500	[]
38	5	22	0	[25681, 20]
38	6	28	500	[]
38	7	30	0	[25681, 20]
38	8	36	500	[]
38	9	42	0	[25681, 20]
38	10	48	500	[]
38	11	54	0	[25681, 20]
38	12	60	500	[]
39	1	2	200	[]
39	2	6	300	[]
39	3	10	0	[25681, 20]
39	4	16	500	[]
39	5	22	0	[25681, 20]
39	6	28	500	[]
39	7	30	0	[25681, 20]
39	8	36	500	[]
39	9	42	0	[25681, 20]
39	10	48	500	[]
39	11	54	0	[25681, 20]
39	12	60	500	[]
40	1	2	200	[]
40	2	6	300	[]
40	3	10	0	[25682, 20]
40	4	16	500	[]
40	5	22	0	[25682, 20]
40	6	28	500	[]
40	7	30	0	[25682, 20]
40	8	36	500	[]
40	9	42	0	[25682, 20]
40	10	48	500	[]
40	11	54	0	[25682, 20]
40	12	60	500	[]
41	1	2	200	[]
41	2	6	300	[]
41	3	10	0	[25682, 20]
41	4	16	500	[]
41	5	22	0	[25682, 20]
41	6	28	500	[]
41	7	30	0	[25682, 20]
41	8	36	500	[]
41	9	42	0	[25682, 20]
41	10	48	500	[]
41	11	54	0	[25682, 20]
41	12	60	500	[]
42	1	2	200	[]
42	2	6	300	[]
42	3	10	0	[25682, 20]
42	4	16	500	[]
42	5	22	0	[25682, 20]
42	6	28	500	[]
42	7	30	0	[25682, 20]
42	8	36	500	[]
42	9	42	0	[25682, 20]
42	10	48	500	[]
42	11	54	0	[25682, 20]
42	12	60	500	[]
43	1	2	200	[]
43	2	6	300	[]
43	3	10	0	[25682, 20]
43	4	16	500	[]
43	5	22	0	[25682, 20]
43	6	28	500	[]
43	7	30	0	[25682, 20]
43	8	36	500	[]
43	9	42	0	[25682, 20]
43	10	48	500	[]
43	11	54	0	[25682, 20]
43	12	60	500	[]
44	1	2	200	[]
44	2	6	300	[]
44	3	10	0	[25682, 20]
44	4	16	500	[]
44	5	22	0	[25682, 20]
44	6	28	500	[]
44	7	30	0	[25682, 20]
44	8	36	500	[]
44	9	42	0	[25682, 20]
44	10	48	500	[]
44	11	54	0	[25682, 20]
44	12	60	500	[]
45	1	2	200	[]
45	2	6	300	[]
45	3	10	0	[25682, 20]
45	4	16	500	[]
45	5	22	0	[25682, 20]
45	6	28	500	[]
45	7	30	0	[25682, 20]
45	8	36	500	[]
45	9	42	0	[25682, 20]
45	10	48	500	[]
45	11	54	0	[25682, 20]
45	12	60	500	[]
46	1	2	200	[]
46	2	6	300	[]
46	3	10	0	[25682, 20]
46	4	16	500	[]
46	5	22	0	[25682, 20]
46	6	28	500	[]
46	7	30	0	[25682, 20]
46	8	36	500	[]
46	9	42	0	[25682, 20]
46	10	48	500	[]
46	11	54	0	[25682, 20]
46	12	60	500	[]
47	1	2	200	[]
47	2	6	300	[]
47	3	10	0	[25682, 20]
47	4	16	500	[]
47	5	22	0	[25682, 20]
47	6	28	500	[]
47	7	30	0	[25682, 20]
47	8	36	500	[]
47	9	42	0	[25682, 20]
47	10	48	500	[]
47	11	54	0	[25682, 20]
47	12	60	500	[]
48	1	2	200	[]
48	2	6	300	[]
48	3	10	0	[25682, 20]
48	4	16	500	[]
48	5	22	0	[25682, 20]
48	6	28	500	[]
48	7	30	0	[25682, 20]
48	8	36	500	[]
48	9	42	0	[25682, 20]
48	10	48	500	[]
48	11	54	0	[25682, 20]
48	12	60	500	[]
49	1	2	200	[]
49	2	6	300	[]
49	3	10	0	[25682, 20]
49	4	16	500	[]
49	5	22	0	[25682, 20]
49	6	28	500	[]
49	7	30	0	[25682, 20]
49	8	36	500	[]
49	9	42	0	[25682, 20]
49	10	48	500	[]
49	11	54	0	[25682, 20]
49	12	60	500	[]
50	1	2	200	[]
50	2	6	300	[]
50	3	10	0	[25682, 20]
50	4	16	500	[]
50	5	22	0	[25682, 20]
50	6	28	500	[]
50	7	30	0	[25682, 20]
50	8	36	500	[]
50	9	42	0	[25682, 20]
50	10	48	500	[]
50	11	54	0	[25682, 20]
50	12	60	500	[]
51	1	2	200	[]
51	2	6	300	[]
51	3	10	0	[25682, 20]
51	4	16	500	[]
51	5	22	0	[25682, 20]
51	6	28	500	[]
51	7	30	0	[25682, 20]
51	8	36	500	[]
51	9	42	0	[25682, 20]
51	10	48	500	[]
51	11	54	0	[25682, 20]
51	12	60	500	[]
52	1	2	200	[]
52	2	6	300	[]
52	3	10	0	[25682, 20]
52	4	16	500	[]
52	5	22	0	[25682, 20]
52	6	28	500	[]
52	7	30	0	[25682, 20]
52	8	36	500	[]
52	9	42	0	[25682, 20]
52	10	48	500	[]
52	11	54	0	[25682, 20]
52	12	60	500	[]
53	1	2	200	[]
53	2	6	300	[]
53	3	10	0	[25682, 20]
53	4	16	500	[]
53	5	22	0	[25682, 20]
53	6	28	500	[]
53	7	30	0	[25682, 20]
53	8	36	500	[]
53	9	42	0	[25682, 20]
53	10	48	500	[]
53	11	54	0	[25682, 20]
53	12	60	500	[]
54	1	2	200	[]
54	2	6	300	[]
54	3	10	0	[25682, 20]
54	4	16	500	[]
54	5	22	0	[25682, 20]
54	6	28	500	[]
54	7	30	0	[25682, 20]
54	8	36	500	[]
54	9	42	0	[25682, 20]
54	10	48	500	[]
54	11	54	0	[25682, 20]
54	12	60	500	[]
55	1	2	200	[]
55	2	6	300	[]
55	3	10	0	[25682, 20]
55	4	16	500	[]
55	5	22	0	[25682, 20]
55	6	28	500	[]
55	7	30	0	[25682, 20]
55	8	36	500	[]
55	9	42	0	[25682, 20]
55	10	48	500	[]
55	11	54	0	[25682, 20]
55	12	60	500	[]
56	1	2	200	[]
56	2	6	300	[]
56	3	10	0	[25682, 20]
56	4	16	500	[]
56	5	22	0	[25682, 20]
56	6	28	500	[]
56	7	30	0	[25682, 20]
56	8	36	500	[]
56	9	42	0	[25682, 20]
56	10	48	500	[]
56	11	54	0	[25682, 20]
56	12	60	500	[]
57	1	2	200	[]
57	2	6	300	[]
57	3	10	0	[25682, 20]
57	4	16	500	[]
57	5	22	0	[25682, 20]
57	6	28	500	[]
57	7	30	0	[25682, 20]
57	8	36	500	[]
57	9	42	0	[25682, 20]
57	10	48	500	[]
57	11	54	0	[25682, 20]
57	12	60	500	[]
58	1	2	200	[]
58	2	6	300	[]
58	3	10	0	[25682, 20]
58	4	16	500	[]
58	5	22	0	[25682, 20]
58	6	28	500	[]
58	7	30	0	[25682, 20]
58	8	36	500	[]
58	9	42	0	[25682, 20]
58	10	48	500	[]
58	11	54	0	[25682, 20]
58	12	60	500	[]
59	1	2	200	[]
59	2	6	300	[]
59	3	10	0	[25682, 20]
59	4	16	500	[]
59	5	22	0	[25682, 20]
59	6	28	500	[]
59	7	30	0	[25682, 20]
59	8	36	500	[]
59	9	42	0	[25682, 20]
59	10	48	500	[]
59	11	54	0	[25682, 20]
59	12	60	500	[]
60	1	2	200	[]
60	2	6	300	[]
60	3	10	0	[25683, 20]
60	4	16	500	[]
60	5	22	0	[25683, 20]
60	6	28	500	[]
60	7	30	0	[25683, 20]
60	8	36	500	[]
60	9	42	0	[25683, 20]
60	10	48	500	[]
60	11	54	0	[25683, 20]
60	12	60	500	[]
61	1	2	200	[]
61	2	6	300	[]
61	3	10	0	[25683, 20]
61	4	16	500	[]
61	5	22	0	[25683, 20]
61	6	28	500	[]
61	7	30	0	[25683, 20]
61	8	36	500	[]
61	9	42	0	[25683, 20]
61	10	48	500	[]
61	11	54	0	[25683, 20]
61	12	60	500	[]
62	1	2	200	[]
62	2	6	300	[]
62	3	10	0	[25683, 20]
62	4	16	500	[]
62	5	22	0	[25683, 20]
62	6	28	500	[]
62	7	30	0	[25683, 20]
62	8	36	500	[]
62	9	42	0	[25683, 20]
62	10	48	500	[]
62	11	54	0	[25683, 20]
62	12	60	500	[]
63	1	2	200	[]
63	2	6	300	[]
63	3	10	0	[25683, 20]
63	4	16	500	[]
63	5	22	0	[25683, 20]
63	6	28	500	[]
63	7	30	0	[25683, 20]
63	8	36	500	[]
63	9	42	0	[25683, 20]
63	10	48	500	[]
63	11	54	0	[25683, 20]
63	12	60	500	[]
64	1	2	200	[]
64	2	6	300	[]
64	3	10	0	[25683, 20]
64	4	16	500	[]
64	5	22	0	[25683, 20]
64	6	28	500	[]
64	7	30	0	[25683, 20]
64	8	36	500	[]
64	9	42	0	[25683, 20]
64	10	48	500	[]
64	11	54	0	[25683, 20]
64	12	60	500	[]
65	1	2	200	[]
65	2	6	300	[]
65	3	10	0	[25683, 20]
65	4	16	500	[]
65	5	22	0	[25683, 20]
65	6	28	500	[]
65	7	30	0	[25683, 20]
65	8	36	500	[]
65	9	42	0	[25683, 20]
65	10	48	500	[]
65	11	54	0	[25683, 20]
65	12	60	500	[]
66	1	2	200	[]
66	2	6	300	[]
66	3	10	0	[25683, 20]
66	4	16	500	[]
66	5	22	0	[25683, 20]
66	6	28	500	[]
66	7	30	0	[25683, 20]
66	8	36	500	[]
66	9	42	0	[25683, 20]
66	10	48	500	[]
66	11	54	0	[25683, 20]
66	12	60	500	[]
67	1	2	200	[]
67	2	6	300	[]
67	3	10	0	[25683, 20]
67	4	16	500	[]
67	5	22	0	[25683, 20]
67	6	28	500	[]
67	7	30	0	[25683, 20]
67	8	36	500	[]
67	9	42	0	[25683, 20]
67	10	48	500	[]
67	11	54	0	[25683, 20]
67	12	60	500	[]
68	1	2	200	[]
68	2	6	300	[]
68	3	10	0	[25683, 20]
68	4	16	500	[]
68	5	22	0	[25683, 20]
68	6	28	500	[]
68	7	30	0	[25683, 20]
68	8	36	500	[]
68	9	42	0	[25683, 20]
68	10	48	500	[]
68	11	54	0	[25683, 20]
68	12	60	500	[]
69	1	2	200	[]
69	2	6	300	[]
69	3	10	0	[25683, 20]
69	4	16	500	[]
69	5	22	0	[25683, 20]
69	6	28	500	[]
69	7	30	0	[25683, 20]
69	8	36	500	[]
69	9	42	0	[25683, 20]
69	10	48	500	[]
69	11	54	0	[25683, 20]
69	12	60	500	[]
70	1	2	200	[]
70	2	6	300	[]
70	3	10	0	[25683, 20]
70	4	16	500	[]
70	5	22	0	[25683, 20]
70	6	28	500	[]
70	7	30	0	[25683, 20]
70	8	36	500	[]
70	9	42	0	[25683, 20]
70	10	48	500	[]
70	11	54	0	[25683, 20]
70	12	60	500	[]
71	1	2	200	[]
71	2	6	300	[]
71	3	10	0	[25683, 20]
71	4	16	500	[]
71	5	22	0	[25683, 20]
71	6	28	500	[]
71	7	30	0	[25683, 20]
71	8	36	500	[]
71	9	42	0	[25683, 20]
71	10	48	500	[]
71	11	54	0	[25683, 20]
71	12	60	500	[]
72	1	2	200	[]
72	2	6	300	[]
72	3	10	0	[25683, 20]
72	4	16	500	[]
72	5	22	0	[25683, 20]
72	6	28	500	[]
72	7	30	0	[25683, 20]
72	8	36	500	[]
72	9	42	0	[25683, 20]
72	10	48	500	[]
72	11	54	0	[25683, 20]
72	12	60	500	[]
73	1	2	200	[]
73	2	6	300	[]
73	3	10	0	[25683, 20]
73	4	16	500	[]
73	5	22	0	[25683, 20]
73	6	28	500	[]
73	7	30	0	[25683, 20]
73	8	36	500	[]
73	9	42	0	[25683, 20]
73	10	48	500	[]
73	11	54	0	[25683, 20]
73	12	60	500	[]
74	1	2	200	[]
74	2	6	300	[]
74	3	10	0	[25683, 20]
74	4	16	500	[]
74	5	22	0	[25683, 20]
74	6	28	500	[]
74	7	30	0	[25683, 20]
74	8	36	500	[]
74	9	42	0	[25683, 20]
74	10	48	500	[]
74	11	54	0	[25683, 20]
74	12	60	500	[]
75	1	2	200	[]
75	2	6	300	[]
75	3	10	0	[25683, 20]
75	4	16	500	[]
75	5	22	0	[25683, 20]
75	6	28	500	[]
75	7	30	0	[25683, 20]
75	8	36	500	[]
75	9	42	0	[25683, 20]
75	10	48	500	[]
75	11	54	0	[25683, 20]
75	12	60	500	[]
76	1	2	200	[]
76	2	6	300	[]
76	3	10	0	[25683, 20]
76	4	16	500	[]
76	5	22	0	[25683, 20]
76	6	28	500	[]
76	7	30	0	[25683, 20]
76	8	36	500	[]
76	9	42	0	[25683, 20]
76	10	48	500	[]
76	11	54	0	[25683, 20]
76	12	60	500	[]
77	1	2	200	[]
77	2	6	300	[]
77	3	10	0	[25683, 20]
77	4	16	500	[]
77	5	22	0	[25683, 20]
77	6	28	500	[]
77	7	30	0	[25683, 20]
77	8	36	500	[]
77	9	42	0	[25683, 20]
77	10	48	500	[]
77	11	54	0	[25683, 20]
77	12	60	500	[]
78	1	2	200	[]
78	2	6	300	[]
78	3	10	0	[25683, 20]
78	4	16	500	[]
78	5	22	0	[25683, 20]
78	6	28	500	[]
78	7	30	0	[25683, 20]
78	8	36	500	[]
78	9	42	0	[25683, 20]
78	10	48	500	[]
78	11	54	0	[25683, 20]
78	12	60	500	[]
79	1	2	200	[]
79	2	6	300	[]
79	3	10	0	[25683, 20]
79	4	16	500	[]
79	5	22	0	[25683, 20]
79	6	28	500	[]
79	7	30	0	[25683, 20]
79	8	36	500	[]
79	9	42	0	[25683, 20]
79	10	48	500	[]
79	11	54	0	[25683, 20]
79	12	60	500	[]
80	1	2	200	[]
80	2	6	300	[]
80	3	10	0	[25684, 20]
80	4	16	500	[]
80	5	22	0	[25684, 20]
80	6	28	500	[]
80	7	30	0	[25684, 20]
80	8	36	500	[]
80	9	42	0	[25684, 20]
80	10	48	500	[]
80	11	54	0	[25684, 20]
80	12	60	500	[]
81	1	2	200	[]
81	2	6	300	[]
81	3	10	0	[25684, 20]
81	4	16	500	[]
81	5	22	0	[25684, 20]
81	6	28	500	[]
81	7	30	0	[25684, 20]
81	8	36	500	[]
81	9	42	0	[25684, 20]
81	10	48	500	[]
81	11	54	0	[25684, 20]
81	12	60	500	[]
82	1	2	200	[]
82	2	6	300	[]
82	3	10	0	[25684, 20]
82	4	16	500	[]
82	5	22	0	[25684, 20]
82	6	28	500	[]
82	7	30	0	[25684, 20]
82	8	36	500	[]
82	9	42	0	[25684, 20]
82	10	48	500	[]
82	11	54	0	[25684, 20]
82	12	60	500	[]
83	1	2	200	[]
83	2	6	300	[]
83	3	10	0	[25684, 20]
83	4	16	500	[]
83	5	22	0	[25684, 20]
83	6	28	500	[]
83	7	30	0	[25684, 20]
83	8	36	500	[]
83	9	42	0	[25684, 20]
83	10	48	500	[]
83	11	54	0	[25684, 20]
83	12	60	500	[]
84	1	2	200	[]
84	2	6	300	[]
84	3	10	0	[25684, 20]
84	4	16	500	[]
84	5	22	0	[25684, 20]
84	6	28	500	[]
84	7	30	0	[25684, 20]
84	8	36	500	[]
84	9	42	0	[25684, 20]
84	10	48	500	[]
84	11	54	0	[25684, 20]
84	12	60	500	[]
85	1	2	200	[]
85	2	6	300	[]
85	3	10	0	[25684, 20]
85	4	16	500	[]
85	5	22	0	[25684, 20]
85	6	28	500	[]
85	7	30	0	[25684, 20]
85	8	36	500	[]
85	9	42	0	[25684, 20]
85	10	48	500	[]
85	11	54	0	[25684, 20]
85	12	60	500	[]
86	1	2	200	[]
86	2	6	300	[]
86	3	10	0	[25684, 20]
86	4	16	500	[]
86	5	22	0	[25684, 20]
86	6	28	500	[]
86	7	30	0	[25684, 20]
86	8	36	500	[]
86	9	42	0	[25684, 20]
86	10	48	500	[]
86	11	54	0	[25684, 20]
86	12	60	500	[]
87	1	2	200	[]
87	2	6	300	[]
87	3	10	0	[25684, 20]
87	4	16	500	[]
87	5	22	0	[25684, 20]
87	6	28	500	[]
87	7	30	0	[25684, 20]
87	8	36	500	[]
87	9	42	0	[25684, 20]
87	10	48	500	[]
87	11	54	0	[25684, 20]
87	12	60	500	[]
88	1	2	200	[]
88	2	6	300	[]
88	3	10	0	[25684, 20]
88	4	16	500	[]
88	5	22	0	[25684, 20]
88	6	28	500	[]
88	7	30	0	[25684, 20]
88	8	36	500	[]
88	9	42	0	[25684, 20]
88	10	48	500	[]
88	11	54	0	[25684, 20]
88	12	60	500	[]
89	1	2	200	[]
89	2	6	300	[]
89	3	10	0	[25684, 20]
89	4	16	500	[]
89	5	22	0	[25684, 20]
89	6	28	500	[]
89	7	30	0	[25684, 20]
89	8	36	500	[]
89	9	42	0	[25684, 20]
89	10	48	500	[]
89	11	54	0	[25684, 20]
89	12	60	500	[]
90	1	2	200	[]
90	2	6	300	[]
90	3	10	0	[25684, 20]
90	4	16	500	[]
90	5	22	0	[25684, 20]
90	6	28	500	[]
90	7	30	0	[25684, 20]
90	8	36	500	[]
90	9	42	0	[25684, 20]
90	10	48	500	[]
90	11	54	0	[25684, 20]
90	12	60	500	[]
91	1	2	200	[]
91	2	6	300	[]
91	3	10	0	[25684, 20]
91	4	16	500	[]
91	5	22	0	[25684, 20]
91	6	28	500	[]
91	7	30	0	[25684, 20]
91	8	36	500	[]
91	9	42	0	[25684, 20]
91	10	48	500	[]
91	11	54	0	[25684, 20]
91	12	60	500	[]
92	1	2	200	[]
92	2	6	300	[]
92	3	10	0	[25684, 20]
92	4	16	500	[]
92	5	22	0	[25684, 20]
92	6	28	500	[]
92	7	30	0	[25684, 20]
92	8	36	500	[]
92	9	42	0	[25684, 20]
92	10	48	500	[]
92	11	54	0	[25684, 20]
92	12	60	500	[]
93	1	2	200	[]
93	2	6	300	[]
93	3	10	0	[25684, 20]
93	4	16	500	[]
93	5	22	0	[25684, 20]
93	6	28	500	[]
93	7	30	0	[25684, 20]
93	8	36	500	[]
93	9	42	0	[25684, 20]
93	10	48	500	[]
93	11	54	0	[25684, 20]
93	12	60	500	[]
94	1	2	200	[]
94	2	6	300	[]
94	3	10	0	[25684, 20]
94	4	16	500	[]
94	5	22	0	[25684, 20]
94	6	28	500	[]
94	7	30	0	[25684, 20]
94	8	36	500	[]
94	9	42	0	[25684, 20]
94	10	48	500	[]
94	11	54	0	[25684, 20]
94	12	60	500	[]
95	1	2	200	[]
95	2	6	300	[]
95	3	10	0	[25684, 20]
95	4	16	500	[]
95	5	22	0	[25684, 20]
95	6	28	500	[]
95	7	30	0	[25684, 20]
95	8	36	500	[]
95	9	42	0	[25684, 20]
95	10	48	500	[]
95	11	54	0	[25684, 20]
95	12	60	500	[]
96	1	2	200	[]
96	2	6	300	[]
96	3	10	0	[25684, 20]
96	4	16	500	[]
96	5	22	0	[25684, 20]
96	6	28	500	[]
96	7	30	0	[25684, 20]
96	8	36	500	[]
96	9	42	0	[25684, 20]
96	10	48	500	[]
96	11	54	0	[25684, 20]
96	12	60	500	[]
97	1	2	200	[]
97	2	6	300	[]
97	3	10	0	[25684, 20]
97	4	16	500	[]
97	5	22	0	[25684, 20]
97	6	28	500	[]
97	7	30	0	[25684, 20]
97	8	36	500	[]
97	9	42	0	[25684, 20]
97	10	48	500	[]
97	11	54	0	[25684, 20]
97	12	60	500	[]
98	1	2	200	[]
98	2	6	300	[]
98	3	10	0	[25684, 20]
98	4	16	500	[]
98	5	22	0	[25684, 20]
98	6	28	500	[]
98	7	30	0	[25684, 20]
98	8	36	500	[]
98	9	42	0	[25684, 20]
98	10	48	500	[]
98	11	54	0	[25684, 20]
98	12	60	500	[]
99	1	2	200	[]
99	2	6	300	[]
99	3	10	0	[25684, 20]
99	4	16	500	[]
99	5	22	0	[25684, 20]
99	6	28	500	[]
99	7	30	0	[25684, 20]
99	8	36	500	[]
99	9	42	0	[25684, 20]
99	10	48	500	[]
99	11	54	0	[25684, 20]
99	12	60	500	[]
100	1	2	200	[]
100	2	6	300	[]
100	3	10	0	[25685, 20]
100	4	16	500	[]
100	5	22	0	[25685, 20]
100	6	28	500	[]
100	7	30	0	[25685, 20]
100	8	36	500	[]
100	9	42	0	[25685, 20]
100	10	48	500	[]
100	11	54	0	[25685, 20]
100	12	60	500	[]
101	1	2	200	[]
101	2	6	300	[]
101	3	10	0	[25685, 20]
101	4	16	500	[]
101	5	22	0	[25685, 20]
101	6	28	500	[]
101	7	30	0	[25685, 20]
101	8	36	500	[]
101	9	42	0	[25685, 20]
101	10	48	500	[]
101	11	54	0	[25685, 20]
101	12	60	500	[]
102	1	2	200	[]
102	2	6	300	[]
102	3	10	0	[25685, 20]
102	4	16	500	[]
102	5	22	0	[25685, 20]
102	6	28	500	[]
102	7	30	0	[25685, 20]
102	8	36	500	[]
102	9	42	0	[25685, 20]
102	10	48	500	[]
102	11	54	0	[25685, 20]
102	12	60	500	[]
103	1	2	200	[]
103	2	6	300	[]
103	3	10	0	[25685, 20]
103	4	16	500	[]
103	5	22	0	[25685, 20]
103	6	28	500	[]
103	7	30	0	[25685, 20]
103	8	36	500	[]
103	9	42	0	[25685, 20]
103	10	48	500	[]
103	11	54	0	[25685, 20]
103	12	60	500	[]
104	1	2	200	[]
104	2	6	300	[]
104	3	10	0	[25685, 20]
104	4	16	500	[]
104	5	22	0	[25685, 20]
104	6	28	500	[]
104	7	30	0	[25685, 20]
104	8	36	500	[]
104	9	42	0	[25685, 20]
104	10	48	500	[]
104	11	54	0	[25685, 20]
104	12	60	500	[]
105	1	2	200	[]
105	2	6	300	[]
105	3	10	0	[25685, 20]
105	4	16	500	[]
105	5	22	0	[25685, 20]
105	6	28	500	[]
105	7	30	0	[25685, 20]
105	8	36	500	[]
105	9	42	0	[25685, 20]
105	10	48	500	[]
105	11	54	0	[25685, 20]
105	12	60	500	[]
106	1	2	200	[]
106	2	6	300	[]
106	3	10	0	[25685, 20]
106	4	16	500	[]
106	5	22	0	[25685, 20]
106	6	28	500	[]
106	7	30	0	[25685, 20]
106	8	36	500	[]
106	9	42	0	[25685, 20]
106	10	48	500	[]
106	11	54	0	[25685, 20]
106	12	60	500	[]
107	1	2	200	[]
107	2	6	300	[]
107	3	10	0	[25685, 20]
107	4	16	500	[]
107	5	22	0	[25685, 20]
107	6	28	500	[]
107	7	30	0	[25685, 20]
107	8	36	500	[]
107	9	42	0	[25685, 20]
107	10	48	500	[]
107	11	54	0	[25685, 20]
107	12	60	500	[]
108	1	2	200	[]
108	2	6	300	[]
108	3	10	0	[25685, 20]
108	4	16	500	[]
108	5	22	0	[25685, 20]
108	6	28	500	[]
108	7	30	0	[25685, 20]
108	8	36	500	[]
108	9	42	0	[25685, 20]
108	10	48	500	[]
108	11	54	0	[25685, 20]
108	12	60	500	[]
109	1	2	200	[]
109	2	6	300	[]
109	3	10	0	[25685, 20]
109	4	16	500	[]
109	5	22	0	[25685, 20]
109	6	28	500	[]
109	7	30	0	[25685, 20]
109	8	36	500	[]
109	9	42	0	[25685, 20]
109	10	48	500	[]
109	11	54	0	[25685, 20]
109	12	60	500	[]
110	1	2	200	[]
110	2	6	300	[]
110	3	10	0	[25685, 20]
110	4	16	500	[]
110	5	22	0	[25685, 20]
110	6	28	500	[]
110	7	30	0	[25685, 20]
110	8	36	500	[]
110	9	42	0	[25685, 20]
110	10	48	500	[]
110	11	54	0	[25685, 20]
110	12	60	500	[]
111	1	2	200	[]
111	2	6	300	[]
111	3	10	0	[25685, 20]
111	4	16	500	[]
111	5	22	0	[25685, 20]
111	6	28	500	[]
111	7	30	0	[25685, 20]
111	8	36	500	[]
111	9	42	0	[25685, 20]
111	10	48	500	[]
111	11	54	0	[25685, 20]
111	12	60	500	[]
112	1	2	200	[]
112	2	6	300	[]
112	3	10	0	[25685, 20]
112	4	16	500	[]
112	5	22	0	[25685, 20]
112	6	28	500	[]
112	7	30	0	[25685, 20]
112	8	36	500	[]
112	9	42	0	[25685, 20]
112	10	48	500	[]
112	11	54	0	[25685, 20]
112	12	60	500	[]
113	1	2	200	[]
113	2	6	300	[]
113	3	10	0	[25685, 20]
113	4	16	500	[]
113	5	22	0	[25685, 20]
113	6	28	500	[]
113	7	30	0	[25685, 20]
113	8	36	500	[]
113	9	42	0	[25685, 20]
113	10	48	500	[]
113	11	54	0	[25685, 20]
113	12	60	500	[]
114	1	2	200	[]
114	2	6	300	[]
114	3	10	0	[25685, 20]
114	4	16	500	[]
114	5	22	0	[25685, 20]
114	6	28	500	[]
114	7	30	0	[25685, 20]
114	8	36	500	[]
114	9	42	0	[25685, 20]
114	10	48	500	[]
114	11	54	0	[25685, 20]
114	12	60	500	[]
115	1	2	200	[]
115	2	6	300	[]
115	3	10	0	[25685, 20]
115	4	16	500	[]
115	5	22	0	[25685, 20]
115	6	28	500	[]
115	7	30	0	[25685, 20]
115	8	36	500	[]
115	9	42	0	[25685, 20]
115	10	48	500	[]
115	11	54	0	[25685, 20]
115	12	60	500	[]
116	1	2	200	[]
116	2	6	300	[]
116	3	10	0	[25685, 20]
116	4	16	500	[]
116	5	22	0	[25685, 20]
116	6	28	500	[]
116	7	30	0	[25685, 20]
116	8	36	500	[]
116	9	42	0	[25685, 20]
116	10	48	500	[]
116	11	54	0	[25685, 20]
116	12	60	500	[]
117	1	2	200	[]
117	2	6	300	[]
117	3	10	0	[25685, 20]
117	4	16	500	[]
117	5	22	0	[25685, 20]
117	6	28	500	[]
117	7	30	0	[25685, 20]
117	8	36	500	[]
117	9	42	0	[25685, 20]
117	10	48	500	[]
117	11	54	0	[25685, 20]
117	12	60	500	[]
118	1	2	200	[]
118	2	6	300	[]
118	3	10	0	[25685, 20]
118	4	16	500	[]
118	5	22	0	[25685, 20]
118	6	28	500	[]
118	7	30	0	[25685, 20]
118	8	36	500	[]
118	9	42	0	[25685, 20]
118	10	48	500	[]
118	11	54	0	[25685, 20]
118	12	60	500	[]
119	1	2	200	[]
119	2	6	300	[]
119	3	10	0	[25685, 20]
119	4	16	500	[]
119	5	22	0	[25685, 20]
119	6	28	500	[]
119	7	30	0	[25685, 20]
119	8	36	500	[]
119	9	42	0	[25685, 20]
119	10	48	500	[]
119	11	54	0	[25685, 20]
119	12	60	500	[]
120	1	2	200	[]
120	2	6	300	[]
120	3	10	0	[25686, 20]
120	4	16	500	[]
120	5	22	0	[25686, 20]
120	6	28	500	[]
120	7	30	0	[25686, 20]
120	8	36	500	[]
120	9	42	0	[25686, 20]
120	10	48	500	[]
120	11	54	0	[25686, 20]
120	12	60	500	[]
121	1	2	200	[]
121	2	6	300	[]
121	3	10	0	[25686, 20]
121	4	16	500	[]
121	5	22	0	[25686, 20]
121	6	28	500	[]
121	7	30	0	[25686, 20]
121	8	36	500	[]
121	9	42	0	[25686, 20]
121	10	48	500	[]
121	11	54	0	[25686, 20]
121	12	60	500	[]
122	1	2	200	[]
122	2	6	300	[]
122	3	10	0	[25686, 20]
122	4	16	500	[]
122	5	22	0	[25686, 20]
122	6	28	500	[]
122	7	30	0	[25686, 20]
122	8	36	500	[]
122	9	42	0	[25686, 20]
122	10	48	500	[]
122	11	54	0	[25686, 20]
122	12	60	500	[]
123	1	2	200	[]
123	2	6	300	[]
123	3	10	0	[25686, 20]
123	4	16	500	[]
123	5	22	0	[25686, 20]
123	6	28	500	[]
123	7	30	0	[25686, 20]
123	8	36	500	[]
123	9	42	0	[25686, 20]
123	10	48	500	[]
123	11	54	0	[25686, 20]
123	12	60	500	[]
124	1	2	200	[]
124	2	6	300	[]
124	3	10	0	[25686, 20]
124	4	16	500	[]
124	5	22	0	[25686, 20]
124	6	28	500	[]
124	7	30	0	[25686, 20]
124	8	36	500	[]
124	9	42	0	[25686, 20]
124	10	48	500	[]
124	11	54	0	[25686, 20]
124	12	60	500	[]
125	1	2	200	[]
125	2	6	300	[]
125	3	10	0	[25686, 20]
125	4	16	500	[]
125	5	22	0	[25686, 20]
125	6	28	500	[]
125	7	30	0	[25686, 20]
125	8	36	500	[]
125	9	42	0	[25686, 20]
125	10	48	500	[]
125	11	54	0	[25686, 20]
125	12	60	500	[]
126	1	2	200	[]
126	2	6	300	[]
126	3	10	0	[25686, 20]
126	4	16	500	[]
126	5	22	0	[25686, 20]
126	6	28	500	[]
126	7	30	0	[25686, 20]
126	8	36	500	[]
126	9	42	0	[25686, 20]
126	10	48	500	[]
126	11	54	0	[25686, 20]
126	12	60	500	[]
127	1	2	200	[]
127	2	6	300	[]
127	3	10	0	[25686, 20]
127	4	16	500	[]
127	5	22	0	[25686, 20]
127	6	28	500	[]
127	7	30	0	[25686, 20]
127	8	36	500	[]
127	9	42	0	[25686, 20]
127	10	48	500	[]
127	11	54	0	[25686, 20]
127	12	60	500	[]
128	1	2	200	[]
128	2	6	300	[]
128	3	10	0	[25686, 20]
128	4	16	500	[]
128	5	22	0	[25686, 20]
128	6	28	500	[]
128	7	30	0	[25686, 20]
128	8	36	500	[]
128	9	42	0	[25686, 20]
128	10	48	500	[]
128	11	54	0	[25686, 20]
128	12	60	500	[]
129	1	2	200	[]
129	2	6	300	[]
129	3	10	0	[25686, 20]
129	4	16	500	[]
129	5	22	0	[25686, 20]
129	6	28	500	[]
129	7	30	0	[25686, 20]
129	8	36	500	[]
129	9	42	0	[25686, 20]
129	10	48	500	[]
129	11	54	0	[25686, 20]
129	12	60	500	[]
130	1	2	200	[]
130	2	6	300	[]
130	3	10	0	[25686, 20]
130	4	16	500	[]
130	5	22	0	[25686, 20]
130	6	28	500	[]
130	7	30	0	[25686, 20]
130	8	36	500	[]
130	9	42	0	[25686, 20]
130	10	48	500	[]
130	11	54	0	[25686, 20]
130	12	60	500	[]
131	1	2	200	[]
131	2	6	300	[]
131	3	10	0	[25686, 20]
131	4	16	500	[]
131	5	22	0	[25686, 20]
131	6	28	500	[]
131	7	30	0	[25686, 20]
131	8	36	500	[]
131	9	42	0	[25686, 20]
131	10	48	500	[]
131	11	54	0	[25686, 20]
131	12	60	500	[]
132	1	2	200	[]
132	2	6	300	[]
132	3	10	0	[25686, 20]
132	4	16	500	[]
132	5	22	0	[25686, 20]
132	6	28	500	[]
132	7	30	0	[25686, 20]
132	8	36	500	[]
132	9	42	0	[25686, 20]
132	10	48	500	[]
132	11	54	0	[25686, 20]
132	12	60	500	[]
133	1	2	200	[]
133	2	6	300	[]
133	3	10	0	[25686, 20]
133	4	16	500	[]
133	5	22	0	[25686, 20]
133	6	28	500	[]
133	7	30	0	[25686, 20]
133	8	36	500	[]
133	9	42	0	[25686, 20]
133	10	48	500	[]
133	11	54	0	[25686, 20]
133	12	60	500	[]
134	1	2	200	[]
134	2	6	300	[]
134	3	10	0	[25686, 20]
134	4	16	500	[]
134	5	22	0	[25686, 20]
134	6	28	500	[]
134	7	30	0	[25686, 20]
134	8	36	500	[]
134	9	42	0	[25686, 20]
134	10	48	500	[]
134	11	54	0	[25686, 20]
134	12	60	500	[]
135	1	2	200	[]
135	2	6	300	[]
135	3	10	0	[25686, 20]
135	4	16	500	[]
135	5	22	0	[25686, 20]
135	6	28	500	[]
135	7	30	0	[25686, 20]
135	8	36	500	[]
135	9	42	0	[25686, 20]
135	10	48	500	[]
135	11	54	0	[25686, 20]
135	12	60	500	[]
136	1	2	200	[]
136	2	6	300	[]
136	3	10	0	[25686, 20]
136	4	16	500	[]
136	5	22	0	[25686, 20]
136	6	28	500	[]
136	7	30	0	[25686, 20]
136	8	36	500	[]
136	9	42	0	[25686, 20]
136	10	48	500	[]
136	11	54	0	[25686, 20]
136	12	60	500	[]
137	1	2	200	[]
137	2	6	300	[]
137	3	10	0	[25686, 20]
137	4	16	500	[]
137	5	22	0	[25686, 20]
137	6	28	500	[]
137	7	30	0	[25686, 20]
137	8	36	500	[]
137	9	42	0	[25686, 20]
137	10	48	500	[]
137	11	54	0	[25686, 20]
137	12	60	500	[]
138	1	2	200	[]
138	2	6	300	[]
138	3	10	0	[25686, 20]
138	4	16	500	[]
138	5	22	0	[25686, 20]
138	6	28	500	[]
138	7	30	0	[25686, 20]
138	8	36	500	[]
138	9	42	0	[25686, 20]
138	10	48	500	[]
138	11	54	0	[25686, 20]
138	12	60	500	[]
139	1	2	200	[]
139	2	6	300	[]
139	3	10	0	[25686, 20]
139	4	16	500	[]
139	5	22	0	[25686, 20]
139	6	28	500	[]
139	7	30	0	[25686, 20]
139	8	36	500	[]
139	9	42	0	[25686, 20]
139	10	48	500	[]
139	11	54	0	[25686, 20]
139	12	60	500	[]
140	1	2	200	[]
140	2	6	300	[]
140	3	10	0	[26607, 20]
140	4	16	500	[]
140	5	22	0	[26607, 20]
140	6	28	500	[]
140	7	30	0	[26607, 20]
140	8	36	500	[]
140	9	42	0	[26607, 20]
140	10	48	500	[]
140	11	54	0	[26607, 20]
140	12	60	500	[]
141	1	2	200	[]
141	2	6	300	[]
141	3	10	0	[26607, 20]
141	4	16	500	[]
141	5	22	0	[26607, 20]
141	6	28	500	[]
141	7	30	0	[26607, 20]
141	8	36	500	[]
141	9	42	0	[26607, 20]
141	10	48	500	[]
141	11	54	0	[26607, 20]
141	12	60	500	[]
142	1	2	200	[]
142	2	6	300	[]
142	3	10	0	[26607, 20]
142	4	16	500	[]
142	5	22	0	[26607, 20]
142	6	28	500	[]
142	7	30	0	[26607, 20]
142	8	36	500	[]
142	9	42	0	[26607, 20]
142	10	48	500	[]
142	11	54	0	[26607, 20]
142	12	60	500	[]
143	1	2	200	[]
143	2	6	300	[]
143	3	10	0	[26607, 20]
143	4	16	500	[]
143	5	22	0	[26607, 20]
143	6	28	500	[]
143	7	30	0	[26607, 20]
143	8	36	500	[]
143	9	42	0	[26607, 20]
143	10	48	500	[]
143	11	54	0	[26607, 20]
143	12	60	500	[]
144	1	2	200	[]
144	2	6	300	[]
144	3	10	0	[26607, 20]
144	4	16	500	[]
144	5	22	0	[26607, 20]
144	6	28	500	[]
144	7	30	0	[26607, 20]
144	8	36	500	[]
144	9	42	0	[26607, 20]
144	10	48	500	[]
144	11	54	0	[26607, 20]
144	12	60	500	[]
145	1	2	200	[]
145	2	6	300	[]
145	3	10	0	[26607, 20]
145	4	16	500	[]
145	5	22	0	[26607, 20]
145	6	28	500	[]
145	7	30	0	[26607, 20]
145	8	36	500	[]
145	9	42	0	[26607, 20]
145	10	48	500	[]
145	11	54	0	[26607, 20]
145	12	60	500	[]
146	1	2	200	[]
146	2	6	300	[]
146	3	10	0	[26607, 20]
146	4	16	500	[]
146	5	22	0	[26607, 20]
146	6	28	500	[]
146	7	30	0	[26607, 20]
146	8	36	500	[]
146	9	42	0	[26607, 20]
146	10	48	500	[]
146	11	54	0	[26607, 20]
146	12	60	500	[]
147	1	2	200	[]
147	2	6	300	[]
147	3	10	0	[26607, 20]
147	4	16	500	[]
147	5	22	0	[26607, 20]
147	6	28	500	[]
147	7	30	0	[26607, 20]
147	8	36	500	[]
147	9	42	0	[26607, 20]
147	10	48	500	[]
147	11	54	0	[26607, 20]
147	12	60	500	[]
148	1	2	200	[]
148	2	6	300	[]
148	3	10	0	[26607, 20]
148	4	16	500	[]
148	5	22	0	[26607, 20]
148	6	28	500	[]
148	7	30	0	[26607, 20]
148	8	36	500	[]
148	9	42	0	[26607, 20]
148	10	48	500	[]
148	11	54	0	[26607, 20]
148	12	60	500	[]
149	1	2	200	[]
149	2	6	300	[]
149	3	10	0	[26607, 20]
149	4	16	500	[]
149	5	22	0	[26607, 20]
149	6	28	500	[]
149	7	30	0	[26607, 20]
149	8	36	500	[]
149	9	42	0	[26607, 20]
149	10	48	500	[]
149	11	54	0	[26607, 20]
149	12	60	500	[]
150	1	2	200	[]
150	2	6	300	[]
150	3	10	0	[26607, 20]
150	4	16	500	[]
150	5	22	0	[26607, 20]
150	6	28	500	[]
150	7	30	0	[26607, 20]
150	8	36	500	[]
150	9	42	0	[26607, 20]
150	10	48	500	[]
150	11	54	0	[26607, 20]
150	12	60	500	[]
151	1	2	200	[]
151	2	6	300	[]
151	3	10	0	[26607, 20]
151	4	16	500	[]
151	5	22	0	[26607, 20]
151	6	28	500	[]
151	7	30	0	[26607, 20]
151	8	36	500	[]
151	9	42	0	[26607, 20]
151	10	48	500	[]
151	11	54	0	[26607, 20]
151	12	60	500	[]
152	1	2	200	[]
152	2	6	300	[]
152	3	10	0	[26607, 20]
152	4	16	500	[]
152	5	22	0	[26607, 20]
152	6	28	500	[]
152	7	30	0	[26607, 20]
152	8	36	500	[]
152	9	42	0	[26607, 20]
152	10	48	500	[]
152	11	54	0	[26607, 20]
152	12	60	500	[]
153	1	2	200	[]
153	2	6	300	[]
153	3	10	0	[26607, 20]
153	4	16	500	[]
153	5	22	0	[26607, 20]
153	6	28	500	[]
153	7	30	0	[26607, 20]
153	8	36	500	[]
153	9	42	0	[26607, 20]
153	10	48	500	[]
153	11	54	0	[26607, 20]
153	12	60	500	[]
154	1	2	200	[]
154	2	6	300	[]
154	3	10	0	[26607, 20]
154	4	16	500	[]
154	5	22	0	[26607, 20]
154	6	28	500	[]
154	7	30	0	[26607, 20]
154	8	36	500	[]
154	9	42	0	[26607, 20]
154	10	48	500	[]
154	11	54	0	[26607, 20]
154	12	60	500	[]
155	1	2	200	[]
155	2	6	300	[]
155	3	10	0	[26607, 20]
155	4	16	500	[]
155	5	22	0	[26607, 20]
155	6	28	500	[]
155	7	30	0	[26607, 20]
155	8	36	500	[]
155	9	42	0	[26607, 20]
155	10	48	500	[]
155	11	54	0	[26607, 20]
155	12	60	500	[]
156	1	2	200	[]
156	2	6	300	[]
156	3	10	0	[26607, 20]
156	4	16	500	[]
156	5	22	0	[26607, 20]
156	6	28	500	[]
156	7	30	0	[26607, 20]
156	8	36	500	[]
156	9	42	0	[26607, 20]
156	10	48	500	[]
156	11	54	0	[26607, 20]
156	12	60	500	[]
157	1	2	200	[]
157	2	6	300	[]
157	3	10	0	[26607, 20]
157	4	16	500	[]
157	5	22	0	[26607, 20]
157	6	28	500	[]
157	7	30	0	[26607, 20]
157	8	36	500	[]
157	9	42	0	[26607, 20]
157	10	48	500	[]
157	11	54	0	[26607, 20]
157	12	60	500	[]
158	1	2	200	[]
158	2	6	300	[]
158	3	10	0	[26607, 20]
158	4	16	500	[]
158	5	22	0	[26607, 20]
158	6	28	500	[]
158	7	30	0	[26607, 20]
158	8	36	500	[]
158	9	42	0	[26607, 20]
158	10	48	500	[]
158	11	54	0	[26607, 20]
158	12	60	500	[]
159	1	2	200	[]
159	2	6	300	[]
159	3	10	0	[26607, 20]
159	4	16	500	[]
159	5	22	0	[26607, 20]
159	6	28	500	[]
159	7	30	0	[26607, 20]
159	8	36	500	[]
159	9	42	0	[26607, 20]
159	10	48	500	[]
159	11	54	0	[26607, 20]
159	12	60	500	[]
160	1	2	200	[]
160	2	6	300	[]
160	3	10	0	[27066, 20]
160	4	16	500	[]
160	5	22	0	[27066, 20]
160	6	28	500	[]
160	7	30	0	[27066, 20]
160	8	36	500	[]
160	9	42	0	[27066, 20]
160	10	48	500	[]
160	11	54	0	[27066, 20]
160	12	60	500	[]
161	1	2	200	[]
161	2	6	300	[]
161	3	10	0	[27066, 20]
161	4	16	500	[]
161	5	22	0	[27066, 20]
161	6	28	500	[]
161	7	30	0	[27066, 20]
161	8	36	500	[]
161	9	42	0	[27066, 20]
161	10	48	500	[]
161	11	54	0	[27066, 20]
161	12	60	500	[]
162	1	2	200	[]
162	2	6	300	[]
162	3	10	0	[27066, 20]
162	4	16	500	[]
162	5	22	0	[27066, 20]
162	6	28	500	[]
162	7	30	0	[27066, 20]
162	8	36	500	[]
162	9	42	0	[27066, 20]
162	10	48	500	[]
162	11	54	0	[27066, 20]
162	12	60	500	[]
163	1	2	200	[]
163	2	6	300	[]
163	3	10	0	[27066, 20]
163	4	16	500	[]
163	5	22	0	[27066, 20]
163	6	28	500	[]
163	7	30	0	[27066, 20]
163	8	36	500	[]
163	9	42	0	[27066, 20]
163	10	48	500	[]
163	11	54	0	[27066, 20]
163	12	60	500	[]
164	1	2	200	[]
164	2	6	300	[]
164	3	10	0	[27066, 20]
164	4	16	500	[]
164	5	22	0	[27066, 20]
164	6	28	500	[]
164	7	30	0	[27066, 20]
164	8	36	500	[]
164	9	42	0	[27066, 20]
164	10	48	500	[]
164	11	54	0	[27066, 20]
164	12	60	500	[]
165	1	2	200	[]
165	2	6	300	[]
165	3	10	0	[27066, 20]
165	4	16	500	[]
165	5	22	0	[27066, 20]
165	6	28	500	[]
165	7	30	0	[27066, 20]
165	8	36	500	[]
165	9	42	0	[27066, 20]
165	10	48	500	[]
165	11	54	0	[27066, 20]
165	12	60	500	[]
166	1	2	200	[]
166	2	6	300	[]
166	3	10	0	[27066, 20]
166	4	16	500	[]
166	5	22	0	[27066, 20]
166	6	28	500	[]
166	7	30	0	[27066, 20]
166	8	36	500	[]
166	9	42	0	[27066, 20]
166	10	48	500	[]
166	11	54	0	[27066, 20]
166	12	60	500	[]
167	1	2	200	[]
167	2	6	300	[]
167	3	10	0	[27066, 20]
167	4	16	500	[]
167	5	22	0	[27066, 20]
167	6	28	500	[]
167	7	30	0	[27066, 20]
167	8	36	500	[]
167	9	42	0	[27066, 20]
167	10	48	500	[]
167	11	54	0	[27066, 20]
167	12	60	500	[]
168	1	2	200	[]
168	2	6	300	[]
168	3	10	0	[27066, 20]
168	4	16	500	[]
168	5	22	0	[27066, 20]
168	6	28	500	[]
168	7	30	0	[27066, 20]
168	8	36	500	[]
168	9	42	0	[27066, 20]
168	10	48	500	[]
168	11	54	0	[27066, 20]
168	12	60	500	[]
169	1	2	200	[]
169	2	6	300	[]
169	3	10	0	[27066, 20]
169	4	16	500	[]
169	5	22	0	[27066, 20]
169	6	28	500	[]
169	7	30	0	[27066, 20]
169	8	36	500	[]
169	9	42	0	[27066, 20]
169	10	48	500	[]
169	11	54	0	[27066, 20]
169	12	60	500	[]
170	1	2	200	[]
170	2	6	300	[]
170	3	10	0	[27066, 20]
170	4	16	500	[]
170	5	22	0	[27066, 20]
170	6	28	500	[]
170	7	30	0	[27066, 20]
170	8	36	500	[]
170	9	42	0	[27066, 20]
170	10	48	500	[]
170	11	54	0	[27066, 20]
170	12	60	500	[]
171	1	2	200	[]
171	2	6	300	[]
171	3	10	0	[27066, 20]
171	4	16	500	[]
171	5	22	0	[27066, 20]
171	6	28	500	[]
171	7	30	0	[27066, 20]
171	8	36	500	[]
171	9	42	0	[27066, 20]
171	10	48	500	[]
171	11	54	0	[27066, 20]
171	12	60	500	[]
172	1	2	200	[]
172	2	6	300	[]
172	3	10	0	[27066, 20]
172	4	16	500	[]
172	5	22	0	[27066, 20]
172	6	28	500	[]
172	7	30	0	[27066, 20]
172	8	36	500	[]
172	9	42	0	[27066, 20]
172	10	48	500	[]
172	11	54	0	[27066, 20]
172	12	60	500	[]
173	1	2	200	[]
173	2	6	300	[]
173	3	10	0	[27066, 20]
173	4	16	500	[]
173	5	22	0	[27066, 20]
173	6	28	500	[]
173	7	30	0	[27066, 20]
173	8	36	500	[]
173	9	42	0	[27066, 20]
173	10	48	500	[]
173	11	54	0	[27066, 20]
173	12	60	500	[]
174	1	2	200	[]
174	2	6	300	[]
174	3	10	0	[27066, 20]
174	4	16	500	[]
174	5	22	0	[27066, 20]
174	6	28	500	[]
174	7	30	0	[27066, 20]
174	8	36	500	[]
174	9	42	0	[27066, 20]
174	10	48	500	[]
174	11	54	0	[27066, 20]
174	12	60	500	[]
175	1	2	200	[]
175	2	6	300	[]
175	3	10	0	[27066, 20]
175	4	16	500	[]
175	5	22	0	[27066, 20]
175	6	28	500	[]
175	7	30	0	[27066, 20]
175	8	36	500	[]
175	9	42	0	[27066, 20]
175	10	48	500	[]
175	11	54	0	[27066, 20]
175	12	60	500	[]
176	1	2	200	[]
176	2	6	300	[]
176	3	10	0	[27066, 20]
176	4	16	500	[]
176	5	22	0	[27066, 20]
176	6	28	500	[]
176	7	30	0	[27066, 20]
176	8	36	500	[]
176	9	42	0	[27066, 20]
176	10	48	500	[]
176	11	54	0	[27066, 20]
176	12	60	500	[]
177	1	2	200	[]
177	2	6	300	[]
177	3	10	0	[27066, 20]
177	4	16	500	[]
177	5	22	0	[27066, 20]
177	6	28	500	[]
177	7	30	0	[27066, 20]
177	8	36	500	[]
177	9	42	0	[27066, 20]
177	10	48	500	[]
177	11	54	0	[27066, 20]
177	12	60	500	[]
178	1	2	200	[]
178	2	6	300	[]
178	3	10	0	[27066, 20]
178	4	16	500	[]
178	5	22	0	[27066, 20]
178	6	28	500	[]
178	7	30	0	[27066, 20]
178	8	36	500	[]
178	9	42	0	[27066, 20]
178	10	48	500	[]
178	11	54	0	[27066, 20]
178	12	60	500	[]
179	1	2	200	[]
179	2	6	300	[]
179	3	10	0	[27066, 20]
179	4	16	500	[]
179	5	22	0	[27066, 20]
179	6	28	500	[]
179	7	30	0	[27066, 20]
179	8	36	500	[]
179	9	42	0	[27066, 20]
179	10	48	500	[]
179	11	54	0	[27066, 20]
179	12	60	500	[]
