level	minRank	maxRank	money	itemList	titleId	title
等级	排名区间最小值	排名区间最大值	奖励金币	奖励物品列表	称号奖励	称号
31	1001	2000	95000	[(25681,50)]	0	
31	201	1000	95500	[(25681,75)]	0	
31	51	200	96000	[(25681,100)]	0	
31	21	50	96500	[(25681,125)]	0	
31	11	20	97000	[(25681,150)]	0	
31	6	10	98000	[(25681,200)]	6	称号:不朽的屠龙者
31	5	5	102000	[(25681,250)]	6	称号:不朽的屠龙者
31	4	4	107000	[(25681,300)]	5	称号:不灭战神
31	3	3	113000	[(25681,350)]	5	称号:不灭战神
31	2	2	121000	[(25681,400)]	5	称号:不灭战神
31	1	1	136000	[(25681,500)]	1	称号:灭世主宰
32	1001	2000	102500	[(25681,50)]	0	
32	201	1000	103000	[(25681,75)]	0	
32	51	200	103500	[(25681,100)]	0	
32	21	50	104000	[(25681,125)]	0	
32	11	20	104500	[(25681,150)]	0	
32	6	10	105500	[(25681,200)]	6	称号:不朽的屠龙者
32	5	5	109500	[(25681,250)]	6	称号:不朽的屠龙者
32	4	4	114500	[(25681,300)]	5	称号:不灭战神
32	3	3	120500	[(25681,350)]	5	称号:不灭战神
32	2	2	128500	[(25681,400)]	5	称号:不灭战神
32	1	1	143500	[(25681,500)]	1	称号:灭世主宰
33	1001	2000	110000	[(25681,50)]	0	
33	201	1000	110500	[(25681,75)]	0	
33	51	200	111000	[(25681,100)]	0	
33	21	50	111500	[(25681,125)]	0	
33	11	20	112000	[(25681,150)]	0	
33	6	10	113000	[(25681,200)]	6	称号:不朽的屠龙者
33	5	5	117000	[(25681,250)]	6	称号:不朽的屠龙者
33	4	4	122000	[(25681,300)]	5	称号:不灭战神
33	3	3	128000	[(25681,350)]	5	称号:不灭战神
33	2	2	136000	[(25681,400)]	5	称号:不灭战神
33	1	1	151000	[(25681,500)]	1	称号:灭世主宰
34	1001	2000	117500	[(25681,50)]	0	
34	201	1000	118000	[(25681,75)]	0	
34	51	200	118500	[(25681,100)]	0	
34	21	50	119000	[(25681,125)]	0	
34	11	20	119500	[(25681,150)]	0	
34	6	10	120500	[(25681,200)]	6	称号:不朽的屠龙者
34	5	5	124500	[(25681,250)]	6	称号:不朽的屠龙者
34	4	4	129500	[(25681,300)]	5	称号:不灭战神
34	3	3	135500	[(25681,350)]	5	称号:不灭战神
34	2	2	143500	[(25681,400)]	5	称号:不灭战神
34	1	1	158500	[(25681,500)]	1	称号:灭世主宰
35	1001	2000	132500	[(25681,50)]	0	
35	201	1000	133000	[(25681,75)]	0	
35	51	200	133500	[(25681,100)]	0	
35	21	50	134000	[(25681,125)]	0	
35	11	20	134500	[(25681,150)]	0	
35	6	10	135500	[(25681,200)]	6	称号:不朽的屠龙者
35	5	5	139500	[(25681,250)]	6	称号:不朽的屠龙者
35	4	4	144500	[(25681,300)]	5	称号:不灭战神
35	3	3	150500	[(25681,350)]	5	称号:不灭战神
35	2	2	158500	[(25681,400)]	5	称号:不灭战神
35	1	1	173500	[(25681,500)]	1	称号:灭世主宰
36	1001	2000	140000	[(25681,50)]	0	
36	201	1000	140500	[(25681,75)]	0	
36	51	200	141000	[(25681,100)]	0	
36	21	50	141500	[(25681,125)]	0	
36	11	20	142000	[(25681,150)]	0	
36	6	10	143000	[(25681,200)]	6	称号:不朽的屠龙者
36	5	5	147000	[(25681,250)]	6	称号:不朽的屠龙者
36	4	4	152000	[(25681,300)]	5	称号:不灭战神
36	3	3	158000	[(25681,350)]	5	称号:不灭战神
36	2	2	166000	[(25681,400)]	5	称号:不灭战神
36	1	1	181000	[(25681,500)]	1	称号:灭世主宰
37	1001	2000	147500	[(25681,50)]	0	
37	201	1000	148000	[(25681,75)]	0	
37	51	200	148500	[(25681,100)]	0	
37	21	50	149000	[(25681,125)]	0	
37	11	20	149500	[(25681,150)]	0	
37	6	10	150500	[(25681,200)]	6	称号:不朽的屠龙者
37	5	5	154500	[(25681,250)]	6	称号:不朽的屠龙者
37	4	4	159500	[(25681,300)]	5	称号:不灭战神
37	3	3	165500	[(25681,350)]	5	称号:不灭战神
37	2	2	173500	[(25681,400)]	5	称号:不灭战神
37	1	1	188500	[(25681,500)]	1	称号:灭世主宰
38	1001	2000	155000	[(25681,50)]	0	
38	201	1000	155500	[(25681,75)]	0	
38	51	200	156000	[(25681,100)]	0	
38	21	50	156500	[(25681,125)]	0	
38	11	20	157000	[(25681,150)]	0	
38	6	10	158000	[(25681,200)]	6	称号:不朽的屠龙者
38	5	5	162000	[(25681,250)]	6	称号:不朽的屠龙者
38	4	4	167000	[(25681,300)]	5	称号:不灭战神
38	3	3	173000	[(25681,350)]	5	称号:不灭战神
38	2	2	181000	[(25681,400)]	5	称号:不灭战神
38	1	1	196000	[(25681,500)]	1	称号:灭世主宰
39	1001	2000	162500	[(25681,50)]	0	
39	201	1000	163000	[(25681,75)]	0	
39	51	200	163500	[(25681,100)]	0	
39	21	50	164000	[(25681,125)]	0	
39	11	20	164500	[(25681,150)]	0	
39	6	10	165500	[(25681,200)]	6	称号:不朽的屠龙者
39	5	5	169500	[(25681,250)]	6	称号:不朽的屠龙者
39	4	4	174500	[(25681,300)]	5	称号:不灭战神
39	3	3	180500	[(25681,350)]	5	称号:不灭战神
39	2	2	188500	[(25681,400)]	5	称号:不灭战神
39	1	1	203500	[(25681,500)]	1	称号:灭世主宰
40	1001	2000	281250	[(25682,50),(25666,6)]	0	
40	201	1000	283250	[(25682,75),(25666,6)]	0	
40	51	200	285250	[(25682,100),(25666,10)]	0	
40	21	50	287250	[(25682,125),(25666,10)]	0	
40	11	20	289250	[(25682,150),(25666,20)]	0	
40	6	10	291250	[(25682,200),(25666,30)]	6	称号:不朽的屠龙者
40	5	5	296250	[(25682,250),(25666,40)]	6	称号:不朽的屠龙者
40	4	4	302250	[(25682,300),(25666,45)]	5	称号:不灭战神
40	3	3	309250	[(25682,350),(25666,50)]	5	称号:不灭战神
40	2	2	317250	[(25682,400),(25666,55)]	5	称号:不灭战神
40	1	1	332250	[(25682,500),(25666,60)]	1	称号:灭世主宰
41	1001	2000	284375	[(25682,50),(25666,6)]	0	
41	201	1000	286375	[(25682,75),(25666,6)]	0	
41	51	200	288375	[(25682,100),(25666,10)]	0	
41	21	50	290375	[(25682,125),(25666,10)]	0	
41	11	20	292375	[(25682,150),(25666,20)]	0	
41	6	10	294375	[(25682,200),(25666,30)]	6	称号:不朽的屠龙者
41	5	5	299375	[(25682,250),(25666,40)]	6	称号:不朽的屠龙者
41	4	4	305375	[(25682,300),(25666,45)]	5	称号:不灭战神
41	3	3	312375	[(25682,350),(25666,50)]	5	称号:不灭战神
41	2	2	320375	[(25682,400),(25666,55)]	5	称号:不灭战神
41	1	1	335375	[(25682,500),(25666,60)]	1	称号:灭世主宰
42	1001	2000	287500	[(25682,50),(25666,6)]	0	
42	201	1000	289500	[(25682,75),(25666,6)]	0	
42	51	200	291500	[(25682,100),(25666,10)]	0	
42	21	50	293500	[(25682,125),(25666,10)]	0	
42	11	20	295500	[(25682,150),(25666,20)]	0	
42	6	10	297500	[(25682,200),(25666,30)]	6	称号:不朽的屠龙者
42	5	5	302500	[(25682,250),(25666,40)]	6	称号:不朽的屠龙者
42	4	4	308500	[(25682,300),(25666,45)]	5	称号:不灭战神
42	3	3	315500	[(25682,350),(25666,50)]	5	称号:不灭战神
42	2	2	323500	[(25682,400),(25666,55)]	5	称号:不灭战神
42	1	1	338500	[(25682,500),(25666,60)]	1	称号:灭世主宰
43	1001	2000	290625	[(25682,50),(25666,6)]	0	
43	201	1000	292625	[(25682,75),(25666,6)]	0	
43	51	200	294625	[(25682,100),(25666,10)]	0	
43	21	50	296625	[(25682,125),(25666,10)]	0	
43	11	20	298625	[(25682,150),(25666,20)]	0	
43	6	10	300625	[(25682,200),(25666,30)]	6	称号:不朽的屠龙者
43	5	5	305625	[(25682,250),(25666,40)]	6	称号:不朽的屠龙者
43	4	4	311625	[(25682,300),(25666,45)]	5	称号:不灭战神
43	3	3	318625	[(25682,350),(25666,50)]	5	称号:不灭战神
43	2	2	326625	[(25682,400),(25666,55)]	5	称号:不灭战神
43	1	1	341625	[(25682,500),(25666,60)]	1	称号:灭世主宰
44	1001	2000	293750	[(25682,50),(25666,6)]	0	
44	201	1000	295750	[(25682,75),(25666,6)]	0	
44	51	200	297750	[(25682,100),(25666,10)]	0	
44	21	50	299750	[(25682,125),(25666,10)]	0	
44	11	20	301750	[(25682,150),(25666,20)]	0	
44	6	10	303750	[(25682,200),(25666,30)]	6	称号:不朽的屠龙者
44	5	5	308750	[(25682,250),(25666,40)]	6	称号:不朽的屠龙者
44	4	4	314750	[(25682,300),(25666,45)]	5	称号:不灭战神
44	3	3	321750	[(25682,350),(25666,50)]	5	称号:不灭战神
44	2	2	329750	[(25682,400),(25666,55)]	5	称号:不灭战神
44	1	1	344750	[(25682,500),(25666,60)]	1	称号:灭世主宰
45	1001	2000	296875	[(25682,50),(25666,6)]	0	
45	201	1000	298875	[(25682,75),(25666,6)]	0	
45	51	200	300875	[(25682,100),(25666,10)]	0	
45	21	50	302875	[(25682,125),(25666,10)]	0	
45	11	20	304875	[(25682,150),(25666,20)]	0	
45	6	10	306875	[(25682,200),(25666,30)]	6	称号:不朽的屠龙者
45	5	5	311875	[(25682,250),(25666,40)]	6	称号:不朽的屠龙者
45	4	4	317875	[(25682,300),(25666,45)]	5	称号:不灭战神
45	3	3	324875	[(25682,350),(25666,50)]	5	称号:不灭战神
45	2	2	332875	[(25682,400),(25666,55)]	5	称号:不灭战神
45	1	1	347875	[(25682,500),(25666,60)]	1	称号:灭世主宰
46	1001	2000	300000	[(25682,50),(25666,6)]	0	
46	201	1000	302000	[(25682,75),(25666,6)]	0	
46	51	200	304000	[(25682,100),(25666,10)]	0	
46	21	50	306000	[(25682,125),(25666,10)]	0	
46	11	20	308000	[(25682,150),(25666,20)]	0	
46	6	10	310000	[(25682,200),(25666,30)]	6	称号:不朽的屠龙者
46	5	5	315000	[(25682,250),(25666,40)]	6	称号:不朽的屠龙者
46	4	4	321000	[(25682,300),(25666,45)]	5	称号:不灭战神
46	3	3	328000	[(25682,350),(25666,50)]	5	称号:不灭战神
46	2	2	336000	[(25682,400),(25666,55)]	5	称号:不灭战神
46	1	1	351000	[(25682,500),(25666,60)]	1	称号:灭世主宰
47	1001	2000	303125	[(25682,50),(25666,6)]	0	
47	201	1000	305125	[(25682,75),(25666,6)]	0	
47	51	200	307125	[(25682,100),(25666,10)]	0	
47	21	50	309125	[(25682,125),(25666,10)]	0	
47	11	20	311125	[(25682,150),(25666,20)]	0	
47	6	10	313125	[(25682,200),(25666,30)]	6	称号:不朽的屠龙者
47	5	5	318125	[(25682,250),(25666,40)]	6	称号:不朽的屠龙者
47	4	4	324125	[(25682,300),(25666,45)]	5	称号:不灭战神
47	3	3	331125	[(25682,350),(25666,50)]	5	称号:不灭战神
47	2	2	339125	[(25682,400),(25666,55)]	5	称号:不灭战神
47	1	1	354125	[(25682,500),(25666,60)]	1	称号:灭世主宰
48	1001	2000	306250	[(25682,50),(25666,6)]	0	
48	201	1000	308250	[(25682,75),(25666,6)]	0	
48	51	200	310250	[(25682,100),(25666,10)]	0	
48	21	50	312250	[(25682,125),(25666,10)]	0	
48	11	20	314250	[(25682,150),(25666,20)]	0	
48	6	10	316250	[(25682,200),(25666,30)]	6	称号:不朽的屠龙者
48	5	5	321250	[(25682,250),(25666,40)]	6	称号:不朽的屠龙者
48	4	4	327250	[(25682,300),(25666,45)]	5	称号:不灭战神
48	3	3	334250	[(25682,350),(25666,50)]	5	称号:不灭战神
48	2	2	342250	[(25682,400),(25666,55)]	5	称号:不灭战神
48	1	1	357250	[(25682,500),(25666,60)]	1	称号:灭世主宰
49	1001	2000	309375	[(25682,50),(25666,6)]	0	
49	201	1000	311375	[(25682,75),(25666,6)]	0	
49	51	200	313375	[(25682,100),(25666,10)]	0	
49	21	50	315375	[(25682,125),(25666,10)]	0	
49	11	20	317375	[(25682,150),(25666,20)]	0	
49	6	10	319375	[(25682,200),(25666,30)]	6	称号:不朽的屠龙者
49	5	5	324375	[(25682,250),(25666,40)]	6	称号:不朽的屠龙者
49	4	4	330375	[(25682,300),(25666,45)]	5	称号:不灭战神
49	3	3	337375	[(25682,350),(25666,50)]	5	称号:不灭战神
49	2	2	345375	[(25682,400),(25666,55)]	5	称号:不灭战神
49	1	1	360375	[(25682,500),(25666,60)]	1	称号:灭世主宰
50	1001	2000	315625	[(25682,50),(25666,6)]	0	
50	201	1000	317625	[(25682,75),(25666,6)]	0	
50	51	200	319625	[(25682,100),(25666,10)]	0	
50	21	50	321625	[(25682,125),(25666,10)]	0	
50	11	20	323625	[(25682,150),(25666,20)]	0	
50	6	10	325625	[(25682,200),(25666,30)]	6	称号:不朽的屠龙者
50	5	5	330625	[(25682,250),(25666,40)]	6	称号:不朽的屠龙者
50	4	4	336625	[(25682,300),(25666,45)]	5	称号:不灭战神
50	3	3	343625	[(25682,350),(25666,50)]	5	称号:不灭战神
50	2	2	351625	[(25682,400),(25666,55)]	5	称号:不灭战神
50	1	1	366625	[(25682,500),(25666,60)]	1	称号:灭世主宰
51	1001	2000	318750	[(25682,50),(25666,6)]	0	
51	201	1000	320750	[(25682,75),(25666,6)]	0	
51	51	200	322750	[(25682,100),(25666,10)]	0	
51	21	50	324750	[(25682,125),(25666,10)]	0	
51	11	20	326750	[(25682,150),(25666,20)]	0	
51	6	10	328750	[(25682,200),(25666,30)]	6	称号:不朽的屠龙者
51	5	5	333750	[(25682,250),(25666,40)]	6	称号:不朽的屠龙者
51	4	4	339750	[(25682,300),(25666,45)]	5	称号:不灭战神
51	3	3	346750	[(25682,350),(25666,50)]	5	称号:不灭战神
51	2	2	354750	[(25682,400),(25666,55)]	5	称号:不灭战神
51	1	1	369750	[(25682,500),(25666,60)]	1	称号:灭世主宰
52	1001	2000	321875	[(25682,50),(25666,6)]	0	
52	201	1000	323875	[(25682,75),(25666,6)]	0	
52	51	200	325875	[(25682,100),(25666,10)]	0	
52	21	50	327875	[(25682,125),(25666,10)]	0	
52	11	20	329875	[(25682,150),(25666,20)]	0	
52	6	10	331875	[(25682,200),(25666,30)]	6	称号:不朽的屠龙者
52	5	5	336875	[(25682,250),(25666,40)]	6	称号:不朽的屠龙者
52	4	4	342875	[(25682,300),(25666,45)]	5	称号:不灭战神
52	3	3	349875	[(25682,350),(25666,50)]	5	称号:不灭战神
52	2	2	357875	[(25682,400),(25666,55)]	5	称号:不灭战神
52	1	1	372875	[(25682,500),(25666,60)]	1	称号:灭世主宰
53	1001	2000	325000	[(25682,50),(25666,6)]	0	
53	201	1000	327000	[(25682,75),(25666,6)]	0	
53	51	200	329000	[(25682,100),(25666,10)]	0	
53	21	50	331000	[(25682,125),(25666,10)]	0	
53	11	20	333000	[(25682,150),(25666,20)]	0	
53	6	10	335000	[(25682,200),(25666,30)]	6	称号:不朽的屠龙者
53	5	5	340000	[(25682,250),(25666,40)]	6	称号:不朽的屠龙者
53	4	4	346000	[(25682,300),(25666,45)]	5	称号:不灭战神
53	3	3	353000	[(25682,350),(25666,50)]	5	称号:不灭战神
53	2	2	361000	[(25682,400),(25666,55)]	5	称号:不灭战神
53	1	1	376000	[(25682,500),(25666,60)]	1	称号:灭世主宰
54	1001	2000	328125	[(25682,50),(25666,6)]	0	
54	201	1000	330125	[(25682,75),(25666,6)]	0	
54	51	200	332125	[(25682,100),(25666,10)]	0	
54	21	50	334125	[(25682,125),(25666,10)]	0	
54	11	20	336125	[(25682,150),(25666,20)]	0	
54	6	10	338125	[(25682,200),(25666,30)]	6	称号:不朽的屠龙者
54	5	5	343125	[(25682,250),(25666,40)]	6	称号:不朽的屠龙者
54	4	4	349125	[(25682,300),(25666,45)]	5	称号:不灭战神
54	3	3	356125	[(25682,350),(25666,50)]	5	称号:不灭战神
54	2	2	364125	[(25682,400),(25666,55)]	5	称号:不灭战神
54	1	1	379125	[(25682,500),(25666,60)]	1	称号:灭世主宰
55	1001	2000	331250	[(25682,50),(25666,6)]	0	
55	201	1000	333250	[(25682,75),(25666,6)]	0	
55	51	200	335250	[(25682,100),(25666,10)]	0	
55	21	50	337250	[(25682,125),(25666,10)]	0	
55	11	20	339250	[(25682,150),(25666,20)]	0	
55	6	10	341250	[(25682,200),(25666,30)]	6	称号:不朽的屠龙者
55	5	5	346250	[(25682,250),(25666,40)]	6	称号:不朽的屠龙者
55	4	4	352250	[(25682,300),(25666,45)]	5	称号:不灭战神
55	3	3	359250	[(25682,350),(25666,50)]	5	称号:不灭战神
55	2	2	367250	[(25682,400),(25666,55)]	5	称号:不灭战神
55	1	1	382250	[(25682,500),(25666,60)]	1	称号:灭世主宰
56	1001	2000	334375	[(25682,50),(25666,6)]	0	
56	201	1000	336375	[(25682,75),(25666,6)]	0	
56	51	200	338375	[(25682,100),(25666,10)]	0	
56	21	50	340375	[(25682,125),(25666,10)]	0	
56	11	20	342375	[(25682,150),(25666,20)]	0	
56	6	10	344375	[(25682,200),(25666,30)]	6	称号:不朽的屠龙者
56	5	5	349375	[(25682,250),(25666,40)]	6	称号:不朽的屠龙者
56	4	4	355375	[(25682,300),(25666,45)]	5	称号:不灭战神
56	3	3	362375	[(25682,350),(25666,50)]	5	称号:不灭战神
56	2	2	370375	[(25682,400),(25666,55)]	5	称号:不灭战神
56	1	1	385375	[(25682,500),(25666,60)]	1	称号:灭世主宰
57	1001	2000	337500	[(25682,50),(25666,6)]	0	
57	201	1000	339500	[(25682,75),(25666,6)]	0	
57	51	200	341500	[(25682,100),(25666,10)]	0	
57	21	50	343500	[(25682,125),(25666,10)]	0	
57	11	20	345500	[(25682,150),(25666,20)]	0	
57	6	10	347500	[(25682,200),(25666,30)]	6	称号:不朽的屠龙者
57	5	5	352500	[(25682,250),(25666,40)]	6	称号:不朽的屠龙者
57	4	4	358500	[(25682,300),(25666,45)]	5	称号:不灭战神
57	3	3	365500	[(25682,350),(25666,50)]	5	称号:不灭战神
57	2	2	373500	[(25682,400),(25666,55)]	5	称号:不灭战神
57	1	1	388500	[(25682,500),(25666,60)]	1	称号:灭世主宰
58	1001	2000	340625	[(25682,50),(25666,6)]	0	
58	201	1000	342625	[(25682,75),(25666,6)]	0	
58	51	200	344625	[(25682,100),(25666,10)]	0	
58	21	50	346625	[(25682,125),(25666,10)]	0	
58	11	20	348625	[(25682,150),(25666,20)]	0	
58	6	10	350625	[(25682,200),(25666,30)]	6	称号:不朽的屠龙者
58	5	5	355625	[(25682,250),(25666,40)]	6	称号:不朽的屠龙者
58	4	4	361625	[(25682,300),(25666,45)]	5	称号:不灭战神
58	3	3	368625	[(25682,350),(25666,50)]	5	称号:不灭战神
58	2	2	376625	[(25682,400),(25666,55)]	5	称号:不灭战神
58	1	1	391625	[(25682,500),(25666,60)]	1	称号:灭世主宰
59	1001	2000	343750	[(25682,50),(25666,6)]	0	
59	201	1000	345750	[(25682,75),(25666,6)]	0	
59	51	200	347750	[(25682,100),(25666,10)]	0	
59	21	50	349750	[(25682,125),(25666,10)]	0	
59	11	20	351750	[(25682,150),(25666,20)]	0	
59	6	10	353750	[(25682,200),(25666,30)]	6	称号:不朽的屠龙者
59	5	5	358750	[(25682,250),(25666,40)]	6	称号:不朽的屠龙者
59	4	4	364750	[(25682,300),(25666,45)]	5	称号:不灭战神
59	3	3	371750	[(25682,350),(25666,50)]	5	称号:不灭战神
59	2	2	379750	[(25682,400),(25666,55)]	5	称号:不灭战神
59	1	1	394750	[(25682,500),(25666,60)]	1	称号:灭世主宰
60	1001	2000	348750	[(25683,50),(25667,6)]	0	
60	201	1000	349750	[(25683,75),(25667,6)]	0	
60	51	200	348751	[(25683,100),(25667,10)]	0	
60	21	50	349751	[(25683,125),(25667,10)]	0	
60	11	20	348752	[(25683,150),(25667,20)]	0	
60	6	10	350752	[(25683,200),(25667,30)]	6	称号:不朽的屠龙者
60	5	5	355752	[(25683,250),(25667,40)]	6	称号:不朽的屠龙者
60	4	4	361752	[(25683,300),(25667,45)]	5	称号:不灭战神
60	3	3	368752	[(25683,350),(25667,50)]	5	称号:不灭战神
60	2	2	376752	[(25683,400),(25667,55)]	5	称号:不灭战神
60	1	1	391752	[(25683,500),(25667,60)]	1	称号:灭世主宰
61	1001	2000	352625	[(25683,50),(25667,6)]	0	
61	201	1000	353625	[(25683,75),(25667,6)]	0	
61	51	200	348752	[(25683,100),(25667,10)]	0	
61	21	50	349752	[(25683,125),(25667,10)]	0	
61	11	20	348753	[(25683,150),(25667,20)]	0	
61	6	10	350753	[(25683,200),(25667,30)]	6	称号:不朽的屠龙者
61	5	5	355753	[(25683,250),(25667,40)]	6	称号:不朽的屠龙者
61	4	4	361753	[(25683,300),(25667,45)]	5	称号:不灭战神
61	3	3	368753	[(25683,350),(25667,50)]	5	称号:不灭战神
61	2	2	376753	[(25683,400),(25667,55)]	5	称号:不灭战神
61	1	1	391753	[(25683,500),(25667,60)]	1	称号:灭世主宰
62	1001	2000	356500	[(25683,50),(25667,6)]	0	
62	201	1000	357500	[(25683,75),(25667,6)]	0	
62	51	200	348753	[(25683,100),(25667,10)]	0	
62	21	50	349753	[(25683,125),(25667,10)]	0	
62	11	20	348754	[(25683,150),(25667,20)]	0	
62	6	10	350754	[(25683,200),(25667,30)]	6	称号:不朽的屠龙者
62	5	5	355754	[(25683,250),(25667,40)]	6	称号:不朽的屠龙者
62	4	4	361754	[(25683,300),(25667,45)]	5	称号:不灭战神
62	3	3	368754	[(25683,350),(25667,50)]	5	称号:不灭战神
62	2	2	376754	[(25683,400),(25667,55)]	5	称号:不灭战神
62	1	1	391754	[(25683,500),(25667,60)]	1	称号:灭世主宰
63	1001	2000	360375	[(25683,50),(25667,6)]	0	
63	201	1000	361375	[(25683,75),(25667,6)]	0	
63	51	200	348754	[(25683,100),(25667,10)]	0	
63	21	50	349754	[(25683,125),(25667,10)]	0	
63	11	20	348755	[(25683,150),(25667,20)]	0	
63	6	10	350755	[(25683,200),(25667,30)]	6	称号:不朽的屠龙者
63	5	5	355755	[(25683,250),(25667,40)]	6	称号:不朽的屠龙者
63	4	4	361755	[(25683,300),(25667,45)]	5	称号:不灭战神
63	3	3	368755	[(25683,350),(25667,50)]	5	称号:不灭战神
63	2	2	376755	[(25683,400),(25667,55)]	5	称号:不灭战神
63	1	1	391755	[(25683,500),(25667,60)]	1	称号:灭世主宰
64	1001	2000	364250	[(25683,50),(25667,6)]	0	
64	201	1000	365250	[(25683,75),(25667,6)]	0	
64	51	200	348755	[(25683,100),(25667,10)]	0	
64	21	50	349755	[(25683,125),(25667,10)]	0	
64	11	20	348756	[(25683,150),(25667,20)]	0	
64	6	10	350756	[(25683,200),(25667,30)]	6	称号:不朽的屠龙者
64	5	5	355756	[(25683,250),(25667,40)]	6	称号:不朽的屠龙者
64	4	4	361756	[(25683,300),(25667,45)]	5	称号:不灭战神
64	3	3	368756	[(25683,350),(25667,50)]	5	称号:不灭战神
64	2	2	376756	[(25683,400),(25667,55)]	5	称号:不灭战神
64	1	1	391756	[(25683,500),(25667,60)]	1	称号:灭世主宰
65	1001	2000	368125	[(25683,50),(25667,6)]	0	
65	201	1000	369125	[(25683,75),(25667,6)]	0	
65	51	200	348756	[(25683,100),(25667,10)]	0	
65	21	50	349756	[(25683,125),(25667,10)]	0	
65	11	20	348757	[(25683,150),(25667,20)]	0	
65	6	10	350757	[(25683,200),(25667,30)]	6	称号:不朽的屠龙者
65	5	5	355757	[(25683,250),(25667,40)]	6	称号:不朽的屠龙者
65	4	4	361757	[(25683,300),(25667,45)]	5	称号:不灭战神
65	3	3	368757	[(25683,350),(25667,50)]	5	称号:不灭战神
65	2	2	376757	[(25683,400),(25667,55)]	5	称号:不灭战神
65	1	1	391757	[(25683,500),(25667,60)]	1	称号:灭世主宰
66	1001	2000	372000	[(25683,50),(25667,6)]	0	
66	201	1000	373000	[(25683,75),(25667,6)]	0	
66	51	200	348757	[(25683,100),(25667,10)]	0	
66	21	50	349757	[(25683,125),(25667,10)]	0	
66	11	20	348758	[(25683,150),(25667,20)]	0	
66	6	10	350758	[(25683,200),(25667,30)]	6	称号:不朽的屠龙者
66	5	5	355758	[(25683,250),(25667,40)]	6	称号:不朽的屠龙者
66	4	4	361758	[(25683,300),(25667,45)]	5	称号:不灭战神
66	3	3	368758	[(25683,350),(25667,50)]	5	称号:不灭战神
66	2	2	376758	[(25683,400),(25667,55)]	5	称号:不灭战神
66	1	1	391758	[(25683,500),(25667,60)]	1	称号:灭世主宰
67	1001	2000	375875	[(25683,50),(25667,6)]	0	
67	201	1000	376875	[(25683,75),(25667,6)]	0	
67	51	200	348758	[(25683,100),(25667,10)]	0	
67	21	50	349758	[(25683,125),(25667,10)]	0	
67	11	20	348759	[(25683,150),(25667,20)]	0	
67	6	10	350759	[(25683,200),(25667,30)]	6	称号:不朽的屠龙者
67	5	5	355759	[(25683,250),(25667,40)]	6	称号:不朽的屠龙者
67	4	4	361759	[(25683,300),(25667,45)]	5	称号:不灭战神
67	3	3	368759	[(25683,350),(25667,50)]	5	称号:不灭战神
67	2	2	376759	[(25683,400),(25667,55)]	5	称号:不灭战神
67	1	1	391759	[(25683,500),(25667,60)]	1	称号:灭世主宰
68	1001	2000	379750	[(25683,50),(25667,6)]	0	
68	201	1000	380750	[(25683,75),(25667,6)]	0	
68	51	200	348759	[(25683,100),(25667,10)]	0	
68	21	50	349759	[(25683,125),(25667,10)]	0	
68	11	20	348760	[(25683,150),(25667,20)]	0	
68	6	10	350760	[(25683,200),(25667,30)]	6	称号:不朽的屠龙者
68	5	5	355760	[(25683,250),(25667,40)]	6	称号:不朽的屠龙者
68	4	4	361760	[(25683,300),(25667,45)]	5	称号:不灭战神
68	3	3	368760	[(25683,350),(25667,50)]	5	称号:不灭战神
68	2	2	376760	[(25683,400),(25667,55)]	5	称号:不灭战神
68	1	1	391760	[(25683,500),(25667,60)]	1	称号:灭世主宰
69	1001	2000	383625	[(25683,50),(25667,6)]	0	
69	201	1000	384625	[(25683,75),(25667,6)]	0	
69	51	200	348760	[(25683,100),(25667,10)]	0	
69	21	50	349760	[(25683,125),(25667,10)]	0	
69	11	20	348761	[(25683,150),(25667,20)]	0	
69	6	10	350761	[(25683,200),(25667,30)]	6	称号:不朽的屠龙者
69	5	5	355761	[(25683,250),(25667,40)]	6	称号:不朽的屠龙者
69	4	4	361761	[(25683,300),(25667,45)]	5	称号:不灭战神
69	3	3	368761	[(25683,350),(25667,50)]	5	称号:不灭战神
69	2	2	376761	[(25683,400),(25667,55)]	5	称号:不灭战神
69	1	1	391761	[(25683,500),(25667,60)]	1	称号:灭世主宰
70	1001	2000	391375	[(25683,50),(25667,6)]	0	
70	201	1000	392375	[(25683,75),(25667,6)]	0	
70	51	200	348761	[(25683,100),(25667,10)]	0	
70	21	50	349761	[(25683,125),(25667,10)]	0	
70	11	20	348762	[(25683,150),(25667,20)]	0	
70	6	10	350762	[(25683,200),(25667,30)]	6	称号:不朽的屠龙者
70	5	5	355762	[(25683,250),(25667,40)]	6	称号:不朽的屠龙者
70	4	4	361762	[(25683,300),(25667,45)]	5	称号:不灭战神
70	3	3	368762	[(25683,350),(25667,50)]	5	称号:不灭战神
70	2	2	376762	[(25683,400),(25667,55)]	5	称号:不灭战神
70	1	1	391762	[(25683,500),(25667,60)]	1	称号:灭世主宰
71	1001	2000	395250	[(25683,50),(25667,6)]	0	
71	201	1000	396250	[(25683,75),(25667,6)]	0	
71	51	200	348762	[(25683,100),(25667,10)]	0	
71	21	50	349762	[(25683,125),(25667,10)]	0	
71	11	20	348763	[(25683,150),(25667,20)]	0	
71	6	10	350763	[(25683,200),(25667,30)]	6	称号:不朽的屠龙者
71	5	5	355763	[(25683,250),(25667,40)]	6	称号:不朽的屠龙者
71	4	4	361763	[(25683,300),(25667,45)]	5	称号:不灭战神
71	3	3	368763	[(25683,350),(25667,50)]	5	称号:不灭战神
71	2	2	376763	[(25683,400),(25667,55)]	5	称号:不灭战神
71	1	1	391763	[(25683,500),(25667,60)]	1	称号:灭世主宰
72	1001	2000	399125	[(25683,50),(25667,6)]	0	
72	201	1000	400125	[(25683,75),(25667,6)]	0	
72	51	200	348763	[(25683,100),(25667,10)]	0	
72	21	50	349763	[(25683,125),(25667,10)]	0	
72	11	20	348764	[(25683,150),(25667,20)]	0	
72	6	10	350764	[(25683,200),(25667,30)]	6	称号:不朽的屠龙者
72	5	5	355764	[(25683,250),(25667,40)]	6	称号:不朽的屠龙者
72	4	4	361764	[(25683,300),(25667,45)]	5	称号:不灭战神
72	3	3	368764	[(25683,350),(25667,50)]	5	称号:不灭战神
72	2	2	376764	[(25683,400),(25667,55)]	5	称号:不灭战神
72	1	1	391764	[(25683,500),(25667,60)]	1	称号:灭世主宰
73	1001	2000	403000	[(25683,50),(25667,6)]	0	
73	201	1000	404000	[(25683,75),(25667,6)]	0	
73	51	200	348764	[(25683,100),(25667,10)]	0	
73	21	50	349764	[(25683,125),(25667,10)]	0	
73	11	20	348765	[(25683,150),(25667,20)]	0	
73	6	10	350765	[(25683,200),(25667,30)]	6	称号:不朽的屠龙者
73	5	5	355765	[(25683,250),(25667,40)]	6	称号:不朽的屠龙者
73	4	4	361765	[(25683,300),(25667,45)]	5	称号:不灭战神
73	3	3	368765	[(25683,350),(25667,50)]	5	称号:不灭战神
73	2	2	376765	[(25683,400),(25667,55)]	5	称号:不灭战神
73	1	1	391765	[(25683,500),(25667,60)]	1	称号:灭世主宰
74	1001	2000	406875	[(25683,50),(25667,6)]	0	
74	201	1000	407875	[(25683,75),(25667,6)]	0	
74	51	200	348765	[(25683,100),(25667,10)]	0	
74	21	50	349765	[(25683,125),(25667,10)]	0	
74	11	20	348766	[(25683,150),(25667,20)]	0	
74	6	10	350766	[(25683,200),(25667,30)]	6	称号:不朽的屠龙者
74	5	5	355766	[(25683,250),(25667,40)]	6	称号:不朽的屠龙者
74	4	4	361766	[(25683,300),(25667,45)]	5	称号:不灭战神
74	3	3	368766	[(25683,350),(25667,50)]	5	称号:不灭战神
74	2	2	376766	[(25683,400),(25667,55)]	5	称号:不灭战神
74	1	1	391766	[(25683,500),(25667,60)]	1	称号:灭世主宰
75	1001	2000	410750	[(25683,50),(25667,6)]	0	
75	201	1000	411750	[(25683,75),(25667,6)]	0	
75	51	200	348766	[(25683,100),(25667,10)]	0	
75	21	50	349766	[(25683,125),(25667,10)]	0	
75	11	20	348767	[(25683,150),(25667,20)]	0	
75	6	10	350767	[(25683,200),(25667,30)]	6	称号:不朽的屠龙者
75	5	5	355767	[(25683,250),(25667,40)]	6	称号:不朽的屠龙者
75	4	4	361767	[(25683,300),(25667,45)]	5	称号:不灭战神
75	3	3	368767	[(25683,350),(25667,50)]	5	称号:不灭战神
75	2	2	376767	[(25683,400),(25667,55)]	5	称号:不灭战神
75	1	1	391767	[(25683,500),(25667,60)]	1	称号:灭世主宰
76	1001	2000	414625	[(25683,50),(25667,6)]	0	
76	201	1000	415625	[(25683,75),(25667,6)]	0	
76	51	200	348767	[(25683,100),(25667,10)]	0	
76	21	50	349767	[(25683,125),(25667,10)]	0	
76	11	20	348768	[(25683,150),(25667,20)]	0	
76	6	10	350768	[(25683,200),(25667,30)]	6	称号:不朽的屠龙者
76	5	5	355768	[(25683,250),(25667,40)]	6	称号:不朽的屠龙者
76	4	4	361768	[(25683,300),(25667,45)]	5	称号:不灭战神
76	3	3	368768	[(25683,350),(25667,50)]	5	称号:不灭战神
76	2	2	376768	[(25683,400),(25667,55)]	5	称号:不灭战神
76	1	1	391768	[(25683,500),(25667,60)]	1	称号:灭世主宰
77	1001	2000	418500	[(25683,50),(25667,6)]	0	
77	201	1000	419500	[(25683,75),(25667,6)]	0	
77	51	200	348768	[(25683,100),(25667,10)]	0	
77	21	50	349768	[(25683,125),(25667,10)]	0	
77	11	20	348769	[(25683,150),(25667,20)]	0	
77	6	10	350769	[(25683,200),(25667,30)]	6	称号:不朽的屠龙者
77	5	5	355769	[(25683,250),(25667,40)]	6	称号:不朽的屠龙者
77	4	4	361769	[(25683,300),(25667,45)]	5	称号:不灭战神
77	3	3	368769	[(25683,350),(25667,50)]	5	称号:不灭战神
77	2	2	376769	[(25683,400),(25667,55)]	5	称号:不灭战神
77	1	1	391769	[(25683,500),(25667,60)]	1	称号:灭世主宰
78	1001	2000	422375	[(25683,50),(25667,6)]	0	
78	201	1000	423375	[(25683,75),(25667,6)]	0	
78	51	200	348769	[(25683,100),(25667,10)]	0	
78	21	50	349769	[(25683,125),(25667,10)]	0	
78	11	20	348770	[(25683,150),(25667,20)]	0	
78	6	10	350770	[(25683,200),(25667,30)]	6	称号:不朽的屠龙者
78	5	5	355770	[(25683,250),(25667,40)]	6	称号:不朽的屠龙者
78	4	4	361770	[(25683,300),(25667,45)]	5	称号:不灭战神
78	3	3	368770	[(25683,350),(25667,50)]	5	称号:不灭战神
78	2	2	376770	[(25683,400),(25667,55)]	5	称号:不灭战神
78	1	1	391770	[(25683,500),(25667,60)]	1	称号:灭世主宰
79	1001	2000	426250	[(25683,50),(25667,6)]	0	
79	201	1000	427250	[(25683,75),(25667,6)]	0	
79	51	200	348770	[(25683,100),(25667,10)]	0	
79	21	50	349770	[(25683,125),(25667,10)]	0	
79	11	20	348771	[(25683,150),(25667,20)]	0	
79	6	10	350771	[(25683,200),(25667,30)]	6	称号:不朽的屠龙者
79	5	5	355771	[(25683,250),(25667,40)]	6	称号:不朽的屠龙者
79	4	4	361771	[(25683,300),(25667,45)]	5	称号:不灭战神
79	3	3	368771	[(25683,350),(25667,50)]	5	称号:不灭战神
79	2	2	376771	[(25683,400),(25667,55)]	5	称号:不灭战神
79	1	1	391771	[(25683,500),(25667,60)]	1	称号:灭世主宰
80	1001	2000	430500	[(25684,50),(25668,6)]	0	
80	201	1000	431500	[(25684,75),(25668,6)]	0	
80	51	200	432500	[(25684,100),(25668,10)]	0	
80	21	50	434500	[(25684,125),(25668,10)]	0	
80	11	20	436500	[(25684,150),(25668,20)]	0	
80	6	10	438500	[(25684,200),(25668,30)]	6	称号:不朽的屠龙者
80	5	5	442500	[(25684,250),(25668,40)]	6	称号:不朽的屠龙者
80	4	4	447500	[(25684,300),(25668,45)]	5	称号:不灭战神
80	3	3	453500	[(25684,350),(25668,50)]	5	称号:不灭战神
80	2	2	460500	[(25684,400),(25668,55)]	5	称号:不灭战神
80	1	1	470500	[(25684,500),(25668,60)]	1	称号:灭世主宰
81	1001	2000	448950	[(25684,50),(25668,6)]	0	
81	201	1000	449950	[(25684,75),(25668,6)]	0	
81	51	200	450950	[(25684,100),(25668,10)]	0	
81	21	50	452950	[(25684,125),(25668,10)]	0	
81	11	20	454950	[(25684,150),(25668,20)]	0	
81	6	10	456950	[(25684,200),(25668,30)]	6	称号:不朽的屠龙者
81	5	5	460950	[(25684,250),(25668,40)]	6	称号:不朽的屠龙者
81	4	4	465950	[(25684,300),(25668,45)]	5	称号:不灭战神
81	3	3	471950	[(25684,350),(25668,50)]	5	称号:不灭战神
81	2	2	478950	[(25684,400),(25668,55)]	5	称号:不灭战神
81	1	1	488950	[(25684,500),(25668,60)]	1	称号:灭世主宰
82	1001	2000	467400	[(25684,50),(25668,6)]	0	
82	201	1000	468400	[(25684,75),(25668,6)]	0	
82	51	200	469400	[(25684,100),(25668,10)]	0	
82	21	50	471400	[(25684,125),(25668,10)]	0	
82	11	20	473400	[(25684,150),(25668,20)]	0	
82	6	10	475400	[(25684,200),(25668,30)]	6	称号:不朽的屠龙者
82	5	5	479400	[(25684,250),(25668,40)]	6	称号:不朽的屠龙者
82	4	4	484400	[(25684,300),(25668,45)]	5	称号:不灭战神
82	3	3	490400	[(25684,350),(25668,50)]	5	称号:不灭战神
82	2	2	497400	[(25684,400),(25668,55)]	5	称号:不灭战神
82	1	1	507400	[(25684,500),(25668,60)]	1	称号:灭世主宰
83	1001	2000	485850	[(25684,50),(25668,6)]	0	
83	201	1000	486850	[(25684,75),(25668,6)]	0	
83	51	200	487850	[(25684,100),(25668,10)]	0	
83	21	50	489850	[(25684,125),(25668,10)]	0	
83	11	20	491850	[(25684,150),(25668,20)]	0	
83	6	10	493850	[(25684,200),(25668,30)]	6	称号:不朽的屠龙者
83	5	5	497850	[(25684,250),(25668,40)]	6	称号:不朽的屠龙者
83	4	4	502850	[(25684,300),(25668,45)]	5	称号:不灭战神
83	3	3	508850	[(25684,350),(25668,50)]	5	称号:不灭战神
83	2	2	515850	[(25684,400),(25668,55)]	5	称号:不灭战神
83	1	1	525850	[(25684,500),(25668,60)]	1	称号:灭世主宰
84	1001	2000	504300	[(25684,50),(25668,6)]	0	
84	201	1000	505300	[(25684,75),(25668,6)]	0	
84	51	200	506300	[(25684,100),(25668,10)]	0	
84	21	50	508300	[(25684,125),(25668,10)]	0	
84	11	20	510300	[(25684,150),(25668,20)]	0	
84	6	10	512300	[(25684,200),(25668,30)]	6	称号:不朽的屠龙者
84	5	5	516300	[(25684,250),(25668,40)]	6	称号:不朽的屠龙者
84	4	4	521300	[(25684,300),(25668,45)]	5	称号:不灭战神
84	3	3	527300	[(25684,350),(25668,50)]	5	称号:不灭战神
84	2	2	534300	[(25684,400),(25668,55)]	5	称号:不灭战神
84	1	1	544300	[(25684,500),(25668,60)]	1	称号:灭世主宰
85	1001	2000	522750	[(25684,50),(25668,6)]	0	
85	201	1000	523750	[(25684,75),(25668,6)]	0	
85	51	200	524750	[(25684,100),(25668,10)]	0	
85	21	50	526750	[(25684,125),(25668,10)]	0	
85	11	20	528750	[(25684,150),(25668,20)]	0	
85	6	10	530750	[(25684,200),(25668,30)]	6	称号:不朽的屠龙者
85	5	5	534750	[(25684,250),(25668,40)]	6	称号:不朽的屠龙者
85	4	4	539750	[(25684,300),(25668,45)]	5	称号:不灭战神
85	3	3	545750	[(25684,350),(25668,50)]	5	称号:不灭战神
85	2	2	552750	[(25684,400),(25668,55)]	5	称号:不灭战神
85	1	1	562750	[(25684,500),(25668,60)]	1	称号:灭世主宰
86	1001	2000	541200	[(25684,50),(25668,6)]	0	
86	201	1000	542200	[(25684,75),(25668,6)]	0	
86	51	200	543200	[(25684,100),(25668,10)]	0	
86	21	50	545200	[(25684,125),(25668,10)]	0	
86	11	20	547200	[(25684,150),(25668,20)]	0	
86	6	10	549200	[(25684,200),(25668,30)]	6	称号:不朽的屠龙者
86	5	5	553200	[(25684,250),(25668,40)]	6	称号:不朽的屠龙者
86	4	4	558200	[(25684,300),(25668,45)]	5	称号:不灭战神
86	3	3	564200	[(25684,350),(25668,50)]	5	称号:不灭战神
86	2	2	571200	[(25684,400),(25668,55)]	5	称号:不灭战神
86	1	1	581200	[(25684,500),(25668,60)]	1	称号:灭世主宰
87	1001	2000	559650	[(25684,50),(25668,6)]	0	
87	201	1000	560650	[(25684,75),(25668,6)]	0	
87	51	200	561650	[(25684,100),(25668,10)]	0	
87	21	50	563650	[(25684,125),(25668,10)]	0	
87	11	20	565650	[(25684,150),(25668,20)]	0	
87	6	10	567650	[(25684,200),(25668,30)]	6	称号:不朽的屠龙者
87	5	5	571650	[(25684,250),(25668,40)]	6	称号:不朽的屠龙者
87	4	4	576650	[(25684,300),(25668,45)]	5	称号:不灭战神
87	3	3	582650	[(25684,350),(25668,50)]	5	称号:不灭战神
87	2	2	589650	[(25684,400),(25668,55)]	5	称号:不灭战神
87	1	1	599650	[(25684,500),(25668,60)]	1	称号:灭世主宰
88	1001	2000	578100	[(25684,50),(25668,6)]	0	
88	201	1000	579100	[(25684,75),(25668,6)]	0	
88	51	200	580100	[(25684,100),(25668,10)]	0	
88	21	50	582100	[(25684,125),(25668,10)]	0	
88	11	20	584100	[(25684,150),(25668,20)]	0	
88	6	10	586100	[(25684,200),(25668,30)]	6	称号:不朽的屠龙者
88	5	5	590100	[(25684,250),(25668,40)]	6	称号:不朽的屠龙者
88	4	4	595100	[(25684,300),(25668,45)]	5	称号:不灭战神
88	3	3	601100	[(25684,350),(25668,50)]	5	称号:不灭战神
88	2	2	608100	[(25684,400),(25668,55)]	5	称号:不灭战神
88	1	1	618100	[(25684,500),(25668,60)]	1	称号:灭世主宰
89	1001	2000	596550	[(25684,50),(25668,6)]	0	
89	201	1000	597550	[(25684,75),(25668,6)]	0	
89	51	200	598550	[(25684,100),(25668,10)]	0	
89	21	50	600550	[(25684,125),(25668,10)]	0	
89	11	20	602550	[(25684,150),(25668,20)]	0	
89	6	10	604550	[(25684,200),(25668,30)]	6	称号:不朽的屠龙者
89	5	5	608550	[(25684,250),(25668,40)]	6	称号:不朽的屠龙者
89	4	4	613550	[(25684,300),(25668,45)]	5	称号:不灭战神
89	3	3	619550	[(25684,350),(25668,50)]	5	称号:不灭战神
89	2	2	626550	[(25684,400),(25668,55)]	5	称号:不灭战神
89	1	1	636550	[(25684,500),(25668,60)]	1	称号:灭世主宰
90	1001	2000	633450	[(25684,50),(25668,6)]	0	
90	201	1000	634450	[(25684,75),(25668,6)]	0	
90	51	200	635450	[(25684,100),(25668,10)]	0	
90	21	50	637450	[(25684,125),(25668,10)]	0	
90	11	20	639450	[(25684,150),(25668,20)]	0	
90	6	10	641450	[(25684,200),(25668,30)]	6	称号:不朽的屠龙者
90	5	5	645450	[(25684,250),(25668,40)]	6	称号:不朽的屠龙者
90	4	4	650450	[(25684,300),(25668,45)]	5	称号:不灭战神
90	3	3	656450	[(25684,350),(25668,50)]	5	称号:不灭战神
90	2	2	663450	[(25684,400),(25668,55)]	5	称号:不灭战神
90	1	1	673450	[(25684,500),(25668,60)]	1	称号:灭世主宰
91	1001	2000	651900	[(25684,50),(25668,6)]	0	
91	201	1000	652900	[(25684,75),(25668,6)]	0	
91	51	200	653900	[(25684,100),(25668,10)]	0	
91	21	50	655900	[(25684,125),(25668,10)]	0	
91	11	20	657900	[(25684,150),(25668,20)]	0	
91	6	10	659900	[(25684,200),(25668,30)]	6	称号:不朽的屠龙者
91	5	5	663900	[(25684,250),(25668,40)]	6	称号:不朽的屠龙者
91	4	4	668900	[(25684,300),(25668,45)]	5	称号:不灭战神
91	3	3	674900	[(25684,350),(25668,50)]	5	称号:不灭战神
91	2	2	681900	[(25684,400),(25668,55)]	5	称号:不灭战神
91	1	1	691900	[(25684,500),(25668,60)]	1	称号:灭世主宰
92	1001	2000	670350	[(25684,50),(25668,6)]	0	
92	201	1000	671350	[(25684,75),(25668,6)]	0	
92	51	200	672350	[(25684,100),(25668,10)]	0	
92	21	50	674350	[(25684,125),(25668,10)]	0	
92	11	20	676350	[(25684,150),(25668,20)]	0	
92	6	10	678350	[(25684,200),(25668,30)]	6	称号:不朽的屠龙者
92	5	5	682350	[(25684,250),(25668,40)]	6	称号:不朽的屠龙者
92	4	4	687350	[(25684,300),(25668,45)]	5	称号:不灭战神
92	3	3	693350	[(25684,350),(25668,50)]	5	称号:不灭战神
92	2	2	700350	[(25684,400),(25668,55)]	5	称号:不灭战神
92	1	1	710350	[(25684,500),(25668,60)]	1	称号:灭世主宰
93	1001	2000	688800	[(25684,50),(25668,6)]	0	
93	201	1000	689800	[(25684,75),(25668,6)]	0	
93	51	200	690800	[(25684,100),(25668,10)]	0	
93	21	50	692800	[(25684,125),(25668,10)]	0	
93	11	20	694800	[(25684,150),(25668,20)]	0	
93	6	10	696800	[(25684,200),(25668,30)]	6	称号:不朽的屠龙者
93	5	5	700800	[(25684,250),(25668,40)]	6	称号:不朽的屠龙者
93	4	4	705800	[(25684,300),(25668,45)]	5	称号:不灭战神
93	3	3	711800	[(25684,350),(25668,50)]	5	称号:不灭战神
93	2	2	718800	[(25684,400),(25668,55)]	5	称号:不灭战神
93	1	1	728800	[(25684,500),(25668,60)]	1	称号:灭世主宰
94	1001	2000	707250	[(25684,50),(25668,6)]	0	
94	201	1000	708250	[(25684,75),(25668,6)]	0	
94	51	200	709250	[(25684,100),(25668,10)]	0	
94	21	50	711250	[(25684,125),(25668,10)]	0	
94	11	20	713250	[(25684,150),(25668,20)]	0	
94	6	10	715250	[(25684,200),(25668,30)]	6	称号:不朽的屠龙者
94	5	5	719250	[(25684,250),(25668,40)]	6	称号:不朽的屠龙者
94	4	4	724250	[(25684,300),(25668,45)]	5	称号:不灭战神
94	3	3	730250	[(25684,350),(25668,50)]	5	称号:不灭战神
94	2	2	737250	[(25684,400),(25668,55)]	5	称号:不灭战神
94	1	1	747250	[(25684,500),(25668,60)]	1	称号:灭世主宰
95	1001	2000	725700	[(25684,50),(25668,6)]	0	
95	201	1000	726700	[(25684,75),(25668,6)]	0	
95	51	200	727700	[(25684,100),(25668,10)]	0	
95	21	50	729700	[(25684,125),(25668,10)]	0	
95	11	20	731700	[(25684,150),(25668,20)]	0	
95	6	10	733700	[(25684,200),(25668,30)]	6	称号:不朽的屠龙者
95	5	5	737700	[(25684,250),(25668,40)]	6	称号:不朽的屠龙者
95	4	4	742700	[(25684,300),(25668,45)]	5	称号:不灭战神
95	3	3	748700	[(25684,350),(25668,50)]	5	称号:不灭战神
95	2	2	755700	[(25684,400),(25668,55)]	5	称号:不灭战神
95	1	1	765700	[(25684,500),(25668,60)]	1	称号:灭世主宰
96	1001	2000	744150	[(25684,50),(25668,6)]	0	
96	201	1000	745150	[(25684,75),(25668,6)]	0	
96	51	200	746150	[(25684,100),(25668,10)]	0	
96	21	50	748150	[(25684,125),(25668,10)]	0	
96	11	20	750150	[(25684,150),(25668,20)]	0	
96	6	10	752150	[(25684,200),(25668,30)]	6	称号:不朽的屠龙者
96	5	5	756150	[(25684,250),(25668,40)]	6	称号:不朽的屠龙者
96	4	4	761150	[(25684,300),(25668,45)]	5	称号:不灭战神
96	3	3	767150	[(25684,350),(25668,50)]	5	称号:不灭战神
96	2	2	774150	[(25684,400),(25668,55)]	5	称号:不灭战神
96	1	1	784150	[(25684,500),(25668,60)]	1	称号:灭世主宰
97	1001	2000	762600	[(25684,50),(25668,6)]	0	
97	201	1000	763600	[(25684,75),(25668,6)]	0	
97	51	200	764600	[(25684,100),(25668,10)]	0	
97	21	50	766600	[(25684,125),(25668,10)]	0	
97	11	20	768600	[(25684,150),(25668,20)]	0	
97	6	10	770600	[(25684,200),(25668,30)]	6	称号:不朽的屠龙者
97	5	5	774600	[(25684,250),(25668,40)]	6	称号:不朽的屠龙者
97	4	4	779600	[(25684,300),(25668,45)]	5	称号:不灭战神
97	3	3	785600	[(25684,350),(25668,50)]	5	称号:不灭战神
97	2	2	792600	[(25684,400),(25668,55)]	5	称号:不灭战神
97	1	1	802600	[(25684,500),(25668,60)]	1	称号:灭世主宰
98	1001	2000	781050	[(25684,50),(25668,6)]	0	
98	201	1000	782050	[(25684,75),(25668,6)]	0	
98	51	200	783050	[(25684,100),(25668,10)]	0	
98	21	50	785050	[(25684,125),(25668,10)]	0	
98	11	20	787050	[(25684,150),(25668,20)]	0	
98	6	10	789050	[(25684,200),(25668,30)]	6	称号:不朽的屠龙者
98	5	5	793050	[(25684,250),(25668,40)]	6	称号:不朽的屠龙者
98	4	4	798050	[(25684,300),(25668,45)]	5	称号:不灭战神
98	3	3	804050	[(25684,350),(25668,50)]	5	称号:不灭战神
98	2	2	811050	[(25684,400),(25668,55)]	5	称号:不灭战神
98	1	1	821050	[(25684,500),(25668,60)]	1	称号:灭世主宰
99	1001	2000	799500	[(25684,50),(25668,6)]	0	
99	201	1000	800500	[(25684,75),(25668,6)]	0	
99	51	200	801500	[(25684,100),(25668,10)]	0	
99	21	50	803500	[(25684,125),(25668,10)]	0	
99	11	20	805500	[(25684,150),(25668,20)]	0	
99	6	10	807500	[(25684,200),(25668,30)]	6	称号:不朽的屠龙者
99	5	5	811500	[(25684,250),(25668,40)]	6	称号:不朽的屠龙者
99	4	4	816500	[(25684,300),(25668,45)]	5	称号:不灭战神
99	3	3	822500	[(25684,350),(25668,50)]	5	称号:不灭战神
99	2	2	829500	[(25684,400),(25668,55)]	5	称号:不灭战神
99	1	1	839500	[(25684,500),(25668,60)]	1	称号:灭世主宰
100	1001	2000	861000	[(25685,50),(25669,6)]	0	
100	201	1000	862000	[(25685,75),(25669,6)]	0	
100	51	200	861000	[(25685,100),(25669,10)]	0	
100	21	50	862000	[(25685,125),(25669,10)]	0	
100	11	20	861000	[(25685,150),(25669,20)]	0	
100	6	10	863000	[(25685,200),(25669,30)]	6	称号:不朽的屠龙者
100	5	5	868000	[(25685,250),(25669,40)]	6	称号:不朽的屠龙者
100	4	4	874000	[(25685,300),(25669,45)]	5	称号:不灭战神
100	3	3	881000	[(25685,350),(25669,50)]	5	称号:不灭战神
100	2	2	889000	[(25685,400),(25669,55)]	5	称号:不灭战神
100	1	1	904000	[(25685,500),(25669,60)]	1	称号:灭世主宰
101	1001	2000	897900	[(25685,50),(25669,6)]	0	
101	201	1000	898900	[(25685,75),(25669,6)]	0	
101	51	200	897900	[(25685,100),(25669,10)]	0	
101	21	50	898900	[(25685,125),(25669,10)]	0	
101	11	20	897900	[(25685,150),(25669,20)]	0	
101	6	10	899900	[(25685,200),(25669,30)]	6	称号:不朽的屠龙者
101	5	5	904900	[(25685,250),(25669,40)]	6	称号:不朽的屠龙者
101	4	4	910900	[(25685,300),(25669,45)]	5	称号:不灭战神
101	3	3	917900	[(25685,350),(25669,50)]	5	称号:不灭战神
101	2	2	925900	[(25685,400),(25669,55)]	5	称号:不灭战神
101	1	1	940900	[(25685,500),(25669,60)]	1	称号:灭世主宰
102	1001	2000	934800	[(25685,50),(25669,6)]	0	
102	201	1000	935800	[(25685,75),(25669,6)]	0	
102	51	200	934800	[(25685,100),(25669,10)]	0	
102	21	50	935800	[(25685,125),(25669,10)]	0	
102	11	20	934800	[(25685,150),(25669,20)]	0	
102	6	10	936800	[(25685,200),(25669,30)]	6	称号:不朽的屠龙者
102	5	5	941800	[(25685,250),(25669,40)]	6	称号:不朽的屠龙者
102	4	4	947800	[(25685,300),(25669,45)]	5	称号:不灭战神
102	3	3	954800	[(25685,350),(25669,50)]	5	称号:不灭战神
102	2	2	962800	[(25685,400),(25669,55)]	5	称号:不灭战神
102	1	1	977800	[(25685,500),(25669,60)]	1	称号:灭世主宰
103	1001	2000	971700	[(25685,50),(25669,6)]	0	
103	201	1000	972700	[(25685,75),(25669,6)]	0	
103	51	200	971700	[(25685,100),(25669,10)]	0	
103	21	50	972700	[(25685,125),(25669,10)]	0	
103	11	20	971700	[(25685,150),(25669,20)]	0	
103	6	10	973700	[(25685,200),(25669,30)]	6	称号:不朽的屠龙者
103	5	5	978700	[(25685,250),(25669,40)]	6	称号:不朽的屠龙者
103	4	4	984700	[(25685,300),(25669,45)]	5	称号:不灭战神
103	3	3	991700	[(25685,350),(25669,50)]	5	称号:不灭战神
103	2	2	999700	[(25685,400),(25669,55)]	5	称号:不灭战神
103	1	1	1014700	[(25685,500),(25669,60)]	1	称号:灭世主宰
104	1001	2000	1008600	[(25685,50),(25669,6)]	0	
104	201	1000	1009600	[(25685,75),(25669,6)]	0	
104	51	200	1008600	[(25685,100),(25669,10)]	0	
104	21	50	1009600	[(25685,125),(25669,10)]	0	
104	11	20	1008600	[(25685,150),(25669,20)]	0	
104	6	10	1010600	[(25685,200),(25669,30)]	6	称号:不朽的屠龙者
104	5	5	1015600	[(25685,250),(25669,40)]	6	称号:不朽的屠龙者
104	4	4	1021600	[(25685,300),(25669,45)]	5	称号:不灭战神
104	3	3	1028600	[(25685,350),(25669,50)]	5	称号:不灭战神
104	2	2	1036600	[(25685,400),(25669,55)]	5	称号:不灭战神
104	1	1	1051600	[(25685,500),(25669,60)]	1	称号:灭世主宰
105	1001	2000	1045500	[(25685,50),(25669,6)]	0	
105	201	1000	1046500	[(25685,75),(25669,6)]	0	
105	51	200	1045500	[(25685,100),(25669,10)]	0	
105	21	50	1046500	[(25685,125),(25669,10)]	0	
105	11	20	1045500	[(25685,150),(25669,20)]	0	
105	6	10	1047500	[(25685,200),(25669,30)]	6	称号:不朽的屠龙者
105	5	5	1052500	[(25685,250),(25669,40)]	6	称号:不朽的屠龙者
105	4	4	1058500	[(25685,300),(25669,45)]	5	称号:不灭战神
105	3	3	1065500	[(25685,350),(25669,50)]	5	称号:不灭战神
105	2	2	1073500	[(25685,400),(25669,55)]	5	称号:不灭战神
105	1	1	1088500	[(25685,500),(25669,60)]	1	称号:灭世主宰
106	1001	2000	1082400	[(25685,50),(25669,6)]	0	
106	201	1000	1083400	[(25685,75),(25669,6)]	0	
106	51	200	1082400	[(25685,100),(25669,10)]	0	
106	21	50	1083400	[(25685,125),(25669,10)]	0	
106	11	20	1082400	[(25685,150),(25669,20)]	0	
106	6	10	1084400	[(25685,200),(25669,30)]	6	称号:不朽的屠龙者
106	5	5	1089400	[(25685,250),(25669,40)]	6	称号:不朽的屠龙者
106	4	4	1095400	[(25685,300),(25669,45)]	5	称号:不灭战神
106	3	3	1102400	[(25685,350),(25669,50)]	5	称号:不灭战神
106	2	2	1110400	[(25685,400),(25669,55)]	5	称号:不灭战神
106	1	1	1125400	[(25685,500),(25669,60)]	1	称号:灭世主宰
107	1001	2000	1119300	[(25685,50),(25669,6)]	0	
107	201	1000	1120300	[(25685,75),(25669,6)]	0	
107	51	200	1119300	[(25685,100),(25669,10)]	0	
107	21	50	1120300	[(25685,125),(25669,10)]	0	
107	11	20	1119300	[(25685,150),(25669,20)]	0	
107	6	10	1121300	[(25685,200),(25669,30)]	6	称号:不朽的屠龙者
107	5	5	1126300	[(25685,250),(25669,40)]	6	称号:不朽的屠龙者
107	4	4	1132300	[(25685,300),(25669,45)]	5	称号:不灭战神
107	3	3	1139300	[(25685,350),(25669,50)]	5	称号:不灭战神
107	2	2	1147300	[(25685,400),(25669,55)]	5	称号:不灭战神
107	1	1	1162300	[(25685,500),(25669,60)]	1	称号:灭世主宰
108	1001	2000	1156200	[(25685,50),(25669,6)]	0	
108	201	1000	1157200	[(25685,75),(25669,6)]	0	
108	51	200	1156200	[(25685,100),(25669,10)]	0	
108	21	50	1157200	[(25685,125),(25669,10)]	0	
108	11	20	1156200	[(25685,150),(25669,20)]	0	
108	6	10	1158200	[(25685,200),(25669,30)]	6	称号:不朽的屠龙者
108	5	5	1163200	[(25685,250),(25669,40)]	6	称号:不朽的屠龙者
108	4	4	1169200	[(25685,300),(25669,45)]	5	称号:不灭战神
108	3	3	1176200	[(25685,350),(25669,50)]	5	称号:不灭战神
108	2	2	1184200	[(25685,400),(25669,55)]	5	称号:不灭战神
108	1	1	1199200	[(25685,500),(25669,60)]	1	称号:灭世主宰
109	1001	2000	1193100	[(25685,50),(25669,6)]	0	
109	201	1000	1194100	[(25685,75),(25669,6)]	0	
109	51	200	1193100	[(25685,100),(25669,10)]	0	
109	21	50	1194100	[(25685,125),(25669,10)]	0	
109	11	20	1193100	[(25685,150),(25669,20)]	0	
109	6	10	1195100	[(25685,200),(25669,30)]	6	称号:不朽的屠龙者
109	5	5	1200100	[(25685,250),(25669,40)]	6	称号:不朽的屠龙者
109	4	4	1206100	[(25685,300),(25669,45)]	5	称号:不灭战神
109	3	3	1213100	[(25685,350),(25669,50)]	5	称号:不灭战神
109	2	2	1221100	[(25685,400),(25669,55)]	5	称号:不灭战神
109	1	1	1236100	[(25685,500),(25669,60)]	1	称号:灭世主宰
110	1001	2000	1266900	[(25685,50),(25669,6)]	0	
110	201	1000	1267900	[(25685,75),(25669,6)]	0	
110	51	200	1266900	[(25685,100),(25669,10)]	0	
110	21	50	1267900	[(25685,125),(25669,10)]	0	
110	11	20	1266900	[(25685,150),(25669,20)]	0	
110	6	10	1268900	[(25685,200),(25669,30)]	6	称号:不朽的屠龙者
110	5	5	1273900	[(25685,250),(25669,40)]	6	称号:不朽的屠龙者
110	4	4	1279900	[(25685,300),(25669,45)]	5	称号:不灭战神
110	3	3	1286900	[(25685,350),(25669,50)]	5	称号:不灭战神
110	2	2	1294900	[(25685,400),(25669,55)]	5	称号:不灭战神
110	1	1	1309900	[(25685,500),(25669,60)]	1	称号:灭世主宰
111	1001	2000	1303800	[(25685,50),(25669,6)]	0	
111	201	1000	1304800	[(25685,75),(25669,6)]	0	
111	51	200	1303800	[(25685,100),(25669,10)]	0	
111	21	50	1304800	[(25685,125),(25669,10)]	0	
111	11	20	1303800	[(25685,150),(25669,20)]	0	
111	6	10	1305800	[(25685,200),(25669,30)]	6	称号:不朽的屠龙者
111	5	5	1310800	[(25685,250),(25669,40)]	6	称号:不朽的屠龙者
111	4	4	1316800	[(25685,300),(25669,45)]	5	称号:不灭战神
111	3	3	1323800	[(25685,350),(25669,50)]	5	称号:不灭战神
111	2	2	1331800	[(25685,400),(25669,55)]	5	称号:不灭战神
111	1	1	1346800	[(25685,500),(25669,60)]	1	称号:灭世主宰
112	1001	2000	1340700	[(25685,50),(25669,6)]	0	
112	201	1000	1341700	[(25685,75),(25669,6)]	0	
112	51	200	1340700	[(25685,100),(25669,10)]	0	
112	21	50	1341700	[(25685,125),(25669,10)]	0	
112	11	20	1340700	[(25685,150),(25669,20)]	0	
112	6	10	1342700	[(25685,200),(25669,30)]	6	称号:不朽的屠龙者
112	5	5	1347700	[(25685,250),(25669,40)]	6	称号:不朽的屠龙者
112	4	4	1353700	[(25685,300),(25669,45)]	5	称号:不灭战神
112	3	3	1360700	[(25685,350),(25669,50)]	5	称号:不灭战神
112	2	2	1368700	[(25685,400),(25669,55)]	5	称号:不灭战神
112	1	1	1383700	[(25685,500),(25669,60)]	1	称号:灭世主宰
113	1001	2000	1377600	[(25685,50),(25669,6)]	0	
113	201	1000	1378600	[(25685,75),(25669,6)]	0	
113	51	200	1377600	[(25685,100),(25669,10)]	0	
113	21	50	1378600	[(25685,125),(25669,10)]	0	
113	11	20	1377600	[(25685,150),(25669,20)]	0	
113	6	10	1379600	[(25685,200),(25669,30)]	6	称号:不朽的屠龙者
113	5	5	1384600	[(25685,250),(25669,40)]	6	称号:不朽的屠龙者
113	4	4	1390600	[(25685,300),(25669,45)]	5	称号:不灭战神
113	3	3	1397600	[(25685,350),(25669,50)]	5	称号:不灭战神
113	2	2	1405600	[(25685,400),(25669,55)]	5	称号:不灭战神
113	1	1	1420600	[(25685,500),(25669,60)]	1	称号:灭世主宰
114	1001	2000	1414500	[(25685,50),(25669,6)]	0	
114	201	1000	1415500	[(25685,75),(25669,6)]	0	
114	51	200	1414500	[(25685,100),(25669,10)]	0	
114	21	50	1415500	[(25685,125),(25669,10)]	0	
114	11	20	1414500	[(25685,150),(25669,20)]	0	
114	6	10	1416500	[(25685,200),(25669,30)]	6	称号:不朽的屠龙者
114	5	5	1421500	[(25685,250),(25669,40)]	6	称号:不朽的屠龙者
114	4	4	1427500	[(25685,300),(25669,45)]	5	称号:不灭战神
114	3	3	1434500	[(25685,350),(25669,50)]	5	称号:不灭战神
114	2	2	1442500	[(25685,400),(25669,55)]	5	称号:不灭战神
114	1	1	1457500	[(25685,500),(25669,60)]	1	称号:灭世主宰
115	1001	2000	1451400	[(25685,50),(25669,6)]	0	
115	201	1000	1452400	[(25685,75),(25669,6)]	0	
115	51	200	1451400	[(25685,100),(25669,10)]	0	
115	21	50	1452400	[(25685,125),(25669,10)]	0	
115	11	20	1451400	[(25685,150),(25669,20)]	0	
115	6	10	1453400	[(25685,200),(25669,30)]	6	称号:不朽的屠龙者
115	5	5	1458400	[(25685,250),(25669,40)]	6	称号:不朽的屠龙者
115	4	4	1464400	[(25685,300),(25669,45)]	5	称号:不灭战神
115	3	3	1471400	[(25685,350),(25669,50)]	5	称号:不灭战神
115	2	2	1479400	[(25685,400),(25669,55)]	5	称号:不灭战神
115	1	1	1494400	[(25685,500),(25669,60)]	1	称号:灭世主宰
116	1001	2000	1488300	[(25685,50),(25669,6)]	0	
116	201	1000	1489300	[(25685,75),(25669,6)]	0	
116	51	200	1488300	[(25685,100),(25669,10)]	0	
116	21	50	1489300	[(25685,125),(25669,10)]	0	
116	11	20	1488300	[(25685,150),(25669,20)]	0	
116	6	10	1490300	[(25685,200),(25669,30)]	6	称号:不朽的屠龙者
116	5	5	1495300	[(25685,250),(25669,40)]	6	称号:不朽的屠龙者
116	4	4	1501300	[(25685,300),(25669,45)]	5	称号:不灭战神
116	3	3	1508300	[(25685,350),(25669,50)]	5	称号:不灭战神
116	2	2	1516300	[(25685,400),(25669,55)]	5	称号:不灭战神
116	1	1	1531300	[(25685,500),(25669,60)]	1	称号:灭世主宰
117	1001	2000	1525200	[(25685,50),(25669,6)]	0	
117	201	1000	1526200	[(25685,75),(25669,6)]	0	
117	51	200	1525200	[(25685,100),(25669,10)]	0	
117	21	50	1526200	[(25685,125),(25669,10)]	0	
117	11	20	1525200	[(25685,150),(25669,20)]	0	
117	6	10	1527200	[(25685,200),(25669,30)]	6	称号:不朽的屠龙者
117	5	5	1532200	[(25685,250),(25669,40)]	6	称号:不朽的屠龙者
117	4	4	1538200	[(25685,300),(25669,45)]	5	称号:不灭战神
117	3	3	1545200	[(25685,350),(25669,50)]	5	称号:不灭战神
117	2	2	1553200	[(25685,400),(25669,55)]	5	称号:不灭战神
117	1	1	1568200	[(25685,500),(25669,60)]	1	称号:灭世主宰
118	1001	2000	1562100	[(25685,50),(25669,6)]	0	
118	201	1000	1563100	[(25685,75),(25669,6)]	0	
118	51	200	1562100	[(25685,100),(25669,10)]	0	
118	21	50	1563100	[(25685,125),(25669,10)]	0	
118	11	20	1562100	[(25685,150),(25669,20)]	0	
118	6	10	1564100	[(25685,200),(25669,30)]	6	称号:不朽的屠龙者
118	5	5	1569100	[(25685,250),(25669,40)]	6	称号:不朽的屠龙者
118	4	4	1575100	[(25685,300),(25669,45)]	5	称号:不灭战神
118	3	3	1582100	[(25685,350),(25669,50)]	5	称号:不灭战神
118	2	2	1590100	[(25685,400),(25669,55)]	5	称号:不灭战神
118	1	1	1605100	[(25685,500),(25669,60)]	1	称号:灭世主宰
119	1001	2000	1599000	[(25683,50),(25669,6)]	0	
119	201	1000	1600000	[(25685,75),(25669,6)]	0	
119	51	200	1599000	[(25685,100),(25669,10)]	0	
119	21	50	1600000	[(25685,125),(25669,10)]	0	
119	11	20	1599000	[(25685,150),(25669,20)]	0	
119	6	10	1601000	[(25685,200),(25669,30)]	6	称号:不朽的屠龙者
119	5	5	1606000	[(25685,250),(25669,40)]	6	称号:不朽的屠龙者
119	4	4	1612000	[(25685,300),(25669,45)]	5	称号:不灭战神
119	3	3	1619000	[(25685,350),(25669,50)]	5	称号:不灭战神
119	2	2	1627000	[(25685,400),(25669,55)]	5	称号:不灭战神
119	1	1	1642000	[(25685,500),(25669,60)]	1	称号:灭世主宰
120	1001	2000	1619000	[(25686,50),(25670,6)]	0	
120	201	1000	1620000	[(25686,75),(25670,6)]	0	
120	51	200	1619000	[(25686,100),(25670,10)]	0	
120	21	50	1620000	[(25686,125),(25670,10)]	0	
120	11	20	1621000	[(25686,150),(25670,20)]	0	
120	6	10	1623000	[(25686,200),(25670,30)]	6	称号:不朽的屠龙者
120	5	5	1628000	[(25686,250),(25670,40)]	6	称号:不朽的屠龙者
120	4	4	1634000	[(25686,300),(25670,45)]	5	称号:不灭战神
120	3	3	1641000	[(25686,350),(25670,50)]	5	称号:不灭战神
120	2	2	1649000	[(25686,400),(25670,55)]	5	称号:不灭战神
120	1	1	1664000	[(25686,500),(25670,60)]	1	称号:灭世主宰
121	1001	2000	1639000	[(25686,50),(25670,6)]	0	
121	201	1000	1640000	[(25686,75),(25670,6)]	0	
121	51	200	1641000	[(25686,100),(25670,10)]	0	
121	21	50	1642000	[(25686,125),(25670,10)]	0	
121	11	20	1643000	[(25686,150),(25670,20)]	0	
121	6	10	1645000	[(25686,200),(25670,30)]	6	称号:不朽的屠龙者
121	5	5	1650000	[(25686,250),(25670,40)]	6	称号:不朽的屠龙者
121	4	4	1656000	[(25686,300),(25670,45)]	5	称号:不灭战神
121	3	3	1663000	[(25686,350),(25670,50)]	5	称号:不灭战神
121	2	2	1671000	[(25686,400),(25670,55)]	5	称号:不灭战神
121	1	1	1686000	[(25686,500),(25670,60)]	1	称号:灭世主宰
122	1001	2000	1669000	[(25686,50),(25670,6)]	0	
122	201	1000	1670000	[(25686,75),(25670,6)]	0	
122	51	200	1671000	[(25686,100),(25670,10)]	0	
122	21	50	1672000	[(25686,125),(25670,10)]	0	
122	11	20	1673000	[(25686,150),(25670,20)]	0	
122	6	10	1675000	[(25686,200),(25670,30)]	6	称号:不朽的屠龙者
122	5	5	1680000	[(25686,250),(25670,40)]	6	称号:不朽的屠龙者
122	4	4	1686000	[(25686,300),(25670,45)]	5	称号:不灭战神
122	3	3	1693000	[(25686,350),(25670,50)]	5	称号:不灭战神
122	2	2	1701000	[(25686,400),(25670,55)]	5	称号:不灭战神
122	1	1	1716000	[(25686,500),(25670,60)]	1	称号:灭世主宰
123	1001	2000	1699000	[(25686,50),(25670,6)]	0	
123	201	1000	1700000	[(25686,75),(25670,6)]	0	
123	51	200	1701000	[(25686,100),(25670,10)]	0	
123	21	50	1702000	[(25686,125),(25670,10)]	0	
123	11	20	1703000	[(25686,150),(25670,20)]	0	
123	6	10	1705000	[(25686,200),(25670,30)]	6	称号:不朽的屠龙者
123	5	5	1710000	[(25686,250),(25670,40)]	6	称号:不朽的屠龙者
123	4	4	1716000	[(25686,300),(25670,45)]	5	称号:不灭战神
123	3	3	1723000	[(25686,350),(25670,50)]	5	称号:不灭战神
123	2	2	1731000	[(25686,400),(25670,55)]	5	称号:不灭战神
123	1	1	1746000	[(25686,500),(25670,60)]	1	称号:灭世主宰
124	1001	2000	1729000	[(25686,50),(25670,6)]	0	
124	201	1000	1730000	[(25686,75),(25670,6)]	0	
124	51	200	1731000	[(25686,100),(25670,10)]	0	
124	21	50	1732000	[(25686,125),(25670,10)]	0	
124	11	20	1733000	[(25686,150),(25670,20)]	0	
124	6	10	1735000	[(25686,200),(25670,30)]	6	称号:不朽的屠龙者
124	5	5	1740000	[(25686,250),(25670,40)]	6	称号:不朽的屠龙者
124	4	4	1746000	[(25686,300),(25670,45)]	5	称号:不灭战神
124	3	3	1753000	[(25686,350),(25670,50)]	5	称号:不灭战神
124	2	2	1761000	[(25686,400),(25670,55)]	5	称号:不灭战神
124	1	1	1776000	[(25686,500),(25670,60)]	1	称号:灭世主宰
125	1001	2000	1759000	[(25686,50),(25670,6)]	0	
125	201	1000	1760000	[(25686,75),(25670,6)]	0	
125	51	200	1761000	[(25686,100),(25670,10)]	0	
125	21	50	1762000	[(25686,125),(25670,10)]	0	
125	11	20	1763000	[(25686,150),(25670,20)]	0	
125	6	10	1765000	[(25686,200),(25670,30)]	6	称号:不朽的屠龙者
125	5	5	1770000	[(25686,250),(25670,40)]	6	称号:不朽的屠龙者
125	4	4	1776000	[(25686,300),(25670,45)]	5	称号:不灭战神
125	3	3	1783000	[(25686,350),(25670,50)]	5	称号:不灭战神
125	2	2	1791000	[(25686,400),(25670,55)]	5	称号:不灭战神
125	1	1	1806000	[(25686,500),(25670,60)]	1	称号:灭世主宰
126	1001	2000	1789000	[(25686,50),(25670,6)]	0	
126	201	1000	1790000	[(25686,75),(25670,6)]	0	
126	51	200	1791000	[(25686,100),(25670,10)]	0	
126	21	50	1792000	[(25686,125),(25670,10)]	0	
126	11	20	1793000	[(25686,150),(25670,20)]	0	
126	6	10	1795000	[(25686,200),(25670,30)]	6	称号:不朽的屠龙者
126	5	5	1800000	[(25686,250),(25670,40)]	6	称号:不朽的屠龙者
126	4	4	1806000	[(25686,300),(25670,45)]	5	称号:不灭战神
126	3	3	1813000	[(25686,350),(25670,50)]	5	称号:不灭战神
126	2	2	1821000	[(25686,400),(25670,55)]	5	称号:不灭战神
126	1	1	1836000	[(25686,500),(25670,60)]	1	称号:灭世主宰
127	1001	2000	1819000	[(25686,50),(25670,6)]	0	
127	201	1000	1820000	[(25686,75),(25670,6)]	0	
127	51	200	1821000	[(25686,100),(25670,10)]	0	
127	21	50	1822000	[(25686,125),(25670,10)]	0	
127	11	20	1823000	[(25686,150),(25670,20)]	0	
127	6	10	1825000	[(25686,200),(25670,30)]	6	称号:不朽的屠龙者
127	5	5	1830000	[(25686,250),(25670,40)]	6	称号:不朽的屠龙者
127	4	4	1836000	[(25686,300),(25670,45)]	5	称号:不灭战神
127	3	3	1843000	[(25686,350),(25670,50)]	5	称号:不灭战神
127	2	2	1851000	[(25686,400),(25670,55)]	5	称号:不灭战神
127	1	1	1866000	[(25686,500),(25670,60)]	1	称号:灭世主宰
128	1001	2000	1849000	[(25686,50),(25670,6)]	0	
128	201	1000	1850000	[(25686,75),(25670,6)]	0	
128	51	200	1851000	[(25686,100),(25670,10)]	0	
128	21	50	1852000	[(25686,125),(25670,10)]	0	
128	11	20	1853000	[(25686,150),(25670,20)]	0	
128	6	10	1855000	[(25686,200),(25670,30)]	6	称号:不朽的屠龙者
128	5	5	1860000	[(25686,250),(25670,40)]	6	称号:不朽的屠龙者
128	4	4	1866000	[(25686,300),(25670,45)]	5	称号:不灭战神
128	3	3	1873000	[(25686,350),(25670,50)]	5	称号:不灭战神
128	2	2	1881000	[(25686,400),(25670,55)]	5	称号:不灭战神
128	1	1	1896000	[(25686,500),(25670,60)]	1	称号:灭世主宰
129	1001	2000	1879000	[(25686,50),(25670,6)]	0	
129	201	1000	1880000	[(25686,75),(25670,6)]	0	
129	51	200	1881000	[(25686,100),(25670,10)]	0	
129	21	50	1882000	[(25686,125),(25670,10)]	0	
129	11	20	1883000	[(25686,150),(25670,20)]	0	
129	6	10	1885000	[(25686,200),(25670,30)]	6	称号:不朽的屠龙者
129	5	5	1890000	[(25686,250),(25670,40)]	6	称号:不朽的屠龙者
129	4	4	1896000	[(25686,300),(25670,45)]	5	称号:不灭战神
129	3	3	1903000	[(25686,350),(25670,50)]	5	称号:不灭战神
129	2	2	1911000	[(25686,400),(25670,55)]	5	称号:不灭战神
129	1	1	1926000	[(25686,500),(25670,60)]	1	称号:灭世主宰
130	1001	2000	1909000	[(25686,50),(25670,6)]	0	
130	201	1000	1910000	[(25686,75),(25670,6)]	0	
130	51	200	1911000	[(25686,100),(25670,10)]	0	
130	21	50	1912000	[(25686,125),(25670,10)]	0	
130	11	20	1913000	[(25686,150),(25670,20)]	0	
130	6	10	1915000	[(25686,200),(25670,30)]	6	称号:不朽的屠龙者
130	5	5	1920000	[(25686,250),(25670,40)]	6	称号:不朽的屠龙者
130	4	4	1926000	[(25686,300),(25670,45)]	5	称号:不灭战神
130	3	3	1933000	[(25686,350),(25670,50)]	5	称号:不灭战神
130	2	2	1941000	[(25686,400),(25670,55)]	5	称号:不灭战神
130	1	1	1956000	[(25686,500),(25670,60)]	1	称号:灭世主宰
131	1001	2000	1939000	[(25686,50),(25670,6)]	0	
131	201	1000	1940000	[(25686,75),(25670,6)]	0	
131	51	200	1941000	[(25686,100),(25670,10)]	0	
131	21	50	1942000	[(25686,125),(25670,10)]	0	
131	11	20	1943000	[(25686,150),(25670,20)]	0	
131	6	10	1945000	[(25686,200),(25670,30)]	6	称号:不朽的屠龙者
131	5	5	1950000	[(25686,250),(25670,40)]	6	称号:不朽的屠龙者
131	4	4	1956000	[(25686,300),(25670,45)]	5	称号:不灭战神
131	3	3	1963000	[(25686,350),(25670,50)]	5	称号:不灭战神
131	2	2	1971000	[(25686,400),(25670,55)]	5	称号:不灭战神
131	1	1	1986000	[(25686,500),(25670,60)]	1	称号:灭世主宰
132	1001	2000	1969000	[(25686,50),(25670,6)]	0	
132	201	1000	1970000	[(25686,75),(25670,6)]	0	
132	51	200	1971000	[(25686,100),(25670,10)]	0	
132	21	50	1972000	[(25686,125),(25670,10)]	0	
132	11	20	1973000	[(25686,150),(25670,20)]	0	
132	6	10	1975000	[(25686,200),(25670,30)]	6	称号:不朽的屠龙者
132	5	5	1980000	[(25686,250),(25670,40)]	6	称号:不朽的屠龙者
132	4	4	1986000	[(25686,300),(25670,45)]	5	称号:不灭战神
132	3	3	1993000	[(25686,350),(25670,50)]	5	称号:不灭战神
132	2	2	2001000	[(25686,400),(25670,55)]	5	称号:不灭战神
132	1	1	2016000	[(25686,500),(25670,60)]	1	称号:灭世主宰
133	1001	2000	1999000	[(25686,50),(25670,6)]	0	
133	201	1000	2000000	[(25686,75),(25670,6)]	0	
133	51	200	2001000	[(25686,100),(25670,10)]	0	
133	21	50	2002000	[(25686,125),(25670,10)]	0	
133	11	20	2003000	[(25686,150),(25670,20)]	0	
133	6	10	2005000	[(25686,200),(25670,30)]	6	称号:不朽的屠龙者
133	5	5	2010000	[(25686,250),(25670,40)]	6	称号:不朽的屠龙者
133	4	4	2016000	[(25686,300),(25670,45)]	5	称号:不灭战神
133	3	3	2023000	[(25686,350),(25670,50)]	5	称号:不灭战神
133	2	2	2031000	[(25686,400),(25670,55)]	5	称号:不灭战神
133	1	1	2046000	[(25686,500),(25670,60)]	1	称号:灭世主宰
134	1001	2000	2029000	[(25686,50),(25670,6)]	0	
134	201	1000	2030000	[(25686,75),(25670,6)]	0	
134	51	200	2031000	[(25686,100),(25670,10)]	0	
134	21	50	2032000	[(25686,125),(25670,10)]	0	
134	11	20	2033000	[(25686,150),(25670,20)]	0	
134	6	10	2035000	[(25686,200),(25670,30)]	6	称号:不朽的屠龙者
134	5	5	2040000	[(25686,250),(25670,40)]	6	称号:不朽的屠龙者
134	4	4	2046000	[(25686,300),(25670,45)]	5	称号:不灭战神
134	3	3	2053000	[(25686,350),(25670,50)]	5	称号:不灭战神
134	2	2	2061000	[(25686,400),(25670,55)]	5	称号:不灭战神
134	1	1	2076000	[(25686,500),(25670,60)]	1	称号:灭世主宰
135	1001	2000	2059000	[(25686,50),(25670,6)]	0	
135	201	1000	2060000	[(25686,75),(25670,6)]	0	
135	51	200	2061000	[(25686,100),(25670,10)]	0	
135	21	50	2062000	[(25686,125),(25670,10)]	0	
135	11	20	2063000	[(25686,150),(25670,20)]	0	
135	6	10	2065000	[(25686,200),(25670,30)]	6	称号:不朽的屠龙者
135	5	5	2070000	[(25686,250),(25670,40)]	6	称号:不朽的屠龙者
135	4	4	2076000	[(25686,300),(25670,45)]	5	称号:不灭战神
135	3	3	2083000	[(25686,350),(25670,50)]	5	称号:不灭战神
135	2	2	2091000	[(25686,400),(25670,55)]	5	称号:不灭战神
135	1	1	2106000	[(25686,500),(25670,60)]	1	称号:灭世主宰
136	1001	2000	2089000	[(25686,50),(25670,6)]	0	
136	201	1000	2090000	[(25686,75),(25670,6)]	0	
136	51	200	2091000	[(25686,100),(25670,10)]	0	
136	21	50	2092000	[(25686,125),(25670,10)]	0	
136	11	20	2093000	[(25686,150),(25670,20)]	0	
136	6	10	2095000	[(25686,200),(25670,30)]	6	称号:不朽的屠龙者
136	5	5	2100000	[(25686,250),(25670,40)]	6	称号:不朽的屠龙者
136	4	4	2106000	[(25686,300),(25670,45)]	5	称号:不灭战神
136	3	3	2113000	[(25686,350),(25670,50)]	5	称号:不灭战神
136	2	2	2121000	[(25686,400),(25670,55)]	5	称号:不灭战神
136	1	1	2136000	[(25686,500),(25670,60)]	1	称号:灭世主宰
137	1001	2000	2119000	[(25686,50),(25670,6)]	0	
137	201	1000	2120000	[(25686,75),(25670,6)]	0	
137	51	200	2121000	[(25686,100),(25670,10)]	0	
137	21	50	2122000	[(25686,125),(25670,10)]	0	
137	11	20	2123000	[(25686,150),(25670,20)]	0	
137	6	10	2125000	[(25686,200),(25670,30)]	6	称号:不朽的屠龙者
137	5	5	2130000	[(25686,250),(25670,40)]	6	称号:不朽的屠龙者
137	4	4	2136000	[(25686,300),(25670,45)]	5	称号:不灭战神
137	3	3	2143000	[(25686,350),(25670,50)]	5	称号:不灭战神
137	2	2	2151000	[(25686,400),(25670,55)]	5	称号:不灭战神
137	1	1	2166000	[(25686,500),(25670,60)]	1	称号:灭世主宰
138	1001	2000	2149000	[(25686,50),(25670,6)]	0	
138	201	1000	2150000	[(25686,75),(25670,6)]	0	
138	51	200	2151000	[(25686,100),(25670,10)]	0	
138	21	50	2152000	[(25686,125),(25670,10)]	0	
138	11	20	2153000	[(25686,150),(25670,20)]	0	
138	6	10	2155000	[(25686,200),(25670,30)]	6	称号:不朽的屠龙者
138	5	5	2160000	[(25686,250),(25670,40)]	6	称号:不朽的屠龙者
138	4	4	2166000	[(25686,300),(25670,45)]	5	称号:不灭战神
138	3	3	2173000	[(25686,350),(25670,50)]	5	称号:不灭战神
138	2	2	2181000	[(25686,400),(25670,55)]	5	称号:不灭战神
138	1	1	2196000	[(25686,500),(25670,60)]	1	称号:灭世主宰
139	1001	2000	2179000	[(25686,50),(25670,6)]	0	
139	201	1000	2180000	[(25686,75),(25670,6)]	0	
139	51	200	2181000	[(25686,100),(25670,10)]	0	
139	21	50	2182000	[(25686,125),(25670,10)]	0	
139	11	20	2183000	[(25686,150),(25670,20)]	0	
139	6	10	2185000	[(25686,200),(25670,30)]	6	称号:不朽的屠龙者
139	5	5	2190000	[(25686,250),(25670,40)]	6	称号:不朽的屠龙者
139	4	4	2196000	[(25686,300),(25670,45)]	5	称号:不灭战神
139	3	3	2203000	[(25686,350),(25670,50)]	5	称号:不灭战神
139	2	2	2211000	[(25686,400),(25670,55)]	5	称号:不灭战神
139	1	1	2226000	[(25686,500),(25670,60)]	1	称号:灭世主宰
140	1001	2000	2209000	[(26607,50),(27049,6)]	0	
140	201	1000	2210000	[(26607,75),(27049,6)]	0	
140	51	200	2211000	[(26607,100),(27049,10)]	0	
140	21	50	2212000	[(26607,125),(27049,10)]	0	
140	11	20	2213000	[(26607,150),(27049,20)]	0	
140	6	10	2215000	[(26607,200),(27049,30)]	6	称号:不朽的屠龙者
140	5	5	2220000	[(26607,250),(27049,40)]	6	称号:不朽的屠龙者
140	4	4	2226000	[(26607,300),(27049,45)]	5	称号:不灭战神
140	3	3	2233000	[(26607,350),(27049,50)]	5	称号:不灭战神
140	2	2	2241000	[(26607,400),(27049,55)]	5	称号:不灭战神
140	1	1	2256000	[(26607,500),(27049,60)]	1	称号:灭世主宰
141	1001	2000	2239000	[(26607,50),(27049,6)]	0	
141	201	1000	2240000	[(26607,75),(27049,6)]	0	
141	51	200	2241000	[(26607,100),(27049,10)]	0	
141	21	50	2242000	[(26607,125),(27049,10)]	0	
141	11	20	2243000	[(26607,150),(27049,20)]	0	
141	6	10	2245000	[(26607,200),(27049,30)]	6	称号:不朽的屠龙者
141	5	5	2250000	[(26607,250),(27049,40)]	6	称号:不朽的屠龙者
141	4	4	2256000	[(26607,300),(27049,45)]	5	称号:不灭战神
141	3	3	2263000	[(26607,350),(27049,50)]	5	称号:不灭战神
141	2	2	2271000	[(26607,400),(27049,55)]	5	称号:不灭战神
141	1	1	2286000	[(26607,500),(27049,60)]	1	称号:灭世主宰
142	1001	2000	2269000	[(26607,50),(27049,6)]	0	
142	201	1000	2270000	[(26607,75),(27049,6)]	0	
142	51	200	2271000	[(26607,100),(27049,10)]	0	
142	21	50	2272000	[(26607,125),(27049,10)]	0	
142	11	20	2273000	[(26607,150),(27049,20)]	0	
142	6	10	2275000	[(26607,200),(27049,30)]	6	称号:不朽的屠龙者
142	5	5	2280000	[(26607,250),(27049,40)]	6	称号:不朽的屠龙者
142	4	4	2286000	[(26607,300),(27049,45)]	5	称号:不灭战神
142	3	3	2293000	[(26607,350),(27049,50)]	5	称号:不灭战神
142	2	2	2301000	[(26607,400),(27049,55)]	5	称号:不灭战神
142	1	1	2316000	[(26607,500),(27049,60)]	1	称号:灭世主宰
143	1001	2000	2299000	[(26607,50),(27049,6)]	0	
143	201	1000	2300000	[(26607,75),(27049,6)]	0	
143	51	200	2301000	[(26607,100),(27049,10)]	0	
143	21	50	2302000	[(26607,125),(27049,10)]	0	
143	11	20	2303000	[(26607,150),(27049,20)]	0	
143	6	10	2305000	[(26607,200),(27049,30)]	6	称号:不朽的屠龙者
143	5	5	2310000	[(26607,250),(27049,40)]	6	称号:不朽的屠龙者
143	4	4	2316000	[(26607,300),(27049,45)]	5	称号:不灭战神
143	3	3	2323000	[(26607,350),(27049,50)]	5	称号:不灭战神
143	2	2	2331000	[(26607,400),(27049,55)]	5	称号:不灭战神
143	1	1	2346000	[(26607,500),(27049,60)]	1	称号:灭世主宰
144	1001	2000	2329000	[(26607,50),(27049,6)]	0	
144	201	1000	2330000	[(26607,75),(27049,6)]	0	
144	51	200	2331000	[(26607,100),(27049,10)]	0	
144	21	50	2332000	[(26607,125),(27049,10)]	0	
144	11	20	2333000	[(26607,150),(27049,20)]	0	
144	6	10	2335000	[(26607,200),(27049,30)]	6	称号:不朽的屠龙者
144	5	5	2340000	[(26607,250),(27049,40)]	6	称号:不朽的屠龙者
144	4	4	2346000	[(26607,300),(27049,45)]	5	称号:不灭战神
144	3	3	2353000	[(26607,350),(27049,50)]	5	称号:不灭战神
144	2	2	2361000	[(26607,400),(27049,55)]	5	称号:不灭战神
144	1	1	2376000	[(26607,500),(27049,60)]	1	称号:灭世主宰
145	1001	2000	2359000	[(26607,50),(27049,6)]	0	
145	201	1000	2360000	[(26607,75),(27049,6)]	0	
145	51	200	2361000	[(26607,100),(27049,10)]	0	
145	21	50	2362000	[(26607,125),(27049,10)]	0	
145	11	20	2363000	[(26607,150),(27049,20)]	0	
145	6	10	2365000	[(26607,200),(27049,30)]	6	称号:不朽的屠龙者
145	5	5	2370000	[(26607,250),(27049,40)]	6	称号:不朽的屠龙者
145	4	4	2376000	[(26607,300),(27049,45)]	5	称号:不灭战神
145	3	3	2383000	[(26607,350),(27049,50)]	5	称号:不灭战神
145	2	2	2391000	[(26607,400),(27049,55)]	5	称号:不灭战神
145	1	1	2406000	[(26607,500),(27049,60)]	1	称号:灭世主宰
146	1001	2000	2389000	[(26607,50),(27049,6)]	0	
146	201	1000	2390000	[(26607,75),(27049,6)]	0	
146	51	200	2391000	[(26607,100),(27049,10)]	0	
146	21	50	2392000	[(26607,125),(27049,10)]	0	
146	11	20	2393000	[(26607,150),(27049,20)]	0	
146	6	10	2395000	[(26607,200),(27049,30)]	6	称号:不朽的屠龙者
146	5	5	2400000	[(26607,250),(27049,40)]	6	称号:不朽的屠龙者
146	4	4	2406000	[(26607,300),(27049,45)]	5	称号:不灭战神
146	3	3	2413000	[(26607,350),(27049,50)]	5	称号:不灭战神
146	2	2	2421000	[(26607,400),(27049,55)]	5	称号:不灭战神
146	1	1	2436000	[(26607,500),(27049,60)]	1	称号:灭世主宰
147	1001	2000	2419000	[(26607,50),(27049,6)]	0	
147	201	1000	2420000	[(26607,75),(27049,6)]	0	
147	51	200	2421000	[(26607,100),(27049,10)]	0	
147	21	50	2422000	[(26607,125),(27049,10)]	0	
147	11	20	2423000	[(26607,150),(27049,20)]	0	
147	6	10	2425000	[(26607,200),(27049,30)]	6	称号:不朽的屠龙者
147	5	5	2430000	[(26607,250),(27049,40)]	6	称号:不朽的屠龙者
147	4	4	2436000	[(26607,300),(27049,45)]	5	称号:不灭战神
147	3	3	2443000	[(26607,350),(27049,50)]	5	称号:不灭战神
147	2	2	2451000	[(26607,400),(27049,55)]	5	称号:不灭战神
147	1	1	2466000	[(26607,500),(27049,60)]	1	称号:灭世主宰
148	1001	2000	2449000	[(26607,50),(27049,6)]	0	
148	201	1000	2450000	[(26607,75),(27049,6)]	0	
148	51	200	2451000	[(26607,100),(27049,10)]	0	
148	21	50	2452000	[(26607,125),(27049,10)]	0	
148	11	20	2453000	[(26607,150),(27049,20)]	0	
148	6	10	2455000	[(26607,200),(27049,30)]	6	称号:不朽的屠龙者
148	5	5	2460000	[(26607,250),(27049,40)]	6	称号:不朽的屠龙者
148	4	4	2466000	[(26607,300),(27049,45)]	5	称号:不灭战神
148	3	3	2473000	[(26607,350),(27049,50)]	5	称号:不灭战神
148	2	2	2481000	[(26607,400),(27049,55)]	5	称号:不灭战神
148	1	1	2496000	[(26607,500),(27049,60)]	1	称号:灭世主宰
149	1001	2000	2479000	[(26607,50),(27049,6)]	0	
149	201	1000	2480000	[(26607,75),(27049,6)]	0	
149	51	200	2481000	[(26607,100),(27049,10)]	0	
149	21	50	2482000	[(26607,125),(27049,10)]	0	
149	11	20	2483000	[(26607,150),(27049,20)]	0	
149	6	10	2485000	[(26607,200),(27049,30)]	6	称号:不朽的屠龙者
149	5	5	2490000	[(26607,250),(27049,40)]	6	称号:不朽的屠龙者
149	4	4	2496000	[(26607,300),(27049,45)]	5	称号:不灭战神
149	3	3	2503000	[(26607,350),(27049,50)]	5	称号:不灭战神
149	2	2	2511000	[(26607,400),(27049,55)]	5	称号:不灭战神
149	1	1	2526000	[(26607,500),(27049,60)]	1	称号:灭世主宰
150	1001	2000	2509000	[(26607,50),(27049,6)]	0	
150	201	1000	2510000	[(26607,75),(27049,6)]	0	
150	51	200	2511000	[(26607,100),(27049,10)]	0	
150	21	50	2512000	[(26607,125),(27049,10)]	0	
150	11	20	2513000	[(26607,150),(27049,20)]	0	
150	6	10	2515000	[(26607,200),(27049,30)]	6	称号:不朽的屠龙者
150	5	5	2520000	[(26607,250),(27049,40)]	6	称号:不朽的屠龙者
150	4	4	2526000	[(26607,300),(27049,45)]	5	称号:不灭战神
150	3	3	2533000	[(26607,350),(27049,50)]	5	称号:不灭战神
150	2	2	2541000	[(26607,400),(27049,55)]	5	称号:不灭战神
150	1	1	2556000	[(26607,500),(27049,60)]	1	称号:灭世主宰
151	1001	2000	2539000	[(26607,50),(27049,6)]	0	
151	201	1000	2540000	[(26607,75),(27049,6)]	0	
151	51	200	2541000	[(26607,100),(27049,10)]	0	
151	21	50	2542000	[(26607,125),(27049,10)]	0	
151	11	20	2543000	[(26607,150),(27049,20)]	0	
151	6	10	2545000	[(26607,200),(27049,30)]	6	称号:不朽的屠龙者
151	5	5	2550000	[(26607,250),(27049,40)]	6	称号:不朽的屠龙者
151	4	4	2556000	[(26607,300),(27049,45)]	5	称号:不灭战神
151	3	3	2563000	[(26607,350),(27049,50)]	5	称号:不灭战神
151	2	2	2571000	[(26607,400),(27049,55)]	5	称号:不灭战神
151	1	1	2586000	[(26607,500),(27049,60)]	1	称号:灭世主宰
152	1001	2000	2569000	[(26607,50),(27049,6)]	0	
152	201	1000	2570000	[(26607,75),(27049,6)]	0	
152	51	200	2571000	[(26607,100),(27049,10)]	0	
152	21	50	2572000	[(26607,125),(27049,10)]	0	
152	11	20	2573000	[(26607,150),(27049,20)]	0	
152	6	10	2575000	[(26607,200),(27049,30)]	6	称号:不朽的屠龙者
152	5	5	2580000	[(26607,250),(27049,40)]	6	称号:不朽的屠龙者
152	4	4	2586000	[(26607,300),(27049,45)]	5	称号:不灭战神
152	3	3	2593000	[(26607,350),(27049,50)]	5	称号:不灭战神
152	2	2	2601000	[(26607,400),(27049,55)]	5	称号:不灭战神
152	1	1	2616000	[(26607,500),(27049,60)]	1	称号:灭世主宰
153	1001	2000	2599000	[(26607,50),(27049,6)]	0	
153	201	1000	2600000	[(26607,75),(27049,6)]	0	
153	51	200	2601000	[(26607,100),(27049,10)]	0	
153	21	50	2602000	[(26607,125),(27049,10)]	0	
153	11	20	2603000	[(26607,150),(27049,20)]	0	
153	6	10	2605000	[(26607,200),(27049,30)]	6	称号:不朽的屠龙者
153	5	5	2610000	[(26607,250),(27049,40)]	6	称号:不朽的屠龙者
153	4	4	2616000	[(26607,300),(27049,45)]	5	称号:不灭战神
153	3	3	2623000	[(26607,350),(27049,50)]	5	称号:不灭战神
153	2	2	2631000	[(26607,400),(27049,55)]	5	称号:不灭战神
153	1	1	2646000	[(26607,500),(27049,60)]	1	称号:灭世主宰
154	1001	2000	2629000	[(26607,50),(27049,6)]	0	
154	201	1000	2630000	[(26607,75),(27049,6)]	0	
154	51	200	2631000	[(26607,100),(27049,10)]	0	
154	21	50	2632000	[(26607,125),(27049,10)]	0	
154	11	20	2633000	[(26607,150),(27049,20)]	0	
154	6	10	2635000	[(26607,200),(27049,30)]	6	称号:不朽的屠龙者
154	5	5	2640000	[(26607,250),(27049,40)]	6	称号:不朽的屠龙者
154	4	4	2646000	[(26607,300),(27049,45)]	5	称号:不灭战神
154	3	3	2653000	[(26607,350),(27049,50)]	5	称号:不灭战神
154	2	2	2661000	[(26607,400),(27049,55)]	5	称号:不灭战神
154	1	1	2676000	[(26607,500),(27049,60)]	1	称号:灭世主宰
155	1001	2000	2659000	[(26607,50),(27049,6)]	0	
155	201	1000	2660000	[(26607,75),(27049,6)]	0	
155	51	200	2661000	[(26607,100),(27049,10)]	0	
155	21	50	2662000	[(26607,125),(27049,10)]	0	
155	11	20	2663000	[(26607,150),(27049,20)]	0	
155	6	10	2665000	[(26607,200),(27049,30)]	6	称号:不朽的屠龙者
155	5	5	2670000	[(26607,250),(27049,40)]	6	称号:不朽的屠龙者
155	4	4	2676000	[(26607,300),(27049,45)]	5	称号:不灭战神
155	3	3	2683000	[(26607,350),(27049,50)]	5	称号:不灭战神
155	2	2	2691000	[(26607,400),(27049,55)]	5	称号:不灭战神
155	1	1	2706000	[(26607,500),(27049,60)]	1	称号:灭世主宰
156	1001	2000	2689000	[(26607,50),(27049,6)]	0	
156	201	1000	2690000	[(26607,75),(27049,6)]	0	
156	51	200	2691000	[(26607,100),(27049,10)]	0	
156	21	50	2692000	[(26607,125),(27049,10)]	0	
156	11	20	2693000	[(26607,150),(27049,20)]	0	
156	6	10	2695000	[(26607,200),(27049,30)]	6	称号:不朽的屠龙者
156	5	5	2700000	[(26607,250),(27049,40)]	6	称号:不朽的屠龙者
156	4	4	2706000	[(26607,300),(27049,45)]	5	称号:不灭战神
156	3	3	2713000	[(26607,350),(27049,50)]	5	称号:不灭战神
156	2	2	2721000	[(26607,400),(27049,55)]	5	称号:不灭战神
156	1	1	2736000	[(26607,500),(27049,60)]	1	称号:灭世主宰
157	1001	2000	2719000	[(26607,50),(27049,6)]	0	
157	201	1000	2720000	[(26607,75),(27049,6)]	0	
157	51	200	2721000	[(26607,100),(27049,10)]	0	
157	21	50	2722000	[(26607,125),(27049,10)]	0	
157	11	20	2723000	[(26607,150),(27049,20)]	0	
157	6	10	2725000	[(26607,200),(27049,30)]	6	称号:不朽的屠龙者
157	5	5	2730000	[(26607,250),(27049,40)]	6	称号:不朽的屠龙者
157	4	4	2736000	[(26607,300),(27049,45)]	5	称号:不灭战神
157	3	3	2743000	[(26607,350),(27049,50)]	5	称号:不灭战神
157	2	2	2751000	[(26607,400),(27049,55)]	5	称号:不灭战神
157	1	1	2766000	[(26607,500),(27049,60)]	1	称号:灭世主宰
158	1001	2000	2749000	[(26607,50),(27049,6)]	0	
158	201	1000	2750000	[(26607,75),(27049,6)]	0	
158	51	200	2751000	[(26607,100),(27049,10)]	0	
158	21	50	2752000	[(26607,125),(27049,10)]	0	
158	11	20	2753000	[(26607,150),(27049,20)]	0	
158	6	10	2755000	[(26607,200),(27049,30)]	6	称号:不朽的屠龙者
158	5	5	2760000	[(26607,250),(27049,40)]	6	称号:不朽的屠龙者
158	4	4	2766000	[(26607,300),(27049,45)]	5	称号:不灭战神
158	3	3	2773000	[(26607,350),(27049,50)]	5	称号:不灭战神
158	2	2	2781000	[(26607,400),(27049,55)]	5	称号:不灭战神
158	1	1	2796000	[(26607,500),(27049,60)]	1	称号:灭世主宰
159	1001	2000	2779000	[(26607,50),(27049,6)]	0	
159	201	1000	2780000	[(26607,75),(27049,6)]	0	
159	51	200	2781000	[(26607,100),(27049,10)]	0	
159	21	50	2782000	[(26607,125),(27049,10)]	0	
159	11	20	2783000	[(26607,150),(27049,20)]	0	
159	6	10	2785000	[(26607,200),(27049,30)]	6	称号:不朽的屠龙者
159	5	5	2790000	[(26607,250),(27049,40)]	6	称号:不朽的屠龙者
159	4	4	2796000	[(26607,300),(27049,45)]	5	称号:不灭战神
159	3	3	2803000	[(26607,350),(27049,50)]	5	称号:不灭战神
159	2	2	2811000	[(26607,400),(27049,55)]	5	称号:不灭战神
159	1	1	2826000	[(26607,500),(27049,60)]	1	称号:灭世主宰
160	1001	2000	2809000	[(27066,50),(27905,6)]	0	
160	201	1000	2810000	[(27066,75),(27905,6)]	0	
160	51	200	2811000	[(27066,100),(27905,10)]	0	
160	21	50	2812000	[(27066,125),(27905,10)]	0	
160	11	20	2813000	[(27066,150),(27905,20)]	0	
160	6	10	2815000	[(27066,200),(27905,30)]	6	称号:不朽的屠龙者
160	5	5	2820000	[(27066,250),(27905,40)]	6	称号:不朽的屠龙者
160	4	4	2826000	[(27066,300),(27905,45)]	5	称号:不灭战神
160	3	3	2833000	[(27066,350),(27905,50)]	5	称号:不灭战神
160	2	2	2841000	[(27066,400),(27905,55)]	5	称号:不灭战神
160	1	1	2856000	[(27066,500),(27905,60)]	1	称号:灭世主宰
161	1001	2000	2839000	[(27066,50),(27905,6)]	0	
161	201	1000	2840000	[(27066,75),(27905,6)]	0	
161	51	200	2841000	[(27066,100),(27905,10)]	0	
161	21	50	2842000	[(27066,125),(27905,10)]	0	
161	11	20	2843000	[(27066,150),(27905,20)]	0	
161	6	10	2845000	[(27066,200),(27905,30)]	6	称号:不朽的屠龙者
161	5	5	2850000	[(27066,250),(27905,40)]	6	称号:不朽的屠龙者
161	4	4	2856000	[(27066,300),(27905,45)]	5	称号:不灭战神
161	3	3	2863000	[(27066,350),(27905,50)]	5	称号:不灭战神
161	2	2	2871000	[(27066,400),(27905,55)]	5	称号:不灭战神
161	1	1	2886000	[(27066,500),(27905,60)]	1	称号:灭世主宰
162	1001	2000	2869000	[(27066,50),(27905,6)]	0	
162	201	1000	2870000	[(27066,75),(27905,6)]	0	
162	51	200	2871000	[(27066,100),(27905,10)]	0	
162	21	50	2872000	[(27066,125),(27905,10)]	0	
162	11	20	2873000	[(27066,150),(27905,20)]	0	
162	6	10	2875000	[(27066,200),(27905,30)]	6	称号:不朽的屠龙者
162	5	5	2880000	[(27066,250),(27905,40)]	6	称号:不朽的屠龙者
162	4	4	2886000	[(27066,300),(27905,45)]	5	称号:不灭战神
162	3	3	2893000	[(27066,350),(27905,50)]	5	称号:不灭战神
162	2	2	2901000	[(27066,400),(27905,55)]	5	称号:不灭战神
162	1	1	2916000	[(27066,500),(27905,60)]	1	称号:灭世主宰
163	1001	2000	2899000	[(27066,50),(27905,6)]	0	
163	201	1000	2900000	[(27066,75),(27905,6)]	0	
163	51	200	2901000	[(27066,100),(27905,10)]	0	
163	21	50	2902000	[(27066,125),(27905,10)]	0	
163	11	20	2903000	[(27066,150),(27905,20)]	0	
163	6	10	2905000	[(27066,200),(27905,30)]	6	称号:不朽的屠龙者
163	5	5	2910000	[(27066,250),(27905,40)]	6	称号:不朽的屠龙者
163	4	4	2916000	[(27066,300),(27905,45)]	5	称号:不灭战神
163	3	3	2923000	[(27066,350),(27905,50)]	5	称号:不灭战神
163	2	2	2931000	[(27066,400),(27905,55)]	5	称号:不灭战神
163	1	1	2946000	[(27066,500),(27905,60)]	1	称号:灭世主宰
164	1001	2000	2929000	[(27066,50),(27905,6)]	0	
164	201	1000	2930000	[(27066,75),(27905,6)]	0	
164	51	200	2931000	[(27066,100),(27905,10)]	0	
164	21	50	2932000	[(27066,125),(27905,10)]	0	
164	11	20	2933000	[(27066,150),(27905,20)]	0	
164	6	10	2935000	[(27066,200),(27905,30)]	6	称号:不朽的屠龙者
164	5	5	2940000	[(27066,250),(27905,40)]	6	称号:不朽的屠龙者
164	4	4	2946000	[(27066,300),(27905,45)]	5	称号:不灭战神
164	3	3	2953000	[(27066,350),(27905,50)]	5	称号:不灭战神
164	2	2	2961000	[(27066,400),(27905,55)]	5	称号:不灭战神
164	1	1	2976000	[(27066,500),(27905,60)]	1	称号:灭世主宰
165	1001	2000	2959000	[(27066,50),(27905,6)]	0	
165	201	1000	2960000	[(27066,75),(27905,6)]	0	
165	51	200	2961000	[(27066,100),(27905,10)]	0	
165	21	50	2962000	[(27066,125),(27905,10)]	0	
165	11	20	2963000	[(27066,150),(27905,20)]	0	
165	6	10	2965000	[(27066,200),(27905,30)]	6	称号:不朽的屠龙者
165	5	5	2970000	[(27066,250),(27905,40)]	6	称号:不朽的屠龙者
165	4	4	2976000	[(27066,300),(27905,45)]	5	称号:不灭战神
165	3	3	2983000	[(27066,350),(27905,50)]	5	称号:不灭战神
165	2	2	2991000	[(27066,400),(27905,55)]	5	称号:不灭战神
165	1	1	3006000	[(27066,500),(27905,60)]	1	称号:灭世主宰
166	1001	2000	2989000	[(27066,50),(27905,6)]	0	
166	201	1000	2990000	[(27066,75),(27905,6)]	0	
166	51	200	2991000	[(27066,100),(27905,10)]	0	
166	21	50	2992000	[(27066,125),(27905,10)]	0	
166	11	20	2993000	[(27066,150),(27905,20)]	0	
166	6	10	2995000	[(27066,200),(27905,30)]	6	称号:不朽的屠龙者
166	5	5	3000000	[(27066,250),(27905,40)]	6	称号:不朽的屠龙者
166	4	4	3006000	[(27066,300),(27905,45)]	5	称号:不灭战神
166	3	3	3013000	[(27066,350),(27905,50)]	5	称号:不灭战神
166	2	2	3021000	[(27066,400),(27905,55)]	5	称号:不灭战神
166	1	1	3036000	[(27066,500),(27905,60)]	1	称号:灭世主宰
167	1001	2000	3019000	[(27066,50),(27905,6)]	0	
167	201	1000	3020000	[(27066,75),(27905,6)]	0	
167	51	200	3021000	[(27066,100),(27905,10)]	0	
167	21	50	3022000	[(27066,125),(27905,10)]	0	
167	11	20	3023000	[(27066,150),(27905,20)]	0	
167	6	10	3025000	[(27066,200),(27905,30)]	6	称号:不朽的屠龙者
167	5	5	3030000	[(27066,250),(27905,40)]	6	称号:不朽的屠龙者
167	4	4	3036000	[(27066,300),(27905,45)]	5	称号:不灭战神
167	3	3	3043000	[(27066,350),(27905,50)]	5	称号:不灭战神
167	2	2	3051000	[(27066,400),(27905,55)]	5	称号:不灭战神
167	1	1	3066000	[(27066,500),(27905,60)]	1	称号:灭世主宰
168	1001	2000	3049000	[(27066,50),(27905,6)]	0	
168	201	1000	3050000	[(27066,75),(27905,6)]	0	
168	51	200	3051000	[(27066,100),(27905,10)]	0	
168	21	50	3052000	[(27066,125),(27905,10)]	0	
168	11	20	3053000	[(27066,150),(27905,20)]	0	
168	6	10	3055000	[(27066,200),(27905,30)]	6	称号:不朽的屠龙者
168	5	5	3060000	[(27066,250),(27905,40)]	6	称号:不朽的屠龙者
168	4	4	3066000	[(27066,300),(27905,45)]	5	称号:不灭战神
168	3	3	3073000	[(27066,350),(27905,50)]	5	称号:不灭战神
168	2	2	3081000	[(27066,400),(27905,55)]	5	称号:不灭战神
168	1	1	3096000	[(27066,500),(27905,60)]	1	称号:灭世主宰
169	1001	2000	3079000	[(27066,50),(27905,6)]	0	
169	201	1000	3080000	[(27066,75),(27905,6)]	0	
169	51	200	3081000	[(27066,100),(27905,10)]	0	
169	21	50	3082000	[(27066,125),(27905,10)]	0	
169	11	20	3083000	[(27066,150),(27905,20)]	0	
169	6	10	3085000	[(27066,200),(27905,30)]	6	称号:不朽的屠龙者
169	5	5	3090000	[(27066,250),(27905,40)]	6	称号:不朽的屠龙者
169	4	4	3096000	[(27066,300),(27905,45)]	5	称号:不灭战神
169	3	3	3103000	[(27066,350),(27905,50)]	5	称号:不灭战神
169	2	2	3111000	[(27066,400),(27905,55)]	5	称号:不灭战神
169	1	1	3126000	[(27066,500),(27905,60)]	1	称号:灭世主宰
170	1001	2000	3109000	[(27066,50),(27905,6)]	0	
170	201	1000	3110000	[(27066,75),(27905,6)]	0	
170	51	200	3111000	[(27066,100),(27905,10)]	0	
170	21	50	3112000	[(27066,125),(27905,10)]	0	
170	11	20	3113000	[(27066,150),(27905,20)]	0	
170	6	10	3115000	[(27066,200),(27905,30)]	6	称号:不朽的屠龙者
170	5	5	3120000	[(27066,250),(27905,40)]	6	称号:不朽的屠龙者
170	4	4	3126000	[(27066,300),(27905,45)]	5	称号:不灭战神
170	3	3	3133000	[(27066,350),(27905,50)]	5	称号:不灭战神
170	2	2	3141000	[(27066,400),(27905,55)]	5	称号:不灭战神
170	1	1	3156000	[(27066,500),(27905,60)]	1	称号:灭世主宰
171	1001	2000	3139000	[(27066,50),(27905,6)]	0	
171	201	1000	3140000	[(27066,75),(27905,6)]	0	
171	51	200	3141000	[(27066,100),(27905,10)]	0	
171	21	50	3142000	[(27066,125),(27905,10)]	0	
171	11	20	3143000	[(27066,150),(27905,20)]	0	
171	6	10	3145000	[(27066,200),(27905,30)]	6	称号:不朽的屠龙者
171	5	5	3150000	[(27066,250),(27905,40)]	6	称号:不朽的屠龙者
171	4	4	3156000	[(27066,300),(27905,45)]	5	称号:不灭战神
171	3	3	3163000	[(27066,350),(27905,50)]	5	称号:不灭战神
171	2	2	3171000	[(27066,400),(27905,55)]	5	称号:不灭战神
171	1	1	3186000	[(27066,500),(27905,60)]	1	称号:灭世主宰
172	1001	2000	3169000	[(27066,50),(27905,6)]	0	
172	201	1000	3170000	[(27066,75),(27905,6)]	0	
172	51	200	3171000	[(27066,100),(27905,10)]	0	
172	21	50	3172000	[(27066,125),(27905,10)]	0	
172	11	20	3173000	[(27066,150),(27905,20)]	0	
172	6	10	3175000	[(27066,200),(27905,30)]	6	称号:不朽的屠龙者
172	5	5	3180000	[(27066,250),(27905,40)]	6	称号:不朽的屠龙者
172	4	4	3186000	[(27066,300),(27905,45)]	5	称号:不灭战神
172	3	3	3193000	[(27066,350),(27905,50)]	5	称号:不灭战神
172	2	2	3201000	[(27066,400),(27905,55)]	5	称号:不灭战神
172	1	1	3216000	[(27066,500),(27905,60)]	1	称号:灭世主宰
173	1001	2000	3199000	[(27066,50),(27905,6)]	0	
173	201	1000	3200000	[(27066,75),(27905,6)]	0	
173	51	200	3201000	[(27066,100),(27905,10)]	0	
173	21	50	3202000	[(27066,125),(27905,10)]	0	
173	11	20	3203000	[(27066,150),(27905,20)]	0	
173	6	10	3205000	[(27066,200),(27905,30)]	6	称号:不朽的屠龙者
173	5	5	3210000	[(27066,250),(27905,40)]	6	称号:不朽的屠龙者
173	4	4	3216000	[(27066,300),(27905,45)]	5	称号:不灭战神
173	3	3	3223000	[(27066,350),(27905,50)]	5	称号:不灭战神
173	2	2	3231000	[(27066,400),(27905,55)]	5	称号:不灭战神
173	1	1	3246000	[(27066,500),(27905,60)]	1	称号:灭世主宰
174	1001	2000	3229000	[(27066,50),(27905,6)]	0	
174	201	1000	3230000	[(27066,75),(27905,6)]	0	
174	51	200	3231000	[(27066,100),(27905,10)]	0	
174	21	50	3232000	[(27066,125),(27905,10)]	0	
174	11	20	3233000	[(27066,150),(27905,20)]	0	
174	6	10	3235000	[(27066,200),(27905,30)]	6	称号:不朽的屠龙者
174	5	5	3240000	[(27066,250),(27905,40)]	6	称号:不朽的屠龙者
174	4	4	3246000	[(27066,300),(27905,45)]	5	称号:不灭战神
174	3	3	3253000	[(27066,350),(27905,50)]	5	称号:不灭战神
174	2	2	3261000	[(27066,400),(27905,55)]	5	称号:不灭战神
174	1	1	3276000	[(27066,500),(27905,60)]	1	称号:灭世主宰
175	1001	2000	3259000	[(27066,50),(27905,6)]	0	
175	201	1000	3260000	[(27066,75),(27905,6)]	0	
175	51	200	3261000	[(27066,100),(27905,10)]	0	
175	21	50	3262000	[(27066,125),(27905,10)]	0	
175	11	20	3263000	[(27066,150),(27905,20)]	0	
175	6	10	3265000	[(27066,200),(27905,30)]	6	称号:不朽的屠龙者
175	5	5	3270000	[(27066,250),(27905,40)]	6	称号:不朽的屠龙者
175	4	4	3276000	[(27066,300),(27905,45)]	5	称号:不灭战神
175	3	3	3283000	[(27066,350),(27905,50)]	5	称号:不灭战神
175	2	2	3291000	[(27066,400),(27905,55)]	5	称号:不灭战神
175	1	1	3306000	[(27066,500),(27905,60)]	1	称号:灭世主宰
176	1001	2000	3289000	[(27066,50),(27905,6)]	0	
176	201	1000	3290000	[(27066,75),(27905,6)]	0	
176	51	200	3291000	[(27066,100),(27905,10)]	0	
176	21	50	3292000	[(27066,125),(27905,10)]	0	
176	11	20	3293000	[(27066,150),(27905,20)]	0	
176	6	10	3295000	[(27066,200),(27905,30)]	6	称号:不朽的屠龙者
176	5	5	3300000	[(27066,250),(27905,40)]	6	称号:不朽的屠龙者
176	4	4	3306000	[(27066,300),(27905,45)]	5	称号:不灭战神
176	3	3	3313000	[(27066,350),(27905,50)]	5	称号:不灭战神
176	2	2	3321000	[(27066,400),(27905,55)]	5	称号:不灭战神
176	1	1	3336000	[(27066,500),(27905,60)]	1	称号:灭世主宰
177	1001	2000	3319000	[(27066,50),(27905,6)]	0	
177	201	1000	3320000	[(27066,75),(27905,6)]	0	
177	51	200	3321000	[(27066,100),(27905,10)]	0	
177	21	50	3322000	[(27066,125),(27905,10)]	0	
177	11	20	3323000	[(27066,150),(27905,20)]	0	
177	6	10	3325000	[(27066,200),(27905,30)]	6	称号:不朽的屠龙者
177	5	5	3330000	[(27066,250),(27905,40)]	6	称号:不朽的屠龙者
177	4	4	3336000	[(27066,300),(27905,45)]	5	称号:不灭战神
177	3	3	3343000	[(27066,350),(27905,50)]	5	称号:不灭战神
177	2	2	3351000	[(27066,400),(27905,55)]	5	称号:不灭战神
177	1	1	3366000	[(27066,500),(27905,60)]	1	称号:灭世主宰
178	1001	2000	3349000	[(27066,50),(27905,6)]	0	
178	201	1000	3350000	[(27066,75),(27905,6)]	0	
178	51	200	3351000	[(27066,100),(27905,10)]	0	
178	21	50	3352000	[(27066,125),(27905,10)]	0	
178	11	20	3353000	[(27066,150),(27905,20)]	0	
178	6	10	3355000	[(27066,200),(27905,30)]	6	称号:不朽的屠龙者
178	5	5	3360000	[(27066,250),(27905,40)]	6	称号:不朽的屠龙者
178	4	4	3366000	[(27066,300),(27905,45)]	5	称号:不灭战神
178	3	3	3373000	[(27066,350),(27905,50)]	5	称号:不灭战神
178	2	2	3381000	[(27066,400),(27905,55)]	5	称号:不灭战神
178	1	1	3396000	[(27066,500),(27905,60)]	1	称号:灭世主宰
179	1001	2000	3379000	[(27066,50),(27905,6)]	0	
179	201	1000	3380000	[(27066,75),(27905,6)]	0	
179	51	200	3381000	[(27066,100),(27905,10)]	0	
179	21	50	3382000	[(27066,125),(27905,10)]	0	
179	11	20	3383000	[(27066,150),(27905,20)]	0	
179	6	10	3385000	[(27066,200),(27905,30)]	6	称号:不朽的屠龙者
179	5	5	3390000	[(27066,250),(27905,40)]	6	称号:不朽的屠龙者
179	4	4	3396000	[(27066,300),(27905,45)]	5	称号:不灭战神
179	3	3	3403000	[(27066,350),(27905,50)]	5	称号:不灭战神
179	2	2	3411000	[(27066,400),(27905,55)]	5	称号:不灭战神
179	1	1	3426000	[(27066,500),(27905,60)]	1	称号:灭世主宰
