cnt	explodeScorePerTime	cobomScorePerTime	totalExplodeCntScore	totalCobomCntScore	maxCobomScorePerExplode
次数、个数	单次消除积分（单次消除个数）	单次连锁积分（当前连锁次数）	累计消除积分（消除总个数）	累计连锁次数积分（连锁总次数）	最高连锁积分（最高单次消除连锁次数）
1	0	20	10	40	80
2	0	40	20	80	160
3	30	60	30	120	320
4	40	80	40	160	560
5	50	100	50	200	880
6	60	120	60	240	1280
7	70	140	70	280	1760
8	80	160	80	320	2320
9	90	180	90	360	2960
10	100	200	100	400	3680
11	110	220	110	440	4480
12	120	240	120	480	5360
13	130	260	130	520	6320
14	140	280	140	560	7360
15	150	300	150	600	8480
16	160	320	160	640	9680
17	170	340	170	680	10960
18	180	360	180	720	12320
19	190	380	190	760	13760
20	200	400	200	800	15280
21	210	420	210	840	16880
22	220	440	220	880	18560
23	230	460	230	920	20320
24	240	480	240	960	22160
25	250	500	250	1000	24080
26	260	520	260	1040	26080
27	270	540	270	1080	28160
28	280	560	280	1120	30320
29	290	580	290	1160	32560
30	300	600	300	1200	34880
31	310	620	310	1240	37280
32	320	640	320	1280	39760
33	330	660	330	1320	42320
34	340	680	340	1360	44960
35	350	700	350	1400	47680
36	360	720	360	1440	50480
37	370	740	370	1480	53360
38	380	760	380	1520	56320
39	390	780	390	1560	59360
40	400	800	400	1600	62480
41	410	820	410	1640	65680
42	420	840	420	1680	68960
43	430	860	430	1720	72320
44	440	880	440	1760	75760
45	450	900	450	1800	79280
46	460	920	460	1840	82880
47	470	940	470	1880	86560
48	480	960	480	1920	90320
49	490	980	490	1960	94160
50	500	1000	500	2000	98080
51	510	1020	510	2040	102080
52	520	1040	520	2080	106160
53	530	1060	530	2120	110320
54	540	1080	540	2160	114560
55	550	1100	550	2200	118880
56	560	1120	560	2240	123280
57	570	1140	570	2280	127760
58	580	1160	580	2320	132320
59	590	1180	590	2360	136960
60	600	1200	600	2400	141680
61	610	1220	610	2440	146480
62	620	1240	620	2480	151360
63	630	1260	630	2520	156320
64	640	1280	640	2560	161360
65	650	1300	650	2600	166480
66	660	1320	660	2640	171680
67	670	1340	670	2680	176960
68	680	1360	680	2720	182320
69	690	1380	690	2760	187760
70	700	1400	700	2800	193280
71	710	1420	710	2840	198880
72	720	1440	720	2880	204560
73	730	1460	730	2920	210320
74	740	1480	740	2960	216160
75	750	1500	750	3000	222080
76	760	1520	760	3040	228080
77	770	1540	770	3080	234160
78	780	1560	780	3120	240320
79	790	1580	790	3160	246560
80	800	1600	800	3200	252880
81	810	1620	810	3240	259280
82	820	1640	820	3280	265760
83	830	1660	830	3320	272320
84	840	1680	840	3360	278960
85	850	1700	850	3400	285680
86	860	1720	860	3440	292480
87	870	1740	870	3480	299360
88	880	1760	880	3520	306320
89	890	1780	890	3560	313360
90	900	1800	900	3600	320480
91	910	1820	910	3640	327680
92	920	1840	920	3680	334960
93	930	1860	930	3720	342320
94	940	1880	940	3760	349760
95	950	1900	950	3800	357280
96	960	1920	960	3840	364880
97	970	1940	970	3880	372560
98	980	1960	980	3920	380320
99	990	1980	990	3960	388160
100	1000	2000	1000	4000	396080
101	1010	2020	1010	4040	404080
102	1020	2040	1020	4080	412160
103	1030	2060	1030	4120	420320
104	1040	2080	1040	4160	428560
105	1050	2100	1050	4200	436880
106	1060	2120	1060	4240	445280
107	1070	2140	1070	4280	453760
108	1080	2160	1080	4320	462320
109	1090	2180	1090	4360	470960
110	1100	2200	1100	4400	479680
111	1110	2220	1110	4440	488480
112	1120	2240	1120	4480	497360
113	1130	2260	1130	4520	506320
114	1140	2280	1140	4560	515360
115	1150	2300	1150	4600	524480
116	1160	2320	1160	4640	533680
117	1170	2340	1170	4680	542960
118	1180	2360	1180	4720	552320
119	1190	2380	1190	4760	561760
120	1200	2400	1200	4800	571280
121	1210	2420	1210	4840	580880
122	1220	2440	1220	4880	590560
123	1230	2460	1230	4920	600320
124	1240	2480	1240	4960	610160
125	1250	2500	1250	5000	620080
126	1260	2520	1260	5040	630080
127	1270	2540	1270	5080	640160
128	1280	2560	1280	5120	650320
129	1290	2580	1290	5160	660560
130	1300	2600	1300	5200	670880
131	1310	2620	1310	5240	681280
132	1320	2640	1320	5280	691760
133	1330	2660	1330	5320	702320
134	1340	2680	1340	5360	712960
135	1350	2700	1350	5400	723680
136	1360	2720	1360	5440	734480
137	1370	2740	1370	5480	745360
138	1380	2760	1380	5520	756320
139	1390	2780	1390	5560	767360
140	1400	2800	1400	5600	778480
141	1410	2820	1410	5640	789680
142	1420	2840	1420	5680	800960
143	1430	2860	1430	5720	812320
144	1440	2880	1440	5760	823760
145	1450	2900	1450	5800	835280
146	1460	2920	1460	5840	846880
147	1470	2940	1470	5880	858560
148	1480	2960	1480	5920	870320
149	1490	2980	1490	5960	882160
150	1500	3000	1500	6000	894080
151	1510	3020	1510	6040	906080
152	1520	3040	1520	6080	918160
153	1530	3060	1530	6120	930320
154	1540	3080	1540	6160	942560
155	1550	3100	1550	6200	954880
156	1560	3120	1560	6240	967280
157	1570	3140	1570	6280	979760
158	1580	3160	1580	6320	992320
159	1590	3180	1590	6360	1004960
160	1600	3200	1600	6400	1017680
161	1610	3220	1610	6440	1030480
162	1620	3240	1620	6480	1043360
163	1630	3260	1630	6520	1056320
164	1640	3280	1640	6560	1069360
165	1650	3300	1650	6600	1082480
166	1660	3320	1660	6640	1095680
167	1670	3340	1670	6680	1108960
168	1680	3360	1680	6720	1122320
169	1690	3380	1690	6760	1135760
170	1700	3400	1700	6800	1149280
171	1710	3420	1710	6840	1162880
172	1720	3440	1720	6880	1176560
173	1730	3460	1730	6920	1190320
174	1740	3480	1740	6960	1204160
175	1750	3500	1750	7000	1218080
176	1760	3520	1760	7040	1232080
177	1770	3540	1770	7080	1246160
178	1780	3560	1780	7120	1260320
179	1790	3580	1790	7160	1274560
180	1800	3600	1800	7200	1288880
181	1810	3620	1810	7240	1303280
182	1820	3640	1820	7280	1317760
183	1830	3660	1830	7320	1332320
184	1840	3680	1840	7360	1346960
185	1850	3700	1850	7400	1361680
186	1860	3720	1860	7440	1376480
187	1870	3740	1870	7480	1391360
188	1880	3760	1880	7520	1406320
189	1890	3780	1890	7560	1421360
190	1900	3800	1900	7600	1436480
191	1910	3820	1910	7640	1451680
192	1920	3840	1920	7680	1466960
193	1930	3860	1930	7720	1482320
194	1940	3880	1940	7760	1497760
195	1950	3900	1950	7800	1513280
196	1960	3920	1960	7840	1528880
197	1970	3940	1970	7880	1544560
198	1980	3960	1980	7920	1560320
199	1990	3980	1990	7960	1576160
200	2000	4000	2000	8000	1592080
201	2010	4020	2010	8040	1608080
202	2020	4040	2020	8080	1624160
203	2030	4060	2030	8120	1640320
204	2040	4080	2040	8160	1656560
205	2050	4100	2050	8200	1672880
206	2060	4120	2060	8240	1689280
207	2070	4140	2070	8280	1705760
208	2080	4160	2080	8320	1722320
209	2090	4180	2090	8360	1738960
210	2100	4200	2100	8400	1755680
211	2110	4220	2110	8440	1772480
212	2120	4240	2120	8480	1789360
213	2130	4260	2130	8520	1806320
214	2140	4280	2140	8560	1823360
215	2150	4300	2150	8600	1840480
216	2160	4320	2160	8640	1857680
217	2170	4340	2170	8680	1874960
218	2180	4360	2180	8720	1892320
219	2190	4380	2190	8760	1909760
220	2200	4400	2200	8800	1927280
221	2210	4420	2210	8840	1944880
222	2220	4440	2220	8880	1962560
223	2230	4460	2230	8920	1980320
224	2240	4480	2240	8960	1998160
225	2250	4500	2250	9000	2016080
226	2260	4520	2260	9040	2034080
227	2270	4540	2270	9080	2052160
228	2280	4560	2280	9120	2070320
229	2290	4580	2290	9160	2088560
230	2300	4600	2300	9200	2106880
231	2310	4620	2310	9240	2125280
232	2320	4640	2320	9280	2143760
233	2330	4660	2330	9320	2162320
234	2340	4680	2340	9360	2180960
235	2350	4700	2350	9400	2199680
236	2360	4720	2360	9440	2218480
237	2370	4740	2370	9480	2237360
238	2380	4760	2380	9520	2256320
239	2390	4780	2390	9560	2275360
240	2400	4800	2400	9600	2294480
241	2410	4820	2410	9640	2313680
242	2420	4840	2420	9680	2332960
243	2430	4860	2430	9720	2352320
244	2440	4880	2440	9760	2371760
245	2450	4900	2450	9800	2391280
246	2460	4920	2460	9840	2410880
247	2470	4940	2470	9880	2430560
248	2480	4960	2480	9920	2450320
249	2490	4980	2490	9960	2470160
250	2500	5000	2500	10000	2490080
251	2510	5020	2510	10040	2510080
252	2520	5040	2520	10080	2530160
253	2530	5060	2530	10120	2550320
254	2540	5080	2540	10160	2570560
255	2550	5100	2550	10200	2590880
256	2560	5120	2560	10240	2611280
257	2570	5140	2570	10280	2631760
258	2580	5160	2580	10320	2652320
259	2590	5180	2590	10360	2672960
260	2600	5200	2600	10400	2693680
261	2610	5220	2610	10440	2714480
262	2620	5240	2620	10480	2735360
263	2630	5260	2630	10520	2756320
264	2640	5280	2640	10560	2777360
265	2650	5300	2650	10600	2798480
266	2660	5320	2660	10640	2819680
267	2670	5340	2670	10680	2840960
268	2680	5360	2680	10720	2862320
269	2690	5380	2690	10760	2883760
270	2700	5400	2700	10800	2905280
271	2710	5420	2710	10840	2926880
272	2720	5440	2720	10880	2948560
273	2730	5460	2730	10920	2970320
274	2740	5480	2740	10960	2992160
275	2750	5500	2750	11000	3014080
276	2760	5520	2760	11040	3036080
277	2770	5540	2770	11080	3058160
278	2780	5560	2780	11120	3080320
279	2790	5580	2790	11160	3102560
280	2800	5600	2800	11200	3124880
281	2810	5620	2810	11240	3147280
282	2820	5640	2820	11280	3169760
283	2830	5660	2830	11320	3192320
284	2840	5680	2840	11360	3214960
285	2850	5700	2850	11400	3237680
286	2860	5720	2860	11440	3260480
287	2870	5740	2870	11480	3283360
288	2880	5760	2880	11520	3306320
289	2890	5780	2890	11560	3329360
290	2900	5800	2900	11600	3352480
291	2910	5820	2910	11640	3375680
292	2920	5840	2920	11680	3398960
293	2930	5860	2930	11720	3422320
294	2940	5880	2940	11760	3445760
295	2950	5900	2950	11800	3469280
296	2960	5920	2960	11840	3492880
297	2970	5940	2970	11880	3516560
298	2980	5960	2980	11920	3540320
299	2990	5980	2990	11960	3564160
300	3000	6000	3000	12000	3588080
