Level	bindRMB	money	HZrewards	HZrewardsClient	LZrewards	LZrewardsClient
黄钻/蓝钻等级	魔晶	金币	黄钻新手礼包	客户端显示用	蓝钻新手礼包	客户端显示用
1	100	0	[(25832,5),(25721,3),(25600,20),(25681,20)]	[(25829,100),(25832,5),(25721,3),(25600,20),(25681,20)]	[(25832,5),(25721,3),(25600,20),(25681,20)]	[(25829,100),(25832,5),(25721,3),(25600,20),(25681,20)]
2	100	0	[(25832,5),(25721,3),(25600,20),(25681,20)]	[(25829,100),(25832,5),(25721,3),(25600,20),(25681,20)]	[(25832,5),(25721,3),(25600,20),(25681,20)]	[(25829,100),(25832,5),(25721,3),(25600,20),(25681,20)]
3	100	0	[(25832,5),(25721,3),(25600,20),(25681,20)]	[(25829,100),(25832,5),(25721,3),(25600,20),(25681,20)]	[(25832,5),(25721,3),(25600,20),(25681,20)]	[(25829,100),(25832,5),(25721,3),(25600,20),(25681,20)]
4	100	0	[(25832,5),(25721,3),(25600,20),(25681,20)]	[(25829,100),(25832,5),(25721,3),(25600,20),(25681,20)]	[(25832,5),(25721,3),(25600,20),(25681,20)]	[(25829,100),(25832,5),(25721,3),(25600,20),(25681,20)]
5	100	0	[(25832,5),(25721,3),(25600,20),(25681,20)]	[(25829,100),(25832,5),(25721,3),(25600,20),(25681,20)]	[(25832,5),(25721,3),(25600,20),(25681,20)]	[(25829,100),(25832,5),(25721,3),(25600,20),(25681,20)]
6	100	0	[(25832,5),(25721,3),(25600,20),(25681,20)]	[(25829,100),(25832,5),(25721,3),(25600,20),(25681,20)]	[(25832,5),(25721,3),(25600,20),(25681,20)]	[(25829,100),(25832,5),(25721,3),(25600,20),(25681,20)]
7	100	0	[(25832,5),(25721,3),(25600,20),(25681,20)]	[(25829,100),(25832,5),(25721,3),(25600,20),(25681,20)]	[(25832,5),(25721,3),(25600,20),(25681,20)]	[(25829,100),(25832,5),(25721,3),(25600,20),(25681,20)]
8	100	0	[(25832,5),(25721,3),(25600,20),(25681,20)]	[(25829,100),(25832,5),(25721,3),(25600,20),(25681,20)]	[(25832,5),(25721,3),(25600,20),(25681,20)]	[(25829,100),(25832,5),(25721,3),(25600,20),(25681,20)]
