Level	LevelEvl1	rewardId1	LevelEvl2	rewardId2	LevelEvl3	rewardId3	LevelEvl4	rewardId4	LevelEvl5	rewardId5	LevelEvl6	rewardId6	LevelEvl7	rewardId7	LevelEvl8	rewardId8
黄钻/蓝钻等级	玩家等级区间1	奖励ID1	玩家等级区间2	奖励ID2	玩家等级区间3	奖励ID3	玩家等级区间4	奖励ID4	玩家等级区间5	奖励ID5	玩家等级区间6	奖励ID6	玩家等级区间7	奖励ID7	玩家等级区间7	奖励ID7
1	[1,39]	1	[40,59]	9	[60,79]	17	[80,99]	25	[100,119]	33	[120,139]	41	[140,159]	49	[160,179]	57
2	[1,39]	2	[40,59]	10	[60,79]	18	[80,99]	26	[100,119]	34	[120,139]	42	[140,159]	50	[160,179]	58
3	[1,39]	3	[40,59]	11	[60,79]	19	[80,99]	27	[100,119]	35	[120,139]	43	[140,159]	51	[160,179]	59
4	[1,39]	4	[40,59]	12	[60,79]	20	[80,99]	28	[100,119]	36	[120,139]	44	[140,159]	52	[160,179]	60
5	[1,39]	5	[40,59]	13	[60,79]	21	[80,99]	29	[100,119]	37	[120,139]	45	[140,159]	53	[160,179]	61
6	[1,39]	6	[40,59]	14	[60,79]	22	[80,99]	30	[100,119]	38	[120,139]	46	[140,159]	54	[160,179]	62
7	[1,39]	7	[40,59]	15	[60,79]	23	[80,99]	31	[100,119]	39	[120,139]	47	[140,159]	55	[160,179]	63
8	[1,39]	8	[40,59]	16	[60,79]	24	[80,99]	32	[100,119]	40	[120,139]	48	[140,159]	56	[160,179]	64
