Level	bindRMB	money	HZrewards	HZrewardsClient	LZrewards	LZrewardsClient
黄钻/蓝钻等级	魔晶	金币	黄钻新手礼包	客户端显示用	蓝钻新手礼包	客户端显示用
1	10	0	[(25832,1),(25721,1),(25600,2),(25681,2)]	[(25829,10),(25832,1),(25721,1),(25600,2),(25681,2)]	[(25832,1),(26032,1),(25600,2),(25681,2)]	[(25829,10),(25832,1),(26032,1),(25600,2),(25681,2)]
2	10	0	[(25832,1),(25721,1),(25600,2),(25681,2)]	[(25829,10),(25832,1),(25721,1),(25600,2),(25681,2)]	[(25832,1),(26032,1),(25600,2),(25681,2)]	[(25829,10),(25832,1),(26032,1),(25600,2),(25681,2)]
3	10	0	[(25832,1),(25721,1),(25600,2),(25681,2)]	[(25829,10),(25832,1),(25721,1),(25600,2),(25681,2)]	[(25832,1),(26032,1),(25600,2),(25681,2)]	[(25829,10),(25832,1),(26032,1),(25600,2),(25681,2)]
4	10	0	[(25832,1),(25721,1),(25600,2),(25681,2)]	[(25829,10),(25832,1),(25721,1),(25600,2),(25681,2)]	[(25832,1),(26032,1),(25600,2),(25681,2)]	[(25829,10),(25832,1),(26032,1),(25600,2),(25681,2)]
5	10	0	[(25832,1),(25721,1),(25600,2),(25681,2)]	[(25829,10),(25832,1),(25721,1),(25600,2),(25681,2)]	[(25832,1),(26032,1),(25600,2),(25681,2)]	[(25829,10),(25832,1),(26032,1),(25600,2),(25681,2)]
6	10	0	[(25832,1),(25721,1),(25600,2),(25681,2)]	[(25829,10),(25832,1),(25721,1),(25600,2),(25681,2)]	[(25832,1),(26032,1),(25600,2),(25681,2)]	[(25829,10),(25832,1),(26032,1),(25600,2),(25681,2)]
7	10	0	[(25832,1),(25721,1),(25600,2),(25681,2)]	[(25829,10),(25832,1),(25721,1),(25600,2),(25681,2)]	[(25832,1),(26032,1),(25600,2),(25681,2)]	[(25829,10),(25832,1),(26032,1),(25600,2),(25681,2)]
8	10	0	[(25832,1),(25721,1),(25600,2),(25681,2)]	[(25829,10),(25832,1),(25721,1),(25600,2),(25681,2)]	[(25832,1),(26032,1),(25600,2),(25681,2)]	[(25829,10),(25832,1),(26032,1),(25600,2),(25681,2)]
