boxType	level	money	money_fcm
宝箱类型	等级	金币	金币防沉迷
1	32	1000000	500000
1	33	1000000	500000
1	34	1000000	500000
1	35	1000000	500000
1	36	1000000	500000
1	37	1000000	500000
1	38	1000000	500000
1	39	1000000	500000
1	40	2000000	1000000
1	41	2000000	1000000
1	42	2000000	1000000
1	43	2000000	1000000
1	44	2000000	1000000
1	45	2000000	1000000
1	46	2000000	1000000
1	47	2000000	1000000
1	48	2000000	1000000
1	49	2000000	1000000
1	50	2000000	1000000
1	51	2000000	1000000
1	52	2000000	1000000
1	53	2000000	1000000
1	54	2000000	1000000
1	55	2000000	1000000
1	56	2000000	1000000
1	57	2000000	1000000
1	58	2000000	1000000
1	59	2000000	1000000
1	60	4000000	2000000
1	61	4000000	2000000
1	62	4000000	2000000
1	63	4000000	2000000
1	64	4000000	2000000
1	65	4000000	2000000
1	66	4000000	2000000
1	67	4000000	2000000
1	68	4000000	2000000
1	69	4000000	2000000
1	70	4000000	2000000
1	71	4000000	2000000
1	72	4000000	2000000
1	73	4000000	2000000
1	74	4000000	2000000
1	75	4000000	2000000
1	76	4000000	2000000
1	77	4000000	2000000
1	78	4000000	2000000
1	79	4000000	2000000
1	80	8000000	4000000
1	81	8000000	4000000
1	82	8000000	4000000
1	83	8000000	4000000
1	84	8000000	4000000
1	85	8000000	4000000
1	86	8000000	4000000
1	87	8000000	4000000
1	88	8000000	4000000
1	89	8000000	4000000
1	90	8000000	4000000
1	91	8000000	4000000
1	92	8000000	4000000
1	93	8000000	4000000
1	94	8000000	4000000
1	95	8000000	4000000
1	96	8000000	4000000
1	97	8000000	4000000
1	98	8000000	4000000
1	99	8000000	4000000
1	100	12000000	6000000
1	101	12000000	6000000
1	102	12000000	6000000
1	103	12000000	6000000
1	104	12000000	6000000
1	105	12000000	6000000
1	106	12000000	6000000
1	107	12000000	6000000
1	108	12000000	6000000
1	109	12000000	6000000
1	110	12000000	6000000
1	111	12000000	6000000
1	112	12000000	6000000
1	113	12000000	6000000
1	114	12000000	6000000
1	115	12000000	6000000
1	116	12000000	6000000
1	117	12000000	6000000
1	118	12000000	6000000
1	119	12000000	6000000
1	120	16000000	8000000
1	121	16000000	8000000
1	122	16000000	8000000
1	123	16000000	8000000
1	124	16000000	8000000
1	125	16000000	8000000
1	126	16000000	8000000
1	127	16000000	8000000
1	128	16000000	8000000
1	129	16000000	8000000
1	130	16000000	8000000
1	131	16000000	8000000
1	132	16000000	8000000
1	133	16000000	8000000
1	134	16000000	8000000
1	135	16000000	8000000
1	136	16000000	8000000
1	137	16000000	8000000
1	138	16000000	8000000
1	139	16000000	8000000
1	140	20000000	10000000
1	141	20000000	10000000
1	142	20000000	10000000
1	143	20000000	10000000
1	144	20000000	10000000
1	145	20000000	10000000
1	146	20000000	10000000
1	147	20000000	10000000
1	148	20000000	10000000
1	149	20000000	10000000
1	150	20000000	10000000
1	151	20000000	10000000
1	152	20000000	10000000
1	153	20000000	10000000
1	154	20000000	10000000
1	155	20000000	10000000
1	156	20000000	10000000
1	157	20000000	10000000
1	158	20000000	10000000
1	159	20000000	10000000
1	160	20000000	10000000
1	161	20000000	10000000
1	162	20000000	10000000
1	163	20000000	10000000
1	164	20000000	10000000
1	165	20000000	10000000
1	166	20000000	10000000
1	167	20000000	10000000
1	168	20000000	10000000
1	169	20000000	10000000
1	170	20000000	10000000
1	171	20000000	10000000
1	172	20000000	10000000
1	173	20000000	10000000
1	174	20000000	10000000
1	175	20000000	10000000
1	176	20000000	10000000
1	177	20000000	10000000
1	178	20000000	10000000
1	179	20000000	10000000
2	33	500000	250000
2	34	500000	250000
2	35	500000	250000
2	36	500000	250000
2	37	500000	250000
2	38	500000	250000
2	39	500000	250000
2	40	1000000	500000
2	41	1000000	500000
2	42	1000000	500000
2	43	1000000	500000
2	44	1000000	500000
2	45	1000000	500000
2	46	1000000	500000
2	47	1000000	500000
2	48	1000000	500000
2	49	1000000	500000
2	50	1000000	500000
2	51	1000000	500000
2	52	1000000	500000
2	53	1000000	500000
2	54	1000000	500000
2	55	1000000	500000
2	56	1000000	500000
2	57	1000000	500000
2	58	1000000	500000
2	59	1000000	500000
2	60	2000000	1000000
2	61	2000000	1000000
2	62	2000000	1000000
2	63	2000000	1000000
2	64	2000000	1000000
2	65	2000000	1000000
2	66	2000000	1000000
2	67	2000000	1000000
2	68	2000000	1000000
2	69	2000000	1000000
2	70	2000000	1000000
2	71	2000000	1000000
2	72	2000000	1000000
2	73	2000000	1000000
2	74	2000000	1000000
2	75	2000000	1000000
2	76	2000000	1000000
2	77	2000000	1000000
2	78	2000000	1000000
2	79	2000000	1000000
2	80	4000000	2000000
2	81	4000000	2000000
2	82	4000000	2000000
2	83	4000000	2000000
2	84	4000000	2000000
2	85	4000000	2000000
2	86	4000000	2000000
2	87	4000000	2000000
2	88	4000000	2000000
2	89	4000000	2000000
2	90	4000000	2000000
2	91	4000000	2000000
2	92	4000000	2000000
2	93	4000000	2000000
2	94	4000000	2000000
2	95	4000000	2000000
2	96	4000000	2000000
2	97	4000000	2000000
2	98	4000000	2000000
2	99	4000000	2000000
2	100	6000000	3000000
2	101	6000000	3000000
2	102	6000000	3000000
2	103	6000000	3000000
2	104	6000000	3000000
2	105	6000000	3000000
2	106	6000000	3000000
2	107	6000000	3000000
2	108	6000000	3000000
2	109	6000000	3000000
2	110	6000000	3000000
2	111	6000000	3000000
2	112	6000000	3000000
2	113	6000000	3000000
2	114	6000000	3000000
2	115	6000000	3000000
2	116	6000000	3000000
2	117	6000000	3000000
2	118	6000000	3000000
2	119	6000000	3000000
2	120	8000000	4000000
2	121	8000000	4000000
2	122	8000000	4000000
2	123	8000000	4000000
2	124	8000000	4000000
2	125	8000000	4000000
2	126	8000000	4000000
2	127	8000000	4000000
2	128	8000000	4000000
2	129	8000000	4000000
2	130	8000000	4000000
2	131	8000000	4000000
2	132	8000000	4000000
2	133	8000000	4000000
2	134	8000000	4000000
2	135	8000000	4000000
2	136	8000000	4000000
2	137	8000000	4000000
2	138	8000000	4000000
2	139	8000000	4000000
2	140	10000000	5000000
2	141	10000000	5000000
2	142	10000000	5000000
2	143	10000000	5000000
2	144	10000000	5000000
2	145	10000000	5000000
2	146	10000000	5000000
2	147	10000000	5000000
2	148	10000000	5000000
2	149	10000000	5000000
2	150	10000000	5000000
2	151	10000000	5000000
2	152	10000000	5000000
2	153	10000000	5000000
2	154	10000000	5000000
2	155	10000000	5000000
2	156	10000000	5000000
2	157	10000000	5000000
2	158	10000000	5000000
2	159	10000000	5000000
2	160	10000000	5000000
2	161	10000000	5000000
2	162	10000000	5000000
2	163	10000000	5000000
2	164	10000000	5000000
2	165	10000000	5000000
2	166	10000000	5000000
2	167	10000000	5000000
2	168	10000000	5000000
2	169	10000000	5000000
2	170	10000000	5000000
2	171	10000000	5000000
2	172	10000000	5000000
2	173	10000000	5000000
2	174	10000000	5000000
2	175	10000000	5000000
2	176	10000000	5000000
2	177	10000000	5000000
2	178	10000000	5000000
2	179	10000000	5000000
3	32	300000	150000
3	33	300000	150000
3	34	300000	150000
3	35	300000	150000
3	36	300000	150000
3	37	300000	150000
3	38	300000	150000
3	39	300000	150000
3	40	600000	300000
3	41	600000	300000
3	42	600000	300000
3	43	600000	300000
3	44	600000	300000
3	45	600000	300000
3	46	600000	300000
3	47	600000	300000
3	48	600000	300000
3	49	600000	300000
3	50	600000	300000
3	51	600000	300000
3	52	600000	300000
3	53	600000	300000
3	54	600000	300000
3	55	600000	300000
3	56	600000	300000
3	57	600000	300000
3	58	600000	300000
3	59	600000	300000
3	60	1200000	600000
3	61	1200000	600000
3	62	1200000	600000
3	63	1200000	600000
3	64	1200000	600000
3	65	1200000	600000
3	66	1200000	600000
3	67	1200000	600000
3	68	1200000	600000
3	69	1200000	600000
3	70	1200000	600000
3	71	1200000	600000
3	72	1200000	600000
3	73	1200000	600000
3	74	1200000	600000
3	75	1200000	600000
3	76	1200000	600000
3	77	1200000	600000
3	78	1200000	600000
3	79	1200000	600000
3	80	2400000	1200000
3	81	2400000	1200000
3	82	2400000	1200000
3	83	2400000	1200000
3	84	2400000	1200000
3	85	2400000	1200000
3	86	2400000	1200000
3	87	2400000	1200000
3	88	2400000	1200000
3	89	2400000	1200000
3	90	2400000	1200000
3	91	2400000	1200000
3	92	2400000	1200000
3	93	2400000	1200000
3	94	2400000	1200000
3	95	2400000	1200000
3	96	2400000	1200000
3	97	2400000	1200000
3	98	2400000	1200000
3	99	2400000	1200000
3	100	3600000	1800000
3	101	3600000	1800000
3	102	3600000	1800000
3	103	3600000	1800000
3	104	3600000	1800000
3	105	3600000	1800000
3	106	3600000	1800000
3	107	3600000	1800000
3	108	3600000	1800000
3	109	3600000	1800000
3	110	3600000	1800000
3	111	3600000	1800000
3	112	3600000	1800000
3	113	3600000	1800000
3	114	3600000	1800000
3	115	3600000	1800000
3	116	3600000	1800000
3	117	3600000	1800000
3	118	3600000	1800000
3	119	3600000	1800000
3	120	4800000	2400000
3	121	4800000	2400000
3	122	4800000	2400000
3	123	4800000	2400000
3	124	4800000	2400000
3	125	4800000	2400000
3	126	4800000	2400000
3	127	4800000	2400000
3	128	4800000	2400000
3	129	4800000	2400000
3	130	4800000	2400000
3	131	4800000	2400000
3	132	4800000	2400000
3	133	4800000	2400000
3	134	4800000	2400000
3	135	4800000	2400000
3	136	4800000	2400000
3	137	4800000	2400000
3	138	4800000	2400000
3	139	4800000	2400000
3	140	6000000	3000000
3	141	6000000	3000000
3	142	6000000	3000000
3	143	6000000	3000000
3	144	6000000	3000000
3	145	6000000	3000000
3	146	6000000	3000000
3	147	6000000	3000000
3	148	6000000	3000000
3	149	6000000	3000000
3	150	6000000	3000000
3	151	6000000	3000000
3	152	6000000	3000000
3	153	6000000	3000000
3	154	6000000	3000000
3	155	6000000	3000000
3	156	6000000	3000000
3	157	6000000	3000000
3	158	6000000	3000000
3	159	6000000	3000000
3	160	6000000	3000000
3	161	6000000	3000000
3	162	6000000	3000000
3	163	6000000	3000000
3	164	6000000	3000000
3	165	6000000	3000000
3	166	6000000	3000000
3	167	6000000	3000000
3	168	6000000	3000000
3	169	6000000	3000000
3	170	6000000	3000000
3	171	6000000	3000000
3	172	6000000	3000000
3	173	6000000	3000000
3	174	6000000	3000000
3	175	6000000	3000000
3	176	6000000	3000000
3	177	6000000	3000000
3	178	6000000	3000000
3	179	6000000	3000000
