level	winUpRange	lostDownRange	exploreFactor	winContribution	winResource	lostContribution	lostResource
玩家等级	胜利前进范围	失败后退范围	探索系数	胜利奖励贡献	胜利奖励公会资源	失败奖励贡献	失败奖励公会资源
1	(8,14)	(6,10)	1	200	0	150	0
2	(8,14)	(6,10)	1	200	0	150	0
3	(8,14)	(6,10)	1	200	0	150	0
4	(8,14)	(6,10)	1	200	0	150	0
5	(8,14)	(6,10)	1	200	0	150	0
6	(8,14)	(6,10)	1	200	0	150	0
7	(8,14)	(6,10)	1	200	0	150	0
8	(8,14)	(6,10)	1	200	0	150	0
9	(8,14)	(6,10)	1	200	0	150	0
10	(8,14)	(6,10)	1	200	0	150	0
11	(8,14)	(6,10)	1	200	0	150	0
12	(8,14)	(6,10)	1	200	0	150	0
13	(8,14)	(6,10)	1	200	0	150	0
14	(8,14)	(6,10)	1	200	0	150	0
15	(8,14)	(6,10)	1	200	0	150	0
16	(8,14)	(6,10)	1	200	0	150	0
17	(8,14)	(6,10)	1	200	0	150	0
18	(8,14)	(6,10)	1	200	0	150	0
19	(8,14)	(6,10)	1	200	0	150	0
20	(8,14)	(6,10)	1	200	0	150	0
21	(8,14)	(6,10)	1	200	0	150	0
22	(8,14)	(6,10)	1	200	0	150	0
23	(8,14)	(6,10)	1	200	0	150	0
24	(8,14)	(6,10)	1	200	0	150	0
25	(8,14)	(6,10)	1	200	0	150	0
26	(8,14)	(6,10)	1	200	0	150	0
27	(8,14)	(6,10)	1	200	0	150	0
28	(8,14)	(6,10)	1	200	0	150	0
29	(8,14)	(6,10)	1	200	0	150	0
30	(8,14)	(6,10)	1	200	0	150	0
31	(8,14)	(6,10)	1	200	0	150	0
32	(8,14)	(6,10)	1	200	0	150	0
33	(8,14)	(6,10)	1	200	0	150	0
34	(8,14)	(6,10)	1	200	0	150	0
35	(8,14)	(6,10)	1	200	0	150	0
36	(8,14)	(6,10)	1	200	0	150	0
37	(8,14)	(6,10)	1	200	0	150	0
38	(8,14)	(6,10)	1	200	0	150	0
39	(8,14)	(6,10)	1	200	0	150	0
40	(8,14)	(6,10)	1	200	0	150	0
41	(8,14)	(6,10)	1	200	0	150	0
42	(8,14)	(6,10)	1	200	0	150	0
43	(8,14)	(6,10)	1	200	0	150	0
44	(8,14)	(6,10)	1	200	0	150	0
45	(8,14)	(6,10)	1	200	0	150	0
46	(8,14)	(6,10)	1	200	0	150	0
47	(8,14)	(6,10)	1	200	0	150	0
48	(8,14)	(6,10)	1	200	0	150	0
49	(8,14)	(6,10)	1	200	0	150	0
50	(8,14)	(6,10)	1	200	0	150	0
51	(8,14)	(6,10)	1	200	0	150	0
52	(8,14)	(6,10)	1	200	0	150	0
53	(8,14)	(6,10)	1	200	0	150	0
54	(8,14)	(6,10)	1	200	0	150	0
55	(8,14)	(6,10)	1	200	0	150	0
56	(8,14)	(6,10)	1	200	0	150	0
57	(8,14)	(6,10)	1	200	0	150	0
58	(8,14)	(6,10)	1	200	0	150	0
59	(8,14)	(6,10)	1	200	0	150	0
60	(8,14)	(6,10)	1	200	0	150	0
61	(8,14)	(6,10)	1	200	0	150	0
62	(8,14)	(6,10)	1	200	0	150	0
63	(8,14)	(6,10)	1	200	0	150	0
64	(8,14)	(6,10)	1	200	0	150	0
65	(8,14)	(6,10)	1	200	0	150	0
66	(8,14)	(6,10)	1	200	0	150	0
67	(8,14)	(6,10)	1	200	0	150	0
68	(8,14)	(6,10)	1	200	0	150	0
69	(8,14)	(6,10)	1	200	0	150	0
70	(8,14)	(6,10)	1	200	0	150	0
71	(8,14)	(6,10)	1	200	0	150	0
72	(8,14)	(6,10)	1	200	0	150	0
73	(8,14)	(6,10)	1	200	0	150	0
74	(8,14)	(6,10)	1	200	0	150	0
75	(8,14)	(6,10)	1	200	0	150	0
76	(8,14)	(6,10)	1	200	0	150	0
77	(8,14)	(6,10)	1	200	0	150	0
78	(8,14)	(6,10)	1	200	0	150	0
79	(8,14)	(6,10)	1	200	0	150	0
80	(8,14)	(6,10)	1	200	0	150	0
81	(8,14)	(6,10)	1	200	0	150	0
82	(8,14)	(6,10)	1	200	0	150	0
83	(8,14)	(6,10)	1	200	0	150	0
84	(8,14)	(6,10)	1	200	0	150	0
85	(8,14)	(6,10)	1	200	0	150	0
86	(8,14)	(6,10)	1	200	0	150	0
87	(8,14)	(6,10)	1	200	0	150	0
88	(8,14)	(6,10)	1	200	0	150	0
89	(8,14)	(6,10)	1	200	0	150	0
90	(8,14)	(6,10)	1	200	0	150	0
91	(8,14)	(6,10)	1	200	0	150	0
92	(8,14)	(6,10)	1	200	0	150	0
93	(8,14)	(6,10)	1	200	0	150	0
94	(8,14)	(6,10)	1	200	0	150	0
95	(8,14)	(6,10)	1	200	0	150	0
96	(8,14)	(6,10)	1	200	0	150	0
97	(8,14)	(6,10)	1	200	0	150	0
98	(8,14)	(6,10)	1	200	0	150	0
99	(8,14)	(6,10)	1	200	0	150	0
100	(8,14)	(6,10)	1	200	0	150	0
101	(8,14)	(6,10)	1	200	0	150	0
102	(8,14)	(6,10)	1	200	0	150	0
103	(8,14)	(6,10)	1	200	0	150	0
104	(8,14)	(6,10)	1	200	0	150	0
105	(8,14)	(6,10)	1	200	0	150	0
106	(8,14)	(6,10)	1	200	0	150	0
107	(8,14)	(6,10)	1	200	0	150	0
108	(8,14)	(6,10)	1	200	0	150	0
109	(8,14)	(6,10)	1	200	0	150	0
110	(8,14)	(6,10)	1	200	0	150	0
111	(8,14)	(6,10)	1	200	0	150	0
112	(8,14)	(6,10)	1	200	0	150	0
113	(8,14)	(6,10)	1	200	0	150	0
114	(8,14)	(6,10)	1	200	0	150	0
115	(8,14)	(6,10)	1	200	0	150	0
116	(8,14)	(6,10)	1	200	0	150	0
117	(8,14)	(6,10)	1	200	0	150	0
118	(8,14)	(6,10)	1	200	0	150	0
119	(8,14)	(6,10)	1	200	0	150	0
120	(8,14)	(6,10)	1	200	0	150	0
121	(8,14)	(6,10)	1	200	0	150	0
122	(8,14)	(6,10)	1	200	0	150	0
123	(8,14)	(6,10)	1	200	0	150	0
124	(8,14)	(6,10)	1	200	0	150	0
125	(8,14)	(6,10)	1	200	0	150	0
126	(8,14)	(6,10)	1	200	0	150	0
127	(8,14)	(6,10)	1	200	0	150	0
128	(8,14)	(6,10)	1	200	0	150	0
129	(8,14)	(6,10)	1	200	0	150	0
130	(8,14)	(6,10)	1	200	0	150	0
131	(8,14)	(6,10)	1	200	0	150	0
132	(8,14)	(6,10)	1	200	0	150	0
133	(8,14)	(6,10)	1	200	0	150	0
134	(8,14)	(6,10)	1	200	0	150	0
135	(8,14)	(6,10)	1	200	0	150	0
136	(8,14)	(6,10)	1	200	0	150	0
137	(8,14)	(6,10)	1	200	0	150	0
138	(8,14)	(6,10)	1	200	0	150	0
139	(8,14)	(6,10)	1	200	0	150	0
140	(8,14)	(6,10)	1	200	0	150	0
141	(8,14)	(6,10)	1	200	0	150	0
142	(8,14)	(6,10)	1	200	0	150	0
143	(8,14)	(6,10)	1	200	0	150	0
144	(8,14)	(6,10)	1	200	0	150	0
145	(8,14)	(6,10)	1	200	0	150	0
146	(8,14)	(6,10)	1	200	0	150	0
147	(8,14)	(6,10)	1	200	0	150	0
148	(8,14)	(6,10)	1	200	0	150	0
149	(8,14)	(6,10)	1	200	0	150	0
150	(8,14)	(6,10)	1	200	0	150	0
151	(8,14)	(6,10)	1	200	0	150	0
152	(8,14)	(6,10)	1	200	0	150	0
153	(8,14)	(6,10)	1	200	0	150	0
154	(8,14)	(6,10)	1	200	0	150	0
155	(8,14)	(6,10)	1	200	0	150	0
156	(8,14)	(6,10)	1	200	0	150	0
157	(8,14)	(6,10)	1	200	0	150	0
158	(8,14)	(6,10)	1	200	0	150	0
159	(8,14)	(6,10)	1	200	0	150	0
160	(8,14)	(6,10)	1	200	0	150	0
161	(8,14)	(6,10)	1	200	0	150	0
162	(8,14)	(6,10)	1	200	0	150	0
163	(8,14)	(6,10)	1	200	0	150	0
164	(8,14)	(6,10)	1	200	0	150	0
165	(8,14)	(6,10)	1	200	0	150	0
166	(8,14)	(6,10)	1	200	0	150	0
167	(8,14)	(6,10)	1	200	0	150	0
168	(8,14)	(6,10)	1	200	0	150	0
169	(8,14)	(6,10)	1	200	0	150	0
170	(8,14)	(6,10)	1	200	0	150	0
171	(8,14)	(6,10)	1	200	0	150	0
172	(8,14)	(6,10)	1	200	0	150	0
173	(8,14)	(6,10)	1	200	0	150	0
174	(8,14)	(6,10)	1	200	0	150	0
175	(8,14)	(6,10)	1	200	0	150	0
176	(8,14)	(6,10)	1	200	0	150	0
177	(8,14)	(6,10)	1	200	0	150	0
178	(8,14)	(6,10)	1	200	0	150	0
179	(8,14)	(6,10)	1	200	0	150	0
