idx	level	leveMax	name	roleLevel	maxProcess	needMagicTowerLevel	processPerHour	continueTime	needContriLearn	needMoney	needContriActive	needResorcePerHour	maxhp	attackspeed	anger	attack_p	defense_p	attack_m	defense_m	crit	critpress	antibroken	notbroken	parry	puncture	damageupgrade	damagereduce	icon
技能索引	技能等级	技能最大等级	技能名	玩家学习需要等级	技能研究进度的最大值	技能研究需要的魔法塔等级	每小时增加进度值	技能激活后持续的时间(秒)	学习需要的公会贡献 	学习需要消耗的金币	激活需要的公会贡献 	研究每小时消耗资源	生命(绝对值属性)	攻击速度	怒气	物攻	物防	法攻	法防	暴击	免暴	破防	免破	格挡	破挡	增伤	免伤	技能图标
1	1	50	生命(1级)	30	20	1	10	172800	480	480000	50	1330	120	0	0	0	0	0	0	0	0	0	0	0	0	0	0	ghshengming
1	2	50	生命(2级)	30	30	2	10	172800	660	660000	100	1100	240	0	0	0	0	0	0	0	0	0	0	0	0	0	0	ghshengming
1	3	50	生命(3级)	30	40	3	10	172800	840	840000	150	985	360	0	0	0	0	0	0	0	0	0	0	0	0	0	0	ghshengming
1	4	50	生命(4级)	30	50	4	10	172800	1010	1010000	200	916	480	0	0	0	0	0	0	0	0	0	0	0	0	0	0	ghshengming
1	5	50	生命(5级)	30	60	5	10	172800	1190	1190000	250	870	600	0	0	0	0	0	0	0	0	0	0	0	0	0	0	ghshengming
1	6	50	生命(6级)	30	70	6	10	172800	1370	2055000	300	838	720	0	0	0	0	0	0	0	0	0	0	0	0	0	0	ghshengming
1	7	50	生命(7级)	30	80	7	10	172800	1540	2310000	350	813	840	0	0	0	0	0	0	0	0	0	0	0	0	0	0	ghshengming
1	8	50	生命(8级)	30	90	8	10	172800	1720	2580000	400	795	960	0	0	0	0	0	0	0	0	0	0	0	0	0	0	ghshengming
1	9	50	生命(9级)	30	100	9	10	172800	1900	2850000	450	779	1080	0	0	0	0	0	0	0	0	0	0	0	0	0	0	ghshengming
1	10	50	生命(10级)	30	110	10	10	172800	2070	3105000	500	767	1200	0	0	0	0	0	0	0	0	0	0	0	0	0	0	ghshengming
1	11	50	生命(11级)	30	120	11	10	172800	2410	4820000	550	756	1440	0	0	0	0	0	0	0	0	0	0	0	0	0	0	ghshengming
1	12	50	生命(12级)	30	130	12	10	172800	2600	5200000	600	747	1680	0	0	0	0	0	0	0	0	0	0	0	0	0	0	ghshengming
1	13	50	生命(13级)	30	140	13	10	172800	2800	5600000	650	740	1920	0	0	0	0	0	0	0	0	0	0	0	0	0	0	ghshengming
1	14	50	生命(14级)	30	150	14	10	172800	2990	5980000	700	733	2160	0	0	0	0	0	0	0	0	0	0	0	0	0	0	ghshengming
1	15	50	生命(15级)	30	160	15	10	172800	3180	6360000	750	727	2400	0	0	0	0	0	0	0	0	0	0	0	0	0	0	ghshengming
1	16	50	生命(16级)	30	170	16	10	172800	3370	8425000	800	722	2640	0	0	0	0	0	0	0	0	0	0	0	0	0	0	ghshengming
1	17	50	生命(17级)	30	180	17	10	172800	3570	8925000	850	718	2880	0	0	0	0	0	0	0	0	0	0	0	0	0	0	ghshengming
1	18	50	生命(18级)	30	190	18	10	172800	3760	9400000	900	714	3120	0	0	0	0	0	0	0	0	0	0	0	0	0	0	ghshengming
1	19	50	生命(19级)	30	200	19	10	172800	3950	9875000	950	710	3360	0	0	0	0	0	0	0	0	0	0	0	0	0	0	ghshengming
1	20	50	生命(20级)	30	210	20	10	172800	4140	10350000	1000	707	3600	0	0	0	0	0	0	0	0	0	0	0	0	0	0	ghshengming
1	21	50	生命(21级)	30	220	21	10	172800	4660	13980000	1050	704	3960	0	0	0	0	0	0	0	0	0	0	0	0	0	0	ghshengming
1	22	50	生命(22级)	30	230	22	10	172800	4870	14610000	1100	701	4320	0	0	0	0	0	0	0	0	0	0	0	0	0	0	ghshengming
1	23	50	生命(23级)	30	240	23	10	172800	5080	15240000	1150	699	4680	0	0	0	0	0	0	0	0	0	0	0	0	0	0	ghshengming
1	24	50	生命(24级)	30	250	24	10	172800	5290	15870000	1200	696	5040	0	0	0	0	0	0	0	0	0	0	0	0	0	0	ghshengming
1	25	50	生命(25级)	30	260	25	10	172800	5490	16470000	1250	694	5400	0	0	0	0	0	0	0	0	0	0	0	0	0	0	ghshengming
1	26	50	生命(26级)	30	270	26	10	172800	5700	19950000	1300	692	5760	0	0	0	0	0	0	0	0	0	0	0	0	0	0	ghshengming
1	27	50	生命(27级)	30	280	27	10	172800	5910	20685000	1350	690	6120	0	0	0	0	0	0	0	0	0	0	0	0	0	0	ghshengming
1	28	50	生命(28级)	30	290	28	10	172800	6120	21420000	1400	689	6480	0	0	0	0	0	0	0	0	0	0	0	0	0	0	ghshengming
1	29	50	生命(29级)	30	300	29	10	172800	6330	22155000	1450	687	6840	0	0	0	0	0	0	0	0	0	0	0	0	0	0	ghshengming
1	30	50	生命(30级)	30	310	30	10	172800	6540	22890000	1500	686	7200	0	0	0	0	0	0	0	0	0	0	0	0	0	0	ghshengming
1	31	50	生命(31级)	30	320	31	10	172800	7230	28920000	1550	684	7680	0	0	0	0	0	0	0	0	0	0	0	0	0	0	ghshengming
1	32	50	生命(32级)	30	330	32	10	172800	7450	29800000	1600	683	8160	0	0	0	0	0	0	0	0	0	0	0	0	0	0	ghshengming
1	33	50	生命(33级)	30	340	33	10	172800	7680	30720000	1650	682	8640	0	0	0	0	0	0	0	0	0	0	0	0	0	0	ghshengming
1	34	50	生命(34级)	30	350	34	10	172800	7900	31600000	1700	681	9120	0	0	0	0	0	0	0	0	0	0	0	0	0	0	ghshengming
1	35	50	生命(35级)	30	360	35	10	172800	8130	32520000	1750	680	9600	0	0	0	0	0	0	0	0	0	0	0	0	0	0	ghshengming
1	36	50	生命(36级)	30	370	36	10	172800	8350	37575000	1800	679	10080	0	0	0	0	0	0	0	0	0	0	0	0	0	0	ghshengming
1	37	50	生命(37级)	30	380	37	10	172800	8580	38610000	1850	678	10560	0	0	0	0	0	0	0	0	0	0	0	0	0	0	ghshengming
1	38	50	生命(38级)	30	390	38	10	172800	8800	39600000	1900	677	11040	0	0	0	0	0	0	0	0	0	0	0	0	0	0	ghshengming
1	39	50	生命(39级)	30	400	39	10	172800	9030	40635000	1950	676	11520	0	0	0	0	0	0	0	0	0	0	0	0	0	0	ghshengming
1	40	50	生命(40级)	30	410	40	10	172800	9250	41625000	2000	675	12000	0	0	0	0	0	0	0	0	0	0	0	0	0	0	ghshengming
1	41	50	生命(41级)	30	420	41	10	172800	10120	50600000	2050	674	12600	0	0	0	0	0	0	0	0	0	0	0	0	0	0	ghshengming
1	42	50	生命(42级)	30	430	42	10	172800	10360	51800000	2100	673	13200	0	0	0	0	0	0	0	0	0	0	0	0	0	0	ghshengming
1	43	50	生命(43级)	30	440	43	10	172800	10600	53000000	2150	673	13800	0	0	0	0	0	0	0	0	0	0	0	0	0	0	ghshengming
1	44	50	生命(44级)	30	450	44	10	172800	10840	54200000	2200	672	14400	0	0	0	0	0	0	0	0	0	0	0	0	0	0	ghshengming
1	45	50	生命(45级)	30	460	45	10	172800	11080	55400000	2250	671	15000	0	0	0	0	0	0	0	0	0	0	0	0	0	0	ghshengming
1	46	50	生命(46级)	30	470	46	10	172800	11330	62315000	2300	671	15600	0	0	0	0	0	0	0	0	0	0	0	0	0	0	ghshengming
1	47	50	生命(47级)	30	480	47	10	172800	11570	63635000	2350	670	16200	0	0	0	0	0	0	0	0	0	0	0	0	0	0	ghshengming
1	48	50	生命(48级)	30	490	48	10	172800	11810	64955000	2400	669	16800	0	0	0	0	0	0	0	0	0	0	0	0	0	0	ghshengming
1	49	50	生命(49级)	30	500	49	10	172800	12050	66275000	2450	669	17400	0	0	0	0	0	0	0	0	0	0	0	0	0	0	ghshengming
1	50	50	生命(50级)	30	510	50	10	172800	12290	67595000	2500	668	18000	0	0	0	0	0	0	0	0	0	0	0	0	0	0	ghshengming
2	1	50	物攻(1级)	30	20	1	10	172800	240	240000	50	665	0	0	0	30	0	0	0	0	0	0	0	0	0	0	0	ghwugong
2	2	50	物攻(2级)	30	30	2	10	172800	330	330000	100	550	0	0	0	60	0	0	0	0	0	0	0	0	0	0	0	ghwugong
2	3	50	物攻(3级)	30	40	3	10	172800	420	420000	150	493	0	0	0	90	0	0	0	0	0	0	0	0	0	0	0	ghwugong
2	4	50	物攻(4级)	30	50	4	10	172800	510	505000	200	458	0	0	0	120	0	0	0	0	0	0	0	0	0	0	0	ghwugong
2	5	50	物攻(5级)	30	60	5	10	172800	590	595000	250	435	0	0	0	150	0	0	0	0	0	0	0	0	0	0	0	ghwugong
2	6	50	物攻(6级)	30	70	6	10	172800	680	1027500	300	419	0	0	0	180	0	0	0	0	0	0	0	0	0	0	0	ghwugong
2	7	50	物攻(7级)	30	80	7	10	172800	770	1155000	350	407	0	0	0	210	0	0	0	0	0	0	0	0	0	0	0	ghwugong
2	8	50	物攻(8级)	30	90	8	10	172800	860	1290000	400	397	0	0	0	240	0	0	0	0	0	0	0	0	0	0	0	ghwugong
2	9	50	物攻(9级)	30	100	9	10	172800	950	1425000	450	389	0	0	0	270	0	0	0	0	0	0	0	0	0	0	0	ghwugong
2	10	50	物攻(10级)	30	110	10	10	172800	1040	1552500	500	383	0	0	0	300	0	0	0	0	0	0	0	0	0	0	0	ghwugong
2	11	50	物攻(11级)	30	120	11	10	172800	1200	2410000	550	378	0	0	0	360	0	0	0	0	0	0	0	0	0	0	0	ghwugong
2	12	50	物攻(12级)	30	130	12	10	172800	1300	2600000	600	374	0	0	0	420	0	0	0	0	0	0	0	0	0	0	0	ghwugong
2	13	50	物攻(13级)	30	140	13	10	172800	1400	2800000	650	370	0	0	0	480	0	0	0	0	0	0	0	0	0	0	0	ghwugong
2	14	50	物攻(14级)	30	150	14	10	172800	1490	2990000	700	367	0	0	0	540	0	0	0	0	0	0	0	0	0	0	0	ghwugong
2	15	50	物攻(15级)	30	160	15	10	172800	1590	3180000	750	364	0	0	0	600	0	0	0	0	0	0	0	0	0	0	0	ghwugong
2	16	50	物攻(16级)	30	170	16	10	172800	1690	4212500	800	362	0	0	0	660	0	0	0	0	0	0	0	0	0	0	0	ghwugong
2	17	50	物攻(17级)	30	180	17	10	172800	1780	4462500	850	359	0	0	0	720	0	0	0	0	0	0	0	0	0	0	0	ghwugong
2	18	50	物攻(18级)	30	190	18	10	172800	1880	4700000	900	357	0	0	0	780	0	0	0	0	0	0	0	0	0	0	0	ghwugong
2	19	50	物攻(19级)	30	200	19	10	172800	1980	4937500	950	355	0	0	0	840	0	0	0	0	0	0	0	0	0	0	0	ghwugong
2	20	50	物攻(20级)	30	210	20	10	172800	2070	5175000	1000	354	0	0	0	900	0	0	0	0	0	0	0	0	0	0	0	ghwugong
2	21	50	物攻(21级)	30	220	21	10	172800	2330	6990000	1050	352	0	0	0	990	0	0	0	0	0	0	0	0	0	0	0	ghwugong
2	22	50	物攻(22级)	30	230	22	10	172800	2430	7305000	1100	351	0	0	0	1080	0	0	0	0	0	0	0	0	0	0	0	ghwugong
2	23	50	物攻(23级)	30	240	23	10	172800	2540	7620000	1150	350	0	0	0	1170	0	0	0	0	0	0	0	0	0	0	0	ghwugong
2	24	50	物攻(24级)	30	250	24	10	172800	2640	7935000	1200	348	0	0	0	1260	0	0	0	0	0	0	0	0	0	0	0	ghwugong
2	25	50	物攻(25级)	30	260	25	10	172800	2750	8235000	1250	347	0	0	0	1350	0	0	0	0	0	0	0	0	0	0	0	ghwugong
2	26	50	物攻(26级)	30	270	26	10	172800	2850	9975000	1300	346	0	0	0	1440	0	0	0	0	0	0	0	0	0	0	0	ghwugong
2	27	50	物攻(27级)	30	280	27	10	172800	2960	10342500	1350	345	0	0	0	1530	0	0	0	0	0	0	0	0	0	0	0	ghwugong
2	28	50	物攻(28级)	30	290	28	10	172800	3060	10710000	1400	345	0	0	0	1620	0	0	0	0	0	0	0	0	0	0	0	ghwugong
2	29	50	物攻(29级)	30	300	29	10	172800	3160	11077500	1450	344	0	0	0	1710	0	0	0	0	0	0	0	0	0	0	0	ghwugong
2	30	50	物攻(30级)	30	310	30	10	172800	3270	11445000	1500	343	0	0	0	1800	0	0	0	0	0	0	0	0	0	0	0	ghwugong
2	31	50	物攻(31级)	30	320	31	10	172800	3610	14460000	1550	342	0	0	0	1920	0	0	0	0	0	0	0	0	0	0	0	ghwugong
2	32	50	物攻(32级)	30	330	32	10	172800	3730	14900000	1600	342	0	0	0	2040	0	0	0	0	0	0	0	0	0	0	0	ghwugong
2	33	50	物攻(33级)	30	340	33	10	172800	3840	15360000	1650	341	0	0	0	2160	0	0	0	0	0	0	0	0	0	0	0	ghwugong
2	34	50	物攻(34级)	30	350	34	10	172800	3950	15800000	1700	340	0	0	0	2280	0	0	0	0	0	0	0	0	0	0	0	ghwugong
2	35	50	物攻(35级)	30	360	35	10	172800	4060	16260000	1750	340	0	0	0	2400	0	0	0	0	0	0	0	0	0	0	0	ghwugong
2	36	50	物攻(36级)	30	370	36	10	172800	4180	18787500	1800	339	0	0	0	2520	0	0	0	0	0	0	0	0	0	0	0	ghwugong
2	37	50	物攻(37级)	30	380	37	10	172800	4290	19305000	1850	339	0	0	0	2640	0	0	0	0	0	0	0	0	0	0	0	ghwugong
2	38	50	物攻(38级)	30	390	38	10	172800	4400	19800000	1900	339	0	0	0	2760	0	0	0	0	0	0	0	0	0	0	0	ghwugong
2	39	50	物攻(39级)	30	400	39	10	172800	4510	20317500	1950	338	0	0	0	2880	0	0	0	0	0	0	0	0	0	0	0	ghwugong
2	40	50	物攻(40级)	30	410	40	10	172800	4630	20812500	2000	338	0	0	0	3000	0	0	0	0	0	0	0	0	0	0	0	ghwugong
2	41	50	物攻(41级)	30	420	41	10	172800	5060	25300000	2050	337	0	0	0	3150	0	0	0	0	0	0	0	0	0	0	0	ghwugong
2	42	50	物攻(42级)	30	430	42	10	172800	5180	25900000	2100	337	0	0	0	3300	0	0	0	0	0	0	0	0	0	0	0	ghwugong
2	43	50	物攻(43级)	30	440	43	10	172800	5300	26500000	2150	337	0	0	0	3450	0	0	0	0	0	0	0	0	0	0	0	ghwugong
2	44	50	物攻(44级)	30	450	44	10	172800	5420	27100000	2200	336	0	0	0	3600	0	0	0	0	0	0	0	0	0	0	0	ghwugong
2	45	50	物攻(45级)	30	460	45	10	172800	5540	27700000	2250	336	0	0	0	3750	0	0	0	0	0	0	0	0	0	0	0	ghwugong
2	46	50	物攻(46级)	30	470	46	10	172800	5660	31157500	2300	336	0	0	0	3900	0	0	0	0	0	0	0	0	0	0	0	ghwugong
2	47	50	物攻(47级)	30	480	47	10	172800	5780	31817500	2350	335	0	0	0	4050	0	0	0	0	0	0	0	0	0	0	0	ghwugong
2	48	50	物攻(48级)	30	490	48	10	172800	5900	32477500	2400	335	0	0	0	4200	0	0	0	0	0	0	0	0	0	0	0	ghwugong
2	49	50	物攻(49级)	30	500	49	10	172800	6020	33137500	2450	335	0	0	0	4350	0	0	0	0	0	0	0	0	0	0	0	ghwugong
2	50	50	物攻(50级)	30	510	50	10	172800	6140	33797500	2500	334	0	0	0	4500	0	0	0	0	0	0	0	0	0	0	0	ghwugong
3	1	50	法攻(1级)	30	20	1	10	172800	240	240000	50	665	0	0	0	0	0	30	0	0	0	0	0	0	0	0	0	ghfagong
3	2	50	法攻(2级)	30	30	2	10	172800	330	330000	100	550	0	0	0	0	0	60	0	0	0	0	0	0	0	0	0	ghfagong
3	3	50	法攻(3级)	30	40	3	10	172800	420	420000	150	493	0	0	0	0	0	90	0	0	0	0	0	0	0	0	0	ghfagong
3	4	50	法攻(4级)	30	50	4	10	172800	510	505000	200	458	0	0	0	0	0	120	0	0	0	0	0	0	0	0	0	ghfagong
3	5	50	法攻(5级)	30	60	5	10	172800	590	595000	250	435	0	0	0	0	0	150	0	0	0	0	0	0	0	0	0	ghfagong
3	6	50	法攻(6级)	30	70	6	10	172800	680	1027500	300	419	0	0	0	0	0	180	0	0	0	0	0	0	0	0	0	ghfagong
3	7	50	法攻(7级)	30	80	7	10	172800	770	1155000	350	407	0	0	0	0	0	210	0	0	0	0	0	0	0	0	0	ghfagong
3	8	50	法攻(8级)	30	90	8	10	172800	860	1290000	400	397	0	0	0	0	0	240	0	0	0	0	0	0	0	0	0	ghfagong
3	9	50	法攻(9级)	30	100	9	10	172800	950	1425000	450	389	0	0	0	0	0	270	0	0	0	0	0	0	0	0	0	ghfagong
3	10	50	法攻(10级)	30	110	10	10	172800	1040	1552500	500	383	0	0	0	0	0	300	0	0	0	0	0	0	0	0	0	ghfagong
3	11	50	法攻(11级)	30	120	11	10	172800	1200	2410000	550	378	0	0	0	0	0	360	0	0	0	0	0	0	0	0	0	ghfagong
3	12	50	法攻(12级)	30	130	12	10	172800	1300	2600000	600	374	0	0	0	0	0	420	0	0	0	0	0	0	0	0	0	ghfagong
3	13	50	法攻(13级)	30	140	13	10	172800	1400	2800000	650	370	0	0	0	0	0	480	0	0	0	0	0	0	0	0	0	ghfagong
3	14	50	法攻(14级)	30	150	14	10	172800	1490	2990000	700	367	0	0	0	0	0	540	0	0	0	0	0	0	0	0	0	ghfagong
3	15	50	法攻(15级)	30	160	15	10	172800	1590	3180000	750	364	0	0	0	0	0	600	0	0	0	0	0	0	0	0	0	ghfagong
3	16	50	法攻(16级)	30	170	16	10	172800	1690	4212500	800	362	0	0	0	0	0	660	0	0	0	0	0	0	0	0	0	ghfagong
3	17	50	法攻(17级)	30	180	17	10	172800	1780	4462500	850	359	0	0	0	0	0	720	0	0	0	0	0	0	0	0	0	ghfagong
3	18	50	法攻(18级)	30	190	18	10	172800	1880	4700000	900	357	0	0	0	0	0	780	0	0	0	0	0	0	0	0	0	ghfagong
3	19	50	法攻(19级)	30	200	19	10	172800	1980	4937500	950	355	0	0	0	0	0	840	0	0	0	0	0	0	0	0	0	ghfagong
3	20	50	法攻(20级)	30	210	20	10	172800	2070	5175000	1000	354	0	0	0	0	0	900	0	0	0	0	0	0	0	0	0	ghfagong
3	21	50	法攻(21级)	30	220	21	10	172800	2330	6990000	1050	352	0	0	0	0	0	990	0	0	0	0	0	0	0	0	0	ghfagong
3	22	50	法攻(22级)	30	230	22	10	172800	2430	7305000	1100	351	0	0	0	0	0	1080	0	0	0	0	0	0	0	0	0	ghfagong
3	23	50	法攻(23级)	30	240	23	10	172800	2540	7620000	1150	350	0	0	0	0	0	1170	0	0	0	0	0	0	0	0	0	ghfagong
3	24	50	法攻(24级)	30	250	24	10	172800	2640	7935000	1200	348	0	0	0	0	0	1260	0	0	0	0	0	0	0	0	0	ghfagong
3	25	50	法攻(25级)	30	260	25	10	172800	2750	8235000	1250	347	0	0	0	0	0	1350	0	0	0	0	0	0	0	0	0	ghfagong
3	26	50	法攻(26级)	30	270	26	10	172800	2850	9975000	1300	346	0	0	0	0	0	1440	0	0	0	0	0	0	0	0	0	ghfagong
3	27	50	法攻(27级)	30	280	27	10	172800	2960	10342500	1350	345	0	0	0	0	0	1530	0	0	0	0	0	0	0	0	0	ghfagong
3	28	50	法攻(28级)	30	290	28	10	172800	3060	10710000	1400	345	0	0	0	0	0	1620	0	0	0	0	0	0	0	0	0	ghfagong
3	29	50	法攻(29级)	30	300	29	10	172800	3160	11077500	1450	344	0	0	0	0	0	1710	0	0	0	0	0	0	0	0	0	ghfagong
3	30	50	法攻(30级)	30	310	30	10	172800	3270	11445000	1500	343	0	0	0	0	0	1800	0	0	0	0	0	0	0	0	0	ghfagong
3	31	50	法攻(31级)	30	320	31	10	172800	3610	14460000	1550	342	0	0	0	0	0	1920	0	0	0	0	0	0	0	0	0	ghfagong
3	32	50	法攻(32级)	30	330	32	10	172800	3730	14900000	1600	342	0	0	0	0	0	2040	0	0	0	0	0	0	0	0	0	ghfagong
3	33	50	法攻(33级)	30	340	33	10	172800	3840	15360000	1650	341	0	0	0	0	0	2160	0	0	0	0	0	0	0	0	0	ghfagong
3	34	50	法攻(34级)	30	350	34	10	172800	3950	15800000	1700	340	0	0	0	0	0	2280	0	0	0	0	0	0	0	0	0	ghfagong
3	35	50	法攻(35级)	30	360	35	10	172800	4060	16260000	1750	340	0	0	0	0	0	2400	0	0	0	0	0	0	0	0	0	ghfagong
3	36	50	法攻(36级)	30	370	36	10	172800	4180	18787500	1800	339	0	0	0	0	0	2520	0	0	0	0	0	0	0	0	0	ghfagong
3	37	50	法攻(37级)	30	380	37	10	172800	4290	19305000	1850	339	0	0	0	0	0	2640	0	0	0	0	0	0	0	0	0	ghfagong
3	38	50	法攻(38级)	30	390	38	10	172800	4400	19800000	1900	339	0	0	0	0	0	2760	0	0	0	0	0	0	0	0	0	ghfagong
3	39	50	法攻(39级)	30	400	39	10	172800	4510	20317500	1950	338	0	0	0	0	0	2880	0	0	0	0	0	0	0	0	0	ghfagong
3	40	50	法攻(40级)	30	410	40	10	172800	4630	20812500	2000	338	0	0	0	0	0	3000	0	0	0	0	0	0	0	0	0	ghfagong
3	41	50	法攻(41级)	30	420	41	10	172800	5060	25300000	2050	337	0	0	0	0	0	3150	0	0	0	0	0	0	0	0	0	ghfagong
3	42	50	法攻(42级)	30	430	42	10	172800	5180	25900000	2100	337	0	0	0	0	0	3300	0	0	0	0	0	0	0	0	0	ghfagong
3	43	50	法攻(43级)	30	440	43	10	172800	5300	26500000	2150	337	0	0	0	0	0	3450	0	0	0	0	0	0	0	0	0	ghfagong
3	44	50	法攻(44级)	30	450	44	10	172800	5420	27100000	2200	336	0	0	0	0	0	3600	0	0	0	0	0	0	0	0	0	ghfagong
3	45	50	法攻(45级)	30	460	45	10	172800	5540	27700000	2250	336	0	0	0	0	0	3750	0	0	0	0	0	0	0	0	0	ghfagong
3	46	50	法攻(46级)	30	470	46	10	172800	5660	31157500	2300	336	0	0	0	0	0	3900	0	0	0	0	0	0	0	0	0	ghfagong
3	47	50	法攻(47级)	30	480	47	10	172800	5780	31817500	2350	335	0	0	0	0	0	4050	0	0	0	0	0	0	0	0	0	ghfagong
3	48	50	法攻(48级)	30	490	48	10	172800	5900	32477500	2400	335	0	0	0	0	0	4200	0	0	0	0	0	0	0	0	0	ghfagong
3	49	50	法攻(49级)	30	500	49	10	172800	6020	33137500	2450	335	0	0	0	0	0	4350	0	0	0	0	0	0	0	0	0	ghfagong
3	50	50	法攻(50级)	30	510	50	10	172800	6140	33797500	2500	334	0	0	0	0	0	4500	0	0	0	0	0	0	0	0	0	ghfagong
4	1	50	物防(1级)	30	20	1	10	172800	240	240000	50	665	0	0	0	0	30	0	0	0	0	0	0	0	0	0	0	ghwufang
4	2	50	物防(2级)	30	30	2	10	172800	330	330000	100	550	0	0	0	0	60	0	0	0	0	0	0	0	0	0	0	ghwufang
4	3	50	物防(3级)	30	40	3	10	172800	420	420000	150	493	0	0	0	0	90	0	0	0	0	0	0	0	0	0	0	ghwufang
4	4	50	物防(4级)	30	50	4	10	172800	510	505000	200	458	0	0	0	0	120	0	0	0	0	0	0	0	0	0	0	ghwufang
4	5	50	物防(5级)	30	60	5	10	172800	590	595000	250	435	0	0	0	0	150	0	0	0	0	0	0	0	0	0	0	ghwufang
4	6	50	物防(6级)	30	70	6	10	172800	680	1027500	300	419	0	0	0	0	180	0	0	0	0	0	0	0	0	0	0	ghwufang
4	7	50	物防(7级)	30	80	7	10	172800	770	1155000	350	407	0	0	0	0	210	0	0	0	0	0	0	0	0	0	0	ghwufang
4	8	50	物防(8级)	30	90	8	10	172800	860	1290000	400	397	0	0	0	0	240	0	0	0	0	0	0	0	0	0	0	ghwufang
4	9	50	物防(9级)	30	100	9	10	172800	950	1425000	450	389	0	0	0	0	270	0	0	0	0	0	0	0	0	0	0	ghwufang
4	10	50	物防(10级)	30	110	10	10	172800	1040	1552500	500	383	0	0	0	0	300	0	0	0	0	0	0	0	0	0	0	ghwufang
4	11	50	物防(11级)	30	120	11	10	172800	1200	2410000	550	378	0	0	0	0	360	0	0	0	0	0	0	0	0	0	0	ghwufang
4	12	50	物防(12级)	30	130	12	10	172800	1300	2600000	600	374	0	0	0	0	420	0	0	0	0	0	0	0	0	0	0	ghwufang
4	13	50	物防(13级)	30	140	13	10	172800	1400	2800000	650	370	0	0	0	0	480	0	0	0	0	0	0	0	0	0	0	ghwufang
4	14	50	物防(14级)	30	150	14	10	172800	1490	2990000	700	367	0	0	0	0	540	0	0	0	0	0	0	0	0	0	0	ghwufang
4	15	50	物防(15级)	30	160	15	10	172800	1590	3180000	750	364	0	0	0	0	600	0	0	0	0	0	0	0	0	0	0	ghwufang
4	16	50	物防(16级)	30	170	16	10	172800	1690	4212500	800	362	0	0	0	0	660	0	0	0	0	0	0	0	0	0	0	ghwufang
4	17	50	物防(17级)	30	180	17	10	172800	1780	4462500	850	359	0	0	0	0	720	0	0	0	0	0	0	0	0	0	0	ghwufang
4	18	50	物防(18级)	30	190	18	10	172800	1880	4700000	900	357	0	0	0	0	780	0	0	0	0	0	0	0	0	0	0	ghwufang
4	19	50	物防(19级)	30	200	19	10	172800	1980	4937500	950	355	0	0	0	0	840	0	0	0	0	0	0	0	0	0	0	ghwufang
4	20	50	物防(20级)	30	210	20	10	172800	2070	5175000	1000	354	0	0	0	0	900	0	0	0	0	0	0	0	0	0	0	ghwufang
4	21	50	物防(21级)	30	220	21	10	172800	2330	6990000	1050	352	0	0	0	0	990	0	0	0	0	0	0	0	0	0	0	ghwufang
4	22	50	物防(22级)	30	230	22	10	172800	2430	7305000	1100	351	0	0	0	0	1080	0	0	0	0	0	0	0	0	0	0	ghwufang
4	23	50	物防(23级)	30	240	23	10	172800	2540	7620000	1150	350	0	0	0	0	1170	0	0	0	0	0	0	0	0	0	0	ghwufang
4	24	50	物防(24级)	30	250	24	10	172800	2640	7935000	1200	348	0	0	0	0	1260	0	0	0	0	0	0	0	0	0	0	ghwufang
4	25	50	物防(25级)	30	260	25	10	172800	2750	8235000	1250	347	0	0	0	0	1350	0	0	0	0	0	0	0	0	0	0	ghwufang
4	26	50	物防(26级)	30	270	26	10	172800	2850	9975000	1300	346	0	0	0	0	1440	0	0	0	0	0	0	0	0	0	0	ghwufang
4	27	50	物防(27级)	30	280	27	10	172800	2960	10342500	1350	345	0	0	0	0	1530	0	0	0	0	0	0	0	0	0	0	ghwufang
4	28	50	物防(28级)	30	290	28	10	172800	3060	10710000	1400	345	0	0	0	0	1620	0	0	0	0	0	0	0	0	0	0	ghwufang
4	29	50	物防(29级)	30	300	29	10	172800	3160	11077500	1450	344	0	0	0	0	1710	0	0	0	0	0	0	0	0	0	0	ghwufang
4	30	50	物防(30级)	30	310	30	10	172800	3270	11445000	1500	343	0	0	0	0	1800	0	0	0	0	0	0	0	0	0	0	ghwufang
4	31	50	物防(31级)	30	320	31	10	172800	3610	14460000	1550	342	0	0	0	0	1920	0	0	0	0	0	0	0	0	0	0	ghwufang
4	32	50	物防(32级)	30	330	32	10	172800	3730	14900000	1600	342	0	0	0	0	2040	0	0	0	0	0	0	0	0	0	0	ghwufang
4	33	50	物防(33级)	30	340	33	10	172800	3840	15360000	1650	341	0	0	0	0	2160	0	0	0	0	0	0	0	0	0	0	ghwufang
4	34	50	物防(34级)	30	350	34	10	172800	3950	15800000	1700	340	0	0	0	0	2280	0	0	0	0	0	0	0	0	0	0	ghwufang
4	35	50	物防(35级)	30	360	35	10	172800	4060	16260000	1750	340	0	0	0	0	2400	0	0	0	0	0	0	0	0	0	0	ghwufang
4	36	50	物防(36级)	30	370	36	10	172800	4180	18787500	1800	339	0	0	0	0	2520	0	0	0	0	0	0	0	0	0	0	ghwufang
4	37	50	物防(37级)	30	380	37	10	172800	4290	19305000	1850	339	0	0	0	0	2640	0	0	0	0	0	0	0	0	0	0	ghwufang
4	38	50	物防(38级)	30	390	38	10	172800	4400	19800000	1900	339	0	0	0	0	2760	0	0	0	0	0	0	0	0	0	0	ghwufang
4	39	50	物防(39级)	30	400	39	10	172800	4510	20317500	1950	338	0	0	0	0	2880	0	0	0	0	0	0	0	0	0	0	ghwufang
4	40	50	物防(40级)	30	410	40	10	172800	4630	20812500	2000	338	0	0	0	0	3000	0	0	0	0	0	0	0	0	0	0	ghwufang
4	41	50	物防(41级)	30	420	41	10	172800	5060	25300000	2050	337	0	0	0	0	3150	0	0	0	0	0	0	0	0	0	0	ghwufang
4	42	50	物防(42级)	30	430	42	10	172800	5180	25900000	2100	337	0	0	0	0	3300	0	0	0	0	0	0	0	0	0	0	ghwufang
4	43	50	物防(43级)	30	440	43	10	172800	5300	26500000	2150	337	0	0	0	0	3450	0	0	0	0	0	0	0	0	0	0	ghwufang
4	44	50	物防(44级)	30	450	44	10	172800	5420	27100000	2200	336	0	0	0	0	3600	0	0	0	0	0	0	0	0	0	0	ghwufang
4	45	50	物防(45级)	30	460	45	10	172800	5540	27700000	2250	336	0	0	0	0	3750	0	0	0	0	0	0	0	0	0	0	ghwufang
4	46	50	物防(46级)	30	470	46	10	172800	5660	31157500	2300	336	0	0	0	0	3900	0	0	0	0	0	0	0	0	0	0	ghwufang
4	47	50	物防(47级)	30	480	47	10	172800	5780	31817500	2350	335	0	0	0	0	4050	0	0	0	0	0	0	0	0	0	0	ghwufang
4	48	50	物防(48级)	30	490	48	10	172800	5900	32477500	2400	335	0	0	0	0	4200	0	0	0	0	0	0	0	0	0	0	ghwufang
4	49	50	物防(49级)	30	500	49	10	172800	6020	33137500	2450	335	0	0	0	0	4350	0	0	0	0	0	0	0	0	0	0	ghwufang
4	50	50	物防(50级)	30	510	50	10	172800	6140	33797500	2500	334	0	0	0	0	4500	0	0	0	0	0	0	0	0	0	0	ghwufang
5	1	50	法防(1级)	30	20	1	10	172800	240	240000	50	665	0	0	0	0	0	0	30	0	0	0	0	0	0	0	0	ghfafang
5	2	50	法防(2级)	30	30	2	10	172800	330	330000	100	550	0	0	0	0	0	0	60	0	0	0	0	0	0	0	0	ghfafang
5	3	50	法防(3级)	30	40	3	10	172800	420	420000	150	493	0	0	0	0	0	0	90	0	0	0	0	0	0	0	0	ghfafang
5	4	50	法防(4级)	30	50	4	10	172800	510	505000	200	458	0	0	0	0	0	0	120	0	0	0	0	0	0	0	0	ghfafang
5	5	50	法防(5级)	30	60	5	10	172800	590	595000	250	435	0	0	0	0	0	0	150	0	0	0	0	0	0	0	0	ghfafang
5	6	50	法防(6级)	30	70	6	10	172800	680	1027500	300	419	0	0	0	0	0	0	180	0	0	0	0	0	0	0	0	ghfafang
5	7	50	法防(7级)	30	80	7	10	172800	770	1155000	350	407	0	0	0	0	0	0	210	0	0	0	0	0	0	0	0	ghfafang
5	8	50	法防(8级)	30	90	8	10	172800	860	1290000	400	397	0	0	0	0	0	0	240	0	0	0	0	0	0	0	0	ghfafang
5	9	50	法防(9级)	30	100	9	10	172800	950	1425000	450	389	0	0	0	0	0	0	270	0	0	0	0	0	0	0	0	ghfafang
5	10	50	法防(10级)	30	110	10	10	172800	1040	1552500	500	383	0	0	0	0	0	0	300	0	0	0	0	0	0	0	0	ghfafang
5	11	50	法防(11级)	30	120	11	10	172800	1200	2410000	550	378	0	0	0	0	0	0	360	0	0	0	0	0	0	0	0	ghfafang
5	12	50	法防(12级)	30	130	12	10	172800	1300	2600000	600	374	0	0	0	0	0	0	420	0	0	0	0	0	0	0	0	ghfafang
5	13	50	法防(13级)	30	140	13	10	172800	1400	2800000	650	370	0	0	0	0	0	0	480	0	0	0	0	0	0	0	0	ghfafang
5	14	50	法防(14级)	30	150	14	10	172800	1490	2990000	700	367	0	0	0	0	0	0	540	0	0	0	0	0	0	0	0	ghfafang
5	15	50	法防(15级)	30	160	15	10	172800	1590	3180000	750	364	0	0	0	0	0	0	600	0	0	0	0	0	0	0	0	ghfafang
5	16	50	法防(16级)	30	170	16	10	172800	1690	4212500	800	362	0	0	0	0	0	0	660	0	0	0	0	0	0	0	0	ghfafang
5	17	50	法防(17级)	30	180	17	10	172800	1780	4462500	850	359	0	0	0	0	0	0	720	0	0	0	0	0	0	0	0	ghfafang
5	18	50	法防(18级)	30	190	18	10	172800	1880	4700000	900	357	0	0	0	0	0	0	780	0	0	0	0	0	0	0	0	ghfafang
5	19	50	法防(19级)	30	200	19	10	172800	1980	4937500	950	355	0	0	0	0	0	0	840	0	0	0	0	0	0	0	0	ghfafang
5	20	50	法防(20级)	30	210	20	10	172800	2070	5175000	1000	354	0	0	0	0	0	0	900	0	0	0	0	0	0	0	0	ghfafang
5	21	50	法防(21级)	30	220	21	10	172800	2330	6990000	1050	352	0	0	0	0	0	0	990	0	0	0	0	0	0	0	0	ghfafang
5	22	50	法防(22级)	30	230	22	10	172800	2430	7305000	1100	351	0	0	0	0	0	0	1080	0	0	0	0	0	0	0	0	ghfafang
5	23	50	法防(23级)	30	240	23	10	172800	2540	7620000	1150	350	0	0	0	0	0	0	1170	0	0	0	0	0	0	0	0	ghfafang
5	24	50	法防(24级)	30	250	24	10	172800	2640	7935000	1200	348	0	0	0	0	0	0	1260	0	0	0	0	0	0	0	0	ghfafang
5	25	50	法防(25级)	30	260	25	10	172800	2750	8235000	1250	347	0	0	0	0	0	0	1350	0	0	0	0	0	0	0	0	ghfafang
5	26	50	法防(26级)	30	270	26	10	172800	2850	9975000	1300	346	0	0	0	0	0	0	1440	0	0	0	0	0	0	0	0	ghfafang
5	27	50	法防(27级)	30	280	27	10	172800	2960	10342500	1350	345	0	0	0	0	0	0	1530	0	0	0	0	0	0	0	0	ghfafang
5	28	50	法防(28级)	30	290	28	10	172800	3060	10710000	1400	345	0	0	0	0	0	0	1620	0	0	0	0	0	0	0	0	ghfafang
5	29	50	法防(29级)	30	300	29	10	172800	3160	11077500	1450	344	0	0	0	0	0	0	1710	0	0	0	0	0	0	0	0	ghfafang
5	30	50	法防(30级)	30	310	30	10	172800	3270	11445000	1500	343	0	0	0	0	0	0	1800	0	0	0	0	0	0	0	0	ghfafang
5	31	50	法防(31级)	30	320	31	10	172800	3610	14460000	1550	342	0	0	0	0	0	0	1920	0	0	0	0	0	0	0	0	ghfafang
5	32	50	法防(32级)	30	330	32	10	172800	3730	14900000	1600	342	0	0	0	0	0	0	2040	0	0	0	0	0	0	0	0	ghfafang
5	33	50	法防(33级)	30	340	33	10	172800	3840	15360000	1650	341	0	0	0	0	0	0	2160	0	0	0	0	0	0	0	0	ghfafang
5	34	50	法防(34级)	30	350	34	10	172800	3950	15800000	1700	340	0	0	0	0	0	0	2280	0	0	0	0	0	0	0	0	ghfafang
5	35	50	法防(35级)	30	360	35	10	172800	4060	16260000	1750	340	0	0	0	0	0	0	2400	0	0	0	0	0	0	0	0	ghfafang
5	36	50	法防(36级)	30	370	36	10	172800	4180	18787500	1800	339	0	0	0	0	0	0	2520	0	0	0	0	0	0	0	0	ghfafang
5	37	50	法防(37级)	30	380	37	10	172800	4290	19305000	1850	339	0	0	0	0	0	0	2640	0	0	0	0	0	0	0	0	ghfafang
5	38	50	法防(38级)	30	390	38	10	172800	4400	19800000	1900	339	0	0	0	0	0	0	2760	0	0	0	0	0	0	0	0	ghfafang
5	39	50	法防(39级)	30	400	39	10	172800	4510	20317500	1950	338	0	0	0	0	0	0	2880	0	0	0	0	0	0	0	0	ghfafang
5	40	50	法防(40级)	30	410	40	10	172800	4630	20812500	2000	338	0	0	0	0	0	0	3000	0	0	0	0	0	0	0	0	ghfafang
5	41	50	法防(41级)	30	420	41	10	172800	5060	25300000	2050	337	0	0	0	0	0	0	3150	0	0	0	0	0	0	0	0	ghfafang
5	42	50	法防(42级)	30	430	42	10	172800	5180	25900000	2100	337	0	0	0	0	0	0	3300	0	0	0	0	0	0	0	0	ghfafang
5	43	50	法防(43级)	30	440	43	10	172800	5300	26500000	2150	337	0	0	0	0	0	0	3450	0	0	0	0	0	0	0	0	ghfafang
5	44	50	法防(44级)	30	450	44	10	172800	5420	27100000	2200	336	0	0	0	0	0	0	3600	0	0	0	0	0	0	0	0	ghfafang
5	45	50	法防(45级)	30	460	45	10	172800	5540	27700000	2250	336	0	0	0	0	0	0	3750	0	0	0	0	0	0	0	0	ghfafang
5	46	50	法防(46级)	30	470	46	10	172800	5660	31157500	2300	336	0	0	0	0	0	0	3900	0	0	0	0	0	0	0	0	ghfafang
5	47	50	法防(47级)	30	480	47	10	172800	5780	31817500	2350	335	0	0	0	0	0	0	4050	0	0	0	0	0	0	0	0	ghfafang
5	48	50	法防(48级)	30	490	48	10	172800	5900	32477500	2400	335	0	0	0	0	0	0	4200	0	0	0	0	0	0	0	0	ghfafang
5	49	50	法防(49级)	30	500	49	10	172800	6020	33137500	2450	335	0	0	0	0	0	0	4350	0	0	0	0	0	0	0	0	ghfafang
5	50	50	法防(50级)	30	510	50	10	172800	6140	33797500	2500	334	0	0	0	0	0	0	4500	0	0	0	0	0	0	0	0	ghfafang
6	1	50	暴击(1级)	60	20	1	10	172800	240	240000	50	665	0	0	0	0	0	0	0	30	0	0	0	0	0	0	0	ghbaoji
6	2	50	暴击(2级)	60	30	2	10	172800	330	330000	100	550	0	0	0	0	0	0	0	60	0	0	0	0	0	0	0	ghbaoji
6	3	50	暴击(3级)	60	40	3	10	172800	420	420000	150	493	0	0	0	0	0	0	0	90	0	0	0	0	0	0	0	ghbaoji
6	4	50	暴击(4级)	60	50	4	10	172800	510	505000	200	458	0	0	0	0	0	0	0	120	0	0	0	0	0	0	0	ghbaoji
6	5	50	暴击(5级)	60	60	5	10	172800	590	595000	250	435	0	0	0	0	0	0	0	150	0	0	0	0	0	0	0	ghbaoji
6	6	50	暴击(6级)	60	70	6	10	172800	680	1027500	300	419	0	0	0	0	0	0	0	180	0	0	0	0	0	0	0	ghbaoji
6	7	50	暴击(7级)	60	80	7	10	172800	770	1155000	350	407	0	0	0	0	0	0	0	210	0	0	0	0	0	0	0	ghbaoji
6	8	50	暴击(8级)	60	90	8	10	172800	860	1290000	400	397	0	0	0	0	0	0	0	240	0	0	0	0	0	0	0	ghbaoji
6	9	50	暴击(9级)	60	100	9	10	172800	950	1425000	450	389	0	0	0	0	0	0	0	270	0	0	0	0	0	0	0	ghbaoji
6	10	50	暴击(10级)	60	110	10	10	172800	1040	1552500	500	383	0	0	0	0	0	0	0	300	0	0	0	0	0	0	0	ghbaoji
6	11	50	暴击(11级)	60	120	11	10	172800	1200	2410000	550	378	0	0	0	0	0	0	0	360	0	0	0	0	0	0	0	ghbaoji
6	12	50	暴击(12级)	60	130	12	10	172800	1300	2600000	600	374	0	0	0	0	0	0	0	420	0	0	0	0	0	0	0	ghbaoji
6	13	50	暴击(13级)	60	140	13	10	172800	1400	2800000	650	370	0	0	0	0	0	0	0	480	0	0	0	0	0	0	0	ghbaoji
6	14	50	暴击(14级)	60	150	14	10	172800	1490	2990000	700	367	0	0	0	0	0	0	0	540	0	0	0	0	0	0	0	ghbaoji
6	15	50	暴击(15级)	60	160	15	10	172800	1590	3180000	750	364	0	0	0	0	0	0	0	600	0	0	0	0	0	0	0	ghbaoji
6	16	50	暴击(16级)	60	170	16	10	172800	1690	4212500	800	362	0	0	0	0	0	0	0	660	0	0	0	0	0	0	0	ghbaoji
6	17	50	暴击(17级)	60	180	17	10	172800	1780	4462500	850	359	0	0	0	0	0	0	0	720	0	0	0	0	0	0	0	ghbaoji
6	18	50	暴击(18级)	60	190	18	10	172800	1880	4700000	900	357	0	0	0	0	0	0	0	780	0	0	0	0	0	0	0	ghbaoji
6	19	50	暴击(19级)	60	200	19	10	172800	1980	4937500	950	355	0	0	0	0	0	0	0	840	0	0	0	0	0	0	0	ghbaoji
6	20	50	暴击(20级)	60	210	20	10	172800	2070	5175000	1000	354	0	0	0	0	0	0	0	900	0	0	0	0	0	0	0	ghbaoji
6	21	50	暴击(21级)	60	220	21	10	172800	2330	6990000	1050	352	0	0	0	0	0	0	0	990	0	0	0	0	0	0	0	ghbaoji
6	22	50	暴击(22级)	60	230	22	10	172800	2430	7305000	1100	351	0	0	0	0	0	0	0	1080	0	0	0	0	0	0	0	ghbaoji
6	23	50	暴击(23级)	60	240	23	10	172800	2540	7620000	1150	350	0	0	0	0	0	0	0	1170	0	0	0	0	0	0	0	ghbaoji
6	24	50	暴击(24级)	60	250	24	10	172800	2640	7935000	1200	348	0	0	0	0	0	0	0	1260	0	0	0	0	0	0	0	ghbaoji
6	25	50	暴击(25级)	60	260	25	10	172800	2750	8235000	1250	347	0	0	0	0	0	0	0	1350	0	0	0	0	0	0	0	ghbaoji
6	26	50	暴击(26级)	60	270	26	10	172800	2850	9975000	1300	346	0	0	0	0	0	0	0	1440	0	0	0	0	0	0	0	ghbaoji
6	27	50	暴击(27级)	60	280	27	10	172800	2960	10342500	1350	345	0	0	0	0	0	0	0	1530	0	0	0	0	0	0	0	ghbaoji
6	28	50	暴击(28级)	60	290	28	10	172800	3060	10710000	1400	345	0	0	0	0	0	0	0	1620	0	0	0	0	0	0	0	ghbaoji
6	29	50	暴击(29级)	60	300	29	10	172800	3160	11077500	1450	344	0	0	0	0	0	0	0	1710	0	0	0	0	0	0	0	ghbaoji
6	30	50	暴击(30级)	60	310	30	10	172800	3270	11445000	1500	343	0	0	0	0	0	0	0	1800	0	0	0	0	0	0	0	ghbaoji
6	31	50	暴击(31级)	60	320	31	10	172800	3610	14460000	1550	342	0	0	0	0	0	0	0	1920	0	0	0	0	0	0	0	ghbaoji
6	32	50	暴击(32级)	60	330	32	10	172800	3730	14900000	1600	342	0	0	0	0	0	0	0	2040	0	0	0	0	0	0	0	ghbaoji
6	33	50	暴击(33级)	60	340	33	10	172800	3840	15360000	1650	341	0	0	0	0	0	0	0	2160	0	0	0	0	0	0	0	ghbaoji
6	34	50	暴击(34级)	60	350	34	10	172800	3950	15800000	1700	340	0	0	0	0	0	0	0	2280	0	0	0	0	0	0	0	ghbaoji
6	35	50	暴击(35级)	60	360	35	10	172800	4060	16260000	1750	340	0	0	0	0	0	0	0	2400	0	0	0	0	0	0	0	ghbaoji
6	36	50	暴击(36级)	60	370	36	10	172800	4180	18787500	1800	339	0	0	0	0	0	0	0	2520	0	0	0	0	0	0	0	ghbaoji
6	37	50	暴击(37级)	60	380	37	10	172800	4290	19305000	1850	339	0	0	0	0	0	0	0	2640	0	0	0	0	0	0	0	ghbaoji
6	38	50	暴击(38级)	60	390	38	10	172800	4400	19800000	1900	339	0	0	0	0	0	0	0	2760	0	0	0	0	0	0	0	ghbaoji
6	39	50	暴击(39级)	60	400	39	10	172800	4510	20317500	1950	338	0	0	0	0	0	0	0	2880	0	0	0	0	0	0	0	ghbaoji
6	40	50	暴击(40级)	60	410	40	10	172800	4630	20812500	2000	338	0	0	0	0	0	0	0	3000	0	0	0	0	0	0	0	ghbaoji
6	41	50	暴击(41级)	60	420	41	10	172800	5060	25300000	2050	337	0	0	0	0	0	0	0	3150	0	0	0	0	0	0	0	ghbaoji
6	42	50	暴击(42级)	60	430	42	10	172800	5180	25900000	2100	337	0	0	0	0	0	0	0	3300	0	0	0	0	0	0	0	ghbaoji
6	43	50	暴击(43级)	60	440	43	10	172800	5300	26500000	2150	337	0	0	0	0	0	0	0	3450	0	0	0	0	0	0	0	ghbaoji
6	44	50	暴击(44级)	60	450	44	10	172800	5420	27100000	2200	336	0	0	0	0	0	0	0	3600	0	0	0	0	0	0	0	ghbaoji
6	45	50	暴击(45级)	60	460	45	10	172800	5540	27700000	2250	336	0	0	0	0	0	0	0	3750	0	0	0	0	0	0	0	ghbaoji
6	46	50	暴击(46级)	60	470	46	10	172800	5660	31157500	2300	336	0	0	0	0	0	0	0	3900	0	0	0	0	0	0	0	ghbaoji
6	47	50	暴击(47级)	60	480	47	10	172800	5780	31817500	2350	335	0	0	0	0	0	0	0	4050	0	0	0	0	0	0	0	ghbaoji
6	48	50	暴击(48级)	60	490	48	10	172800	5900	32477500	2400	335	0	0	0	0	0	0	0	4200	0	0	0	0	0	0	0	ghbaoji
6	49	50	暴击(49级)	60	500	49	10	172800	6020	33137500	2450	335	0	0	0	0	0	0	0	4350	0	0	0	0	0	0	0	ghbaoji
6	50	50	暴击(50级)	60	510	50	10	172800	6140	33797500	2500	334	0	0	0	0	0	0	0	4500	0	0	0	0	0	0	0	ghbaoji
7	1	50	免暴(1级)	60	20	1	10	172800	240	240000	50	665	0	0	0	0	0	0	0	0	30	0	0	0	0	0	0	ghmianbao
7	2	50	免暴(2级)	60	30	2	10	172800	330	330000	100	550	0	0	0	0	0	0	0	0	60	0	0	0	0	0	0	ghmianbao
7	3	50	免暴(3级)	60	40	3	10	172800	420	420000	150	493	0	0	0	0	0	0	0	0	90	0	0	0	0	0	0	ghmianbao
7	4	50	免暴(4级)	60	50	4	10	172800	510	505000	200	458	0	0	0	0	0	0	0	0	120	0	0	0	0	0	0	ghmianbao
7	5	50	免暴(5级)	60	60	5	10	172800	590	595000	250	435	0	0	0	0	0	0	0	0	150	0	0	0	0	0	0	ghmianbao
7	6	50	免暴(6级)	60	70	6	10	172800	680	1027500	300	419	0	0	0	0	0	0	0	0	180	0	0	0	0	0	0	ghmianbao
7	7	50	免暴(7级)	60	80	7	10	172800	770	1155000	350	407	0	0	0	0	0	0	0	0	210	0	0	0	0	0	0	ghmianbao
7	8	50	免暴(8级)	60	90	8	10	172800	860	1290000	400	397	0	0	0	0	0	0	0	0	240	0	0	0	0	0	0	ghmianbao
7	9	50	免暴(9级)	60	100	9	10	172800	950	1425000	450	389	0	0	0	0	0	0	0	0	270	0	0	0	0	0	0	ghmianbao
7	10	50	免暴(10级)	60	110	10	10	172800	1040	1552500	500	383	0	0	0	0	0	0	0	0	300	0	0	0	0	0	0	ghmianbao
7	11	50	免暴(11级)	60	120	11	10	172800	1200	2410000	550	378	0	0	0	0	0	0	0	0	360	0	0	0	0	0	0	ghmianbao
7	12	50	免暴(12级)	60	130	12	10	172800	1300	2600000	600	374	0	0	0	0	0	0	0	0	420	0	0	0	0	0	0	ghmianbao
7	13	50	免暴(13级)	60	140	13	10	172800	1400	2800000	650	370	0	0	0	0	0	0	0	0	480	0	0	0	0	0	0	ghmianbao
7	14	50	免暴(14级)	60	150	14	10	172800	1490	2990000	700	367	0	0	0	0	0	0	0	0	540	0	0	0	0	0	0	ghmianbao
7	15	50	免暴(15级)	60	160	15	10	172800	1590	3180000	750	364	0	0	0	0	0	0	0	0	600	0	0	0	0	0	0	ghmianbao
7	16	50	免暴(16级)	60	170	16	10	172800	1690	4212500	800	362	0	0	0	0	0	0	0	0	660	0	0	0	0	0	0	ghmianbao
7	17	50	免暴(17级)	60	180	17	10	172800	1780	4462500	850	359	0	0	0	0	0	0	0	0	720	0	0	0	0	0	0	ghmianbao
7	18	50	免暴(18级)	60	190	18	10	172800	1880	4700000	900	357	0	0	0	0	0	0	0	0	780	0	0	0	0	0	0	ghmianbao
7	19	50	免暴(19级)	60	200	19	10	172800	1980	4937500	950	355	0	0	0	0	0	0	0	0	840	0	0	0	0	0	0	ghmianbao
7	20	50	免暴(20级)	60	210	20	10	172800	2070	5175000	1000	354	0	0	0	0	0	0	0	0	900	0	0	0	0	0	0	ghmianbao
7	21	50	免暴(21级)	60	220	21	10	172800	2330	6990000	1050	352	0	0	0	0	0	0	0	0	990	0	0	0	0	0	0	ghmianbao
7	22	50	免暴(22级)	60	230	22	10	172800	2430	7305000	1100	351	0	0	0	0	0	0	0	0	1080	0	0	0	0	0	0	ghmianbao
7	23	50	免暴(23级)	60	240	23	10	172800	2540	7620000	1150	350	0	0	0	0	0	0	0	0	1170	0	0	0	0	0	0	ghmianbao
7	24	50	免暴(24级)	60	250	24	10	172800	2640	7935000	1200	348	0	0	0	0	0	0	0	0	1260	0	0	0	0	0	0	ghmianbao
7	25	50	免暴(25级)	60	260	25	10	172800	2750	8235000	1250	347	0	0	0	0	0	0	0	0	1350	0	0	0	0	0	0	ghmianbao
7	26	50	免暴(26级)	60	270	26	10	172800	2850	9975000	1300	346	0	0	0	0	0	0	0	0	1440	0	0	0	0	0	0	ghmianbao
7	27	50	免暴(27级)	60	280	27	10	172800	2960	10342500	1350	345	0	0	0	0	0	0	0	0	1530	0	0	0	0	0	0	ghmianbao
7	28	50	免暴(28级)	60	290	28	10	172800	3060	10710000	1400	345	0	0	0	0	0	0	0	0	1620	0	0	0	0	0	0	ghmianbao
7	29	50	免暴(29级)	60	300	29	10	172800	3160	11077500	1450	344	0	0	0	0	0	0	0	0	1710	0	0	0	0	0	0	ghmianbao
7	30	50	免暴(30级)	60	310	30	10	172800	3270	11445000	1500	343	0	0	0	0	0	0	0	0	1800	0	0	0	0	0	0	ghmianbao
7	31	50	免暴(31级)	60	320	31	10	172800	3610	14460000	1550	342	0	0	0	0	0	0	0	0	1920	0	0	0	0	0	0	ghmianbao
7	32	50	免暴(32级)	60	330	32	10	172800	3730	14900000	1600	342	0	0	0	0	0	0	0	0	2040	0	0	0	0	0	0	ghmianbao
7	33	50	免暴(33级)	60	340	33	10	172800	3840	15360000	1650	341	0	0	0	0	0	0	0	0	2160	0	0	0	0	0	0	ghmianbao
7	34	50	免暴(34级)	60	350	34	10	172800	3950	15800000	1700	340	0	0	0	0	0	0	0	0	2280	0	0	0	0	0	0	ghmianbao
7	35	50	免暴(35级)	60	360	35	10	172800	4060	16260000	1750	340	0	0	0	0	0	0	0	0	2400	0	0	0	0	0	0	ghmianbao
7	36	50	免暴(36级)	60	370	36	10	172800	4180	18787500	1800	339	0	0	0	0	0	0	0	0	2520	0	0	0	0	0	0	ghmianbao
7	37	50	免暴(37级)	60	380	37	10	172800	4290	19305000	1850	339	0	0	0	0	0	0	0	0	2640	0	0	0	0	0	0	ghmianbao
7	38	50	免暴(38级)	60	390	38	10	172800	4400	19800000	1900	339	0	0	0	0	0	0	0	0	2760	0	0	0	0	0	0	ghmianbao
7	39	50	免暴(39级)	60	400	39	10	172800	4510	20317500	1950	338	0	0	0	0	0	0	0	0	2880	0	0	0	0	0	0	ghmianbao
7	40	50	免暴(40级)	60	410	40	10	172800	4630	20812500	2000	338	0	0	0	0	0	0	0	0	3000	0	0	0	0	0	0	ghmianbao
7	41	50	免暴(41级)	60	420	41	10	172800	5060	25300000	2050	337	0	0	0	0	0	0	0	0	3150	0	0	0	0	0	0	ghmianbao
7	42	50	免暴(42级)	60	430	42	10	172800	5180	25900000	2100	337	0	0	0	0	0	0	0	0	3300	0	0	0	0	0	0	ghmianbao
7	43	50	免暴(43级)	60	440	43	10	172800	5300	26500000	2150	337	0	0	0	0	0	0	0	0	3450	0	0	0	0	0	0	ghmianbao
7	44	50	免暴(44级)	60	450	44	10	172800	5420	27100000	2200	336	0	0	0	0	0	0	0	0	3600	0	0	0	0	0	0	ghmianbao
7	45	50	免暴(45级)	60	460	45	10	172800	5540	27700000	2250	336	0	0	0	0	0	0	0	0	3750	0	0	0	0	0	0	ghmianbao
7	46	50	免暴(46级)	60	470	46	10	172800	5660	31157500	2300	336	0	0	0	0	0	0	0	0	3900	0	0	0	0	0	0	ghmianbao
7	47	50	免暴(47级)	60	480	47	10	172800	5780	31817500	2350	335	0	0	0	0	0	0	0	0	4050	0	0	0	0	0	0	ghmianbao
7	48	50	免暴(48级)	60	490	48	10	172800	5900	32477500	2400	335	0	0	0	0	0	0	0	0	4200	0	0	0	0	0	0	ghmianbao
7	49	50	免暴(49级)	60	500	49	10	172800	6020	33137500	2450	335	0	0	0	0	0	0	0	0	4350	0	0	0	0	0	0	ghmianbao
7	50	50	免暴(50级)	60	510	50	10	172800	6140	33797500	2500	334	0	0	0	0	0	0	0	0	4500	0	0	0	0	0	0	ghmianbao
8	1	50	格挡(1级)	60	20	1	10	172800	240	240000	50	665	0	0	0	0	0	0	0	0	0	0	0	30	0	0	0	ghgedang
8	2	50	格挡(2级)	60	30	2	10	172800	330	330000	100	550	0	0	0	0	0	0	0	0	0	0	0	60	0	0	0	ghgedang
8	3	50	格挡(3级)	60	40	3	10	172800	420	420000	150	493	0	0	0	0	0	0	0	0	0	0	0	90	0	0	0	ghgedang
8	4	50	格挡(4级)	60	50	4	10	172800	510	505000	200	458	0	0	0	0	0	0	0	0	0	0	0	120	0	0	0	ghgedang
8	5	50	格挡(5级)	60	60	5	10	172800	590	595000	250	435	0	0	0	0	0	0	0	0	0	0	0	150	0	0	0	ghgedang
8	6	50	格挡(6级)	60	70	6	10	172800	680	1027500	300	419	0	0	0	0	0	0	0	0	0	0	0	180	0	0	0	ghgedang
8	7	50	格挡(7级)	60	80	7	10	172800	770	1155000	350	407	0	0	0	0	0	0	0	0	0	0	0	210	0	0	0	ghgedang
8	8	50	格挡(8级)	60	90	8	10	172800	860	1290000	400	397	0	0	0	0	0	0	0	0	0	0	0	240	0	0	0	ghgedang
8	9	50	格挡(9级)	60	100	9	10	172800	950	1425000	450	389	0	0	0	0	0	0	0	0	0	0	0	270	0	0	0	ghgedang
8	10	50	格挡(10级)	60	110	10	10	172800	1040	1552500	500	383	0	0	0	0	0	0	0	0	0	0	0	300	0	0	0	ghgedang
8	11	50	格挡(11级)	60	120	11	10	172800	1200	2410000	550	378	0	0	0	0	0	0	0	0	0	0	0	360	0	0	0	ghgedang
8	12	50	格挡(12级)	60	130	12	10	172800	1300	2600000	600	374	0	0	0	0	0	0	0	0	0	0	0	420	0	0	0	ghgedang
8	13	50	格挡(13级)	60	140	13	10	172800	1400	2800000	650	370	0	0	0	0	0	0	0	0	0	0	0	480	0	0	0	ghgedang
8	14	50	格挡(14级)	60	150	14	10	172800	1490	2990000	700	367	0	0	0	0	0	0	0	0	0	0	0	540	0	0	0	ghgedang
8	15	50	格挡(15级)	60	160	15	10	172800	1590	3180000	750	364	0	0	0	0	0	0	0	0	0	0	0	600	0	0	0	ghgedang
8	16	50	格挡(16级)	60	170	16	10	172800	1690	4212500	800	362	0	0	0	0	0	0	0	0	0	0	0	660	0	0	0	ghgedang
8	17	50	格挡(17级)	60	180	17	10	172800	1780	4462500	850	359	0	0	0	0	0	0	0	0	0	0	0	720	0	0	0	ghgedang
8	18	50	格挡(18级)	60	190	18	10	172800	1880	4700000	900	357	0	0	0	0	0	0	0	0	0	0	0	780	0	0	0	ghgedang
8	19	50	格挡(19级)	60	200	19	10	172800	1980	4937500	950	355	0	0	0	0	0	0	0	0	0	0	0	840	0	0	0	ghgedang
8	20	50	格挡(20级)	60	210	20	10	172800	2070	5175000	1000	354	0	0	0	0	0	0	0	0	0	0	0	900	0	0	0	ghgedang
8	21	50	格挡(21级)	60	220	21	10	172800	2330	6990000	1050	352	0	0	0	0	0	0	0	0	0	0	0	990	0	0	0	ghgedang
8	22	50	格挡(22级)	60	230	22	10	172800	2430	7305000	1100	351	0	0	0	0	0	0	0	0	0	0	0	1080	0	0	0	ghgedang
8	23	50	格挡(23级)	60	240	23	10	172800	2540	7620000	1150	350	0	0	0	0	0	0	0	0	0	0	0	1170	0	0	0	ghgedang
8	24	50	格挡(24级)	60	250	24	10	172800	2640	7935000	1200	348	0	0	0	0	0	0	0	0	0	0	0	1260	0	0	0	ghgedang
8	25	50	格挡(25级)	60	260	25	10	172800	2750	8235000	1250	347	0	0	0	0	0	0	0	0	0	0	0	1350	0	0	0	ghgedang
8	26	50	格挡(26级)	60	270	26	10	172800	2850	9975000	1300	346	0	0	0	0	0	0	0	0	0	0	0	1440	0	0	0	ghgedang
8	27	50	格挡(27级)	60	280	27	10	172800	2960	10342500	1350	345	0	0	0	0	0	0	0	0	0	0	0	1530	0	0	0	ghgedang
8	28	50	格挡(28级)	60	290	28	10	172800	3060	10710000	1400	345	0	0	0	0	0	0	0	0	0	0	0	1620	0	0	0	ghgedang
8	29	50	格挡(29级)	60	300	29	10	172800	3160	11077500	1450	344	0	0	0	0	0	0	0	0	0	0	0	1710	0	0	0	ghgedang
8	30	50	格挡(30级)	60	310	30	10	172800	3270	11445000	1500	343	0	0	0	0	0	0	0	0	0	0	0	1800	0	0	0	ghgedang
8	31	50	格挡(31级)	60	320	31	10	172800	3610	14460000	1550	342	0	0	0	0	0	0	0	0	0	0	0	1920	0	0	0	ghgedang
8	32	50	格挡(32级)	60	330	32	10	172800	3730	14900000	1600	342	0	0	0	0	0	0	0	0	0	0	0	2040	0	0	0	ghgedang
8	33	50	格挡(33级)	60	340	33	10	172800	3840	15360000	1650	341	0	0	0	0	0	0	0	0	0	0	0	2160	0	0	0	ghgedang
8	34	50	格挡(34级)	60	350	34	10	172800	3950	15800000	1700	340	0	0	0	0	0	0	0	0	0	0	0	2280	0	0	0	ghgedang
8	35	50	格挡(35级)	60	360	35	10	172800	4060	16260000	1750	340	0	0	0	0	0	0	0	0	0	0	0	2400	0	0	0	ghgedang
8	36	50	格挡(36级)	60	370	36	10	172800	4180	18787500	1800	339	0	0	0	0	0	0	0	0	0	0	0	2520	0	0	0	ghgedang
8	37	50	格挡(37级)	60	380	37	10	172800	4290	19305000	1850	339	0	0	0	0	0	0	0	0	0	0	0	2640	0	0	0	ghgedang
8	38	50	格挡(38级)	60	390	38	10	172800	4400	19800000	1900	339	0	0	0	0	0	0	0	0	0	0	0	2760	0	0	0	ghgedang
8	39	50	格挡(39级)	60	400	39	10	172800	4510	20317500	1950	338	0	0	0	0	0	0	0	0	0	0	0	2880	0	0	0	ghgedang
8	40	50	格挡(40级)	60	410	40	10	172800	4630	20812500	2000	338	0	0	0	0	0	0	0	0	0	0	0	3000	0	0	0	ghgedang
8	41	50	格挡(41级)	60	420	41	10	172800	5060	25300000	2050	337	0	0	0	0	0	0	0	0	0	0	0	3150	0	0	0	ghgedang
8	42	50	格挡(42级)	60	430	42	10	172800	5180	25900000	2100	337	0	0	0	0	0	0	0	0	0	0	0	3300	0	0	0	ghgedang
8	43	50	格挡(43级)	60	440	43	10	172800	5300	26500000	2150	337	0	0	0	0	0	0	0	0	0	0	0	3450	0	0	0	ghgedang
8	44	50	格挡(44级)	60	450	44	10	172800	5420	27100000	2200	336	0	0	0	0	0	0	0	0	0	0	0	3600	0	0	0	ghgedang
8	45	50	格挡(45级)	60	460	45	10	172800	5540	27700000	2250	336	0	0	0	0	0	0	0	0	0	0	0	3750	0	0	0	ghgedang
8	46	50	格挡(46级)	60	470	46	10	172800	5660	31157500	2300	336	0	0	0	0	0	0	0	0	0	0	0	3900	0	0	0	ghgedang
8	47	50	格挡(47级)	60	480	47	10	172800	5780	31817500	2350	335	0	0	0	0	0	0	0	0	0	0	0	4050	0	0	0	ghgedang
8	48	50	格挡(48级)	60	490	48	10	172800	5900	32477500	2400	335	0	0	0	0	0	0	0	0	0	0	0	4200	0	0	0	ghgedang
8	49	50	格挡(49级)	60	500	49	10	172800	6020	33137500	2450	335	0	0	0	0	0	0	0	0	0	0	0	4350	0	0	0	ghgedang
8	50	50	格挡(50级)	60	510	50	10	172800	6140	33797500	2500	334	0	0	0	0	0	0	0	0	0	0	0	4500	0	0	0	ghgedang
9	1	50	破挡(1级)	60	20	1	10	172800	240	240000	50	665	0	0	0	0	0	0	0	0	0	0	0	0	30	0	0	ghpodang
9	2	50	破挡(2级)	60	30	2	10	172800	330	330000	100	550	0	0	0	0	0	0	0	0	0	0	0	0	60	0	0	ghpodang
9	3	50	破挡(3级)	60	40	3	10	172800	420	420000	150	493	0	0	0	0	0	0	0	0	0	0	0	0	90	0	0	ghpodang
9	4	50	破挡(4级)	60	50	4	10	172800	510	505000	200	458	0	0	0	0	0	0	0	0	0	0	0	0	120	0	0	ghpodang
9	5	50	破挡(5级)	60	60	5	10	172800	590	595000	250	435	0	0	0	0	0	0	0	0	0	0	0	0	150	0	0	ghpodang
9	6	50	破挡(6级)	60	70	6	10	172800	680	1027500	300	419	0	0	0	0	0	0	0	0	0	0	0	0	180	0	0	ghpodang
9	7	50	破挡(7级)	60	80	7	10	172800	770	1155000	350	407	0	0	0	0	0	0	0	0	0	0	0	0	210	0	0	ghpodang
9	8	50	破挡(8级)	60	90	8	10	172800	860	1290000	400	397	0	0	0	0	0	0	0	0	0	0	0	0	240	0	0	ghpodang
9	9	50	破挡(9级)	60	100	9	10	172800	950	1425000	450	389	0	0	0	0	0	0	0	0	0	0	0	0	270	0	0	ghpodang
9	10	50	破挡(10级)	60	110	10	10	172800	1040	1552500	500	383	0	0	0	0	0	0	0	0	0	0	0	0	300	0	0	ghpodang
9	11	50	破挡(11级)	60	120	11	10	172800	1200	2410000	550	378	0	0	0	0	0	0	0	0	0	0	0	0	360	0	0	ghpodang
9	12	50	破挡(12级)	60	130	12	10	172800	1300	2600000	600	374	0	0	0	0	0	0	0	0	0	0	0	0	420	0	0	ghpodang
9	13	50	破挡(13级)	60	140	13	10	172800	1400	2800000	650	370	0	0	0	0	0	0	0	0	0	0	0	0	480	0	0	ghpodang
9	14	50	破挡(14级)	60	150	14	10	172800	1490	2990000	700	367	0	0	0	0	0	0	0	0	0	0	0	0	540	0	0	ghpodang
9	15	50	破挡(15级)	60	160	15	10	172800	1590	3180000	750	364	0	0	0	0	0	0	0	0	0	0	0	0	600	0	0	ghpodang
9	16	50	破挡(16级)	60	170	16	10	172800	1690	4212500	800	362	0	0	0	0	0	0	0	0	0	0	0	0	660	0	0	ghpodang
9	17	50	破挡(17级)	60	180	17	10	172800	1780	4462500	850	359	0	0	0	0	0	0	0	0	0	0	0	0	720	0	0	ghpodang
9	18	50	破挡(18级)	60	190	18	10	172800	1880	4700000	900	357	0	0	0	0	0	0	0	0	0	0	0	0	780	0	0	ghpodang
9	19	50	破挡(19级)	60	200	19	10	172800	1980	4937500	950	355	0	0	0	0	0	0	0	0	0	0	0	0	840	0	0	ghpodang
9	20	50	破挡(20级)	60	210	20	10	172800	2070	5175000	1000	354	0	0	0	0	0	0	0	0	0	0	0	0	900	0	0	ghpodang
9	21	50	破挡(21级)	60	220	21	10	172800	2330	6990000	1050	352	0	0	0	0	0	0	0	0	0	0	0	0	990	0	0	ghpodang
9	22	50	破挡(22级)	60	230	22	10	172800	2430	7305000	1100	351	0	0	0	0	0	0	0	0	0	0	0	0	1080	0	0	ghpodang
9	23	50	破挡(23级)	60	240	23	10	172800	2540	7620000	1150	350	0	0	0	0	0	0	0	0	0	0	0	0	1170	0	0	ghpodang
9	24	50	破挡(24级)	60	250	24	10	172800	2640	7935000	1200	348	0	0	0	0	0	0	0	0	0	0	0	0	1260	0	0	ghpodang
9	25	50	破挡(25级)	60	260	25	10	172800	2750	8235000	1250	347	0	0	0	0	0	0	0	0	0	0	0	0	1350	0	0	ghpodang
9	26	50	破挡(26级)	60	270	26	10	172800	2850	9975000	1300	346	0	0	0	0	0	0	0	0	0	0	0	0	1440	0	0	ghpodang
9	27	50	破挡(27级)	60	280	27	10	172800	2960	10342500	1350	345	0	0	0	0	0	0	0	0	0	0	0	0	1530	0	0	ghpodang
9	28	50	破挡(28级)	60	290	28	10	172800	3060	10710000	1400	345	0	0	0	0	0	0	0	0	0	0	0	0	1620	0	0	ghpodang
9	29	50	破挡(29级)	60	300	29	10	172800	3160	11077500	1450	344	0	0	0	0	0	0	0	0	0	0	0	0	1710	0	0	ghpodang
9	30	50	破挡(30级)	60	310	30	10	172800	3270	11445000	1500	343	0	0	0	0	0	0	0	0	0	0	0	0	1800	0	0	ghpodang
9	31	50	破挡(31级)	60	320	31	10	172800	3610	14460000	1550	342	0	0	0	0	0	0	0	0	0	0	0	0	1920	0	0	ghpodang
9	32	50	破挡(32级)	60	330	32	10	172800	3730	14900000	1600	342	0	0	0	0	0	0	0	0	0	0	0	0	2040	0	0	ghpodang
9	33	50	破挡(33级)	60	340	33	10	172800	3840	15360000	1650	341	0	0	0	0	0	0	0	0	0	0	0	0	2160	0	0	ghpodang
9	34	50	破挡(34级)	60	350	34	10	172800	3950	15800000	1700	340	0	0	0	0	0	0	0	0	0	0	0	0	2280	0	0	ghpodang
9	35	50	破挡(35级)	60	360	35	10	172800	4060	16260000	1750	340	0	0	0	0	0	0	0	0	0	0	0	0	2400	0	0	ghpodang
9	36	50	破挡(36级)	60	370	36	10	172800	4180	18787500	1800	339	0	0	0	0	0	0	0	0	0	0	0	0	2520	0	0	ghpodang
9	37	50	破挡(37级)	60	380	37	10	172800	4290	19305000	1850	339	0	0	0	0	0	0	0	0	0	0	0	0	2640	0	0	ghpodang
9	38	50	破挡(38级)	60	390	38	10	172800	4400	19800000	1900	339	0	0	0	0	0	0	0	0	0	0	0	0	2760	0	0	ghpodang
9	39	50	破挡(39级)	60	400	39	10	172800	4510	20317500	1950	338	0	0	0	0	0	0	0	0	0	0	0	0	2880	0	0	ghpodang
9	40	50	破挡(40级)	60	410	40	10	172800	4630	20812500	2000	338	0	0	0	0	0	0	0	0	0	0	0	0	3000	0	0	ghpodang
9	41	50	破挡(41级)	60	420	41	10	172800	5060	25300000	2050	337	0	0	0	0	0	0	0	0	0	0	0	0	3150	0	0	ghpodang
9	42	50	破挡(42级)	60	430	42	10	172800	5180	25900000	2100	337	0	0	0	0	0	0	0	0	0	0	0	0	3300	0	0	ghpodang
9	43	50	破挡(43级)	60	440	43	10	172800	5300	26500000	2150	337	0	0	0	0	0	0	0	0	0	0	0	0	3450	0	0	ghpodang
9	44	50	破挡(44级)	60	450	44	10	172800	5420	27100000	2200	336	0	0	0	0	0	0	0	0	0	0	0	0	3600	0	0	ghpodang
9	45	50	破挡(45级)	60	460	45	10	172800	5540	27700000	2250	336	0	0	0	0	0	0	0	0	0	0	0	0	3750	0	0	ghpodang
9	46	50	破挡(46级)	60	470	46	10	172800	5660	31157500	2300	336	0	0	0	0	0	0	0	0	0	0	0	0	3900	0	0	ghpodang
9	47	50	破挡(47级)	60	480	47	10	172800	5780	31817500	2350	335	0	0	0	0	0	0	0	0	0	0	0	0	4050	0	0	ghpodang
9	48	50	破挡(48级)	60	490	48	10	172800	5900	32477500	2400	335	0	0	0	0	0	0	0	0	0	0	0	0	4200	0	0	ghpodang
9	49	50	破挡(49级)	60	500	49	10	172800	6020	33137500	2450	335	0	0	0	0	0	0	0	0	0	0	0	0	4350	0	0	ghpodang
9	50	50	破挡(50级)	60	510	50	10	172800	6140	33797500	2500	334	0	0	0	0	0	0	0	0	0	0	0	0	4500	0	0	ghpodang
