AFIndex	FightType	MonsterId	MoneyToReward	MoneyToReward_fcm	ItemsToReward	ItemsToReward_fcm	RandomReward	RandomRewardRate	Sample	Sample_fcm
魔域星宫索引	战斗类型	怪物阵营ID	关卡必奖金币	关卡必奖金币	关卡必奖物品	关卡必奖物品	关卡随机奖励itemcode	关卡随机奖励概率(概率，数量)	奖励预览	奖励预览
1	37	10300	45000	22500	[(25643,3)]	[(25643,2)]	26272	[(750,0),(250,1)]	[(25828,45000),(25643,3),(26272,1)]	[(25828,22500),(25643,2),(26272,1)]
2	37	10301	46000	23000	[(25643,3)]	[(25643,2)]	26272	[(750,0),(250,1)]	[(25828,46000),(25643,3),(26272,1)]	[(25828,23000),(25643,2),(26272,1)]
3	37	10302	47000	23500	[(25643,3)]	[(25643,2)]	26272	[(750,0),(250,1)]	[(25828,47000),(25643,3),(26272,1)]	[(25828,23500),(25643,2),(26272,1)]
4	37	10303	48000	24000	[(25643,3)]	[(25643,2)]	26272	[(750,0),(250,1)]	[(25828,48000),(25643,3),(26272,1)]	[(25828,24000),(25643,2),(26272,1)]
5	37	10304	49000	24500	[(25643,3)]	[(25643,2)]	35800	[(750,0),(250,1)]	[(25828,49000),(25643,3),(35800,1)]	[(25828,24500),(25643,2),(35800,1)]
6	37	10305	50000	25000	[(25643,3)]	[(25643,2)]	26272	[(750,0),(250,1)]	[(25828,50000),(25643,3),(26272,1)]	[(25828,25000),(25643,2),(26272,1)]
7	37	10306	51000	25500	[(25643,4)]	[(25643,2)]	26272	[(750,0),(250,1)]	[(25828,51000),(25643,4),(26272,1)]	[(25828,25500),(25643,2),(26272,1)]
8	37	10307	52000	26000	[(25643,4)]	[(25643,2)]	26272	[(750,0),(250,1)]	[(25828,52000),(25643,4),(26272,1)]	[(25828,26000),(25643,2),(26272,1)]
9	37	10308	53000	26500	[(25643,4)]	[(25643,2)]	26272	[(750,0),(250,1)]	[(25828,53000),(25643,4),(26272,1)]	[(25828,26500),(25643,2),(26272,1)]
10	37	10309	54000	27000	[(25643,4)]	[(25643,2)]	35800	[(750,0),(250,1)]	[(25828,54000),(25643,4),(35800,1)]	[(25828,27000),(25643,2),(35800,1)]
11	37	10310	55000	27500	[(25643,4)]	[(25643,2)]	26272	[(750,0),(250,1)]	[(25828,55000),(25643,4),(26272,1)]	[(25828,27500),(25643,2),(26272,1)]
12	37	10311	56000	28000	[(25643,4)]	[(25643,2)]	26272	[(750,0),(250,1)]	[(25828,56000),(25643,4),(26272,1)]	[(25828,28000),(25643,2),(26272,1)]
13	37	10312	57000	28500	[(25643,4)]	[(25643,2)]	26272	[(750,0),(250,1)]	[(25828,57000),(25643,4),(26272,1)]	[(25828,28500),(25643,2),(26272,1)]
14	37	10313	58000	29000	[(25643,4)]	[(25643,2)]	26272	[(750,0),(250,1)]	[(25828,58000),(25643,4),(26272,1)]	[(25828,29000),(25643,2),(26272,1)]
15	37	10314	59000	29500	[(25643,4)]	[(25643,2)]	35800	[(750,0),(250,1)]	[(25828,59000),(25643,4),(35800,1)]	[(25828,29500),(25643,2),(35800,1)]
16	37	10315	60000	30000	[(25643,4)]	[(25643,2)]	26272	[(750,0),(250,1)]	[(25828,60000),(25643,4),(26272,1)]	[(25828,30000),(25643,2),(26272,1)]
17	37	10316	61000	30500	[(25643,4)]	[(25643,2)]	26272	[(750,0),(250,1)]	[(25828,61000),(25643,4),(26272,1)]	[(25828,30500),(25643,2),(26272,1)]
18	37	10317	62000	31000	[(25643,4)]	[(25643,2)]	26272	[(750,0),(250,1)]	[(25828,62000),(25643,4),(26272,1)]	[(25828,31000),(25643,2),(26272,1)]
19	37	10318	63000	31500	[(25643,4)]	[(25643,2)]	26272	[(750,0),(250,1)]	[(25828,63000),(25643,4),(26272,1)]	[(25828,31500),(25643,2),(26272,1)]
20	37	10319	64000	32000	[(25643,4)]	[(25643,2)]	35800	[(750,0),(250,1)]	[(25828,64000),(25643,4),(35800,1)]	[(25828,32000),(25643,2),(35800,1)]
21	37	10320	65000	32500	[(25643,4)]	[(25643,2)]	26272	[(750,0),(250,1)]	[(25828,65000),(25643,4),(26272,1)]	[(25828,32500),(25643,2),(26272,1)]
22	37	10321	66000	33000	[(25643,5)]	[(25643,3)]	26272	[(750,0),(250,1)]	[(25828,66000),(25643,5),(26272,1)]	[(25828,33000),(25643,3),(26272,1)]
23	37	10322	67000	33500	[(25643,5)]	[(25643,3)]	26272	[(750,0),(250,1)]	[(25828,67000),(25643,5),(26272,1)]	[(25828,33500),(25643,3),(26272,1)]
24	37	10323	68000	34000	[(25643,5)]	[(25643,3)]	26272	[(750,0),(250,1)]	[(25828,68000),(25643,5),(26272,1)]	[(25828,34000),(25643,3),(26272,1)]
25	37	10324	69000	34500	[(25643,5)]	[(25643,3)]	35800	[(750,0),(250,1)]	[(25828,69000),(25643,5),(35800,1)]	[(25828,34500),(25643,3),(35800,1)]
26	37	10325	70000	35000	[(25643,5)]	[(25643,3)]	26272	[(750,0),(250,1)]	[(25828,70000),(25643,5),(26272,1)]	[(25828,35000),(25643,3),(26272,1)]
27	37	10326	71000	35500	[(25643,5)]	[(25643,3)]	26272	[(750,0),(250,1)]	[(25828,71000),(25643,5),(26272,1)]	[(25828,35500),(25643,3),(26272,1)]
28	37	10327	72000	36000	[(25643,5)]	[(25643,3)]	26272	[(750,0),(250,1)]	[(25828,72000),(25643,5),(26272,1)]	[(25828,36000),(25643,3),(26272,1)]
29	37	10328	73000	36500	[(25643,5)]	[(25643,3)]	26272	[(750,0),(250,1)]	[(25828,73000),(25643,5),(26272,1)]	[(25828,36500),(25643,3),(26272,1)]
30	37	10329	74000	37000	[(25643,5)]	[(25643,3)]	35806	[(750,0),(250,1)]	[(25828,74000),(25643,5),(35806,1)]	[(25828,37000),(25643,3),(35806,1)]
31	37	10330	75000	37500	[(25643,5)]	[(25643,3)]	26272	[(750,0),(250,1)]	[(25828,75000),(25643,5),(26272,1)]	[(25828,37500),(25643,3),(26272,1)]
32	37	10331	76000	38000	[(25643,5)]	[(25643,3)]	26272	[(750,0),(250,1)]	[(25828,76000),(25643,5),(26272,1)]	[(25828,38000),(25643,3),(26272,1)]
33	37	10332	77000	38500	[(25643,5)]	[(25643,3)]	26272	[(750,0),(250,1)]	[(25828,77000),(25643,5),(26272,1)]	[(25828,38500),(25643,3),(26272,1)]
34	37	10333	78000	39000	[(25643,5)]	[(25643,3)]	26272	[(750,0),(250,1)]	[(25828,78000),(25643,5),(26272,1)]	[(25828,39000),(25643,3),(26272,1)]
35	37	10334	79000	39500	[(25643,5)]	[(25643,3)]	35806	[(750,0),(250,1)]	[(25828,79000),(25643,5),(35806,1)]	[(25828,39500),(25643,3),(35806,1)]
36	37	10335	80000	40000	[(25643,5)]	[(25643,3)]	26272	[(750,0),(250,1)]	[(25828,80000),(25643,5),(26272,1)]	[(25828,40000),(25643,3),(26272,1)]
37	37	10336	81000	40500	[(25643,6)]	[(25643,3)]	26272	[(750,0),(250,1)]	[(25828,81000),(25643,6),(26272,1)]	[(25828,40500),(25643,3),(26272,1)]
38	37	10337	82000	41000	[(25643,6)]	[(25643,3)]	26272	[(750,0),(250,1)]	[(25828,82000),(25643,6),(26272,1)]	[(25828,41000),(25643,3),(26272,1)]
39	37	10338	83000	41500	[(25643,6)]	[(25643,3)]	26272	[(750,0),(250,1)]	[(25828,83000),(25643,6),(26272,1)]	[(25828,41500),(25643,3),(26272,1)]
40	37	10339	84000	42000	[(25643,6)]	[(25643,3)]	35806	[(750,0),(250,1)]	[(25828,84000),(25643,6),(35806,1)]	[(25828,42000),(25643,3),(35806,1)]
41	37	10340	85000	42500	[(25643,6)]	[(25643,3)]	26272	[(750,0),(250,1)]	[(25828,85000),(25643,6),(26272,1)]	[(25828,42500),(25643,3),(26272,1)]
42	37	10341	86000	43000	[(25643,6)]	[(25643,3)]	26272	[(750,0),(250,1)]	[(25828,86000),(25643,6),(26272,1)]	[(25828,43000),(25643,3),(26272,1)]
43	37	10342	87000	43500	[(25643,6)]	[(25643,3)]	26272	[(750,0),(250,1)]	[(25828,87000),(25643,6),(26272,1)]	[(25828,43500),(25643,3),(26272,1)]
44	37	10343	88000	44000	[(25643,6)]	[(25643,3)]	26272	[(750,0),(250,1)]	[(25828,88000),(25643,6),(26272,1)]	[(25828,44000),(25643,3),(26272,1)]
45	37	10344	89000	44500	[(25643,6)]	[(25643,3)]	35812	[(750,0),(250,1)]	[(25828,89000),(25643,6),(35812,1)]	[(25828,44500),(25643,3),(35812,1)]
46	37	10345	90000	45000	[(25643,6)]	[(25643,3)]	26272	[(750,0),(250,1)]	[(25828,90000),(25643,6),(26272,1)]	[(25828,45000),(25643,3),(26272,1)]
47	37	10346	91000	45500	[(25643,6)]	[(25643,3)]	26272	[(750,0),(250,1)]	[(25828,91000),(25643,6),(26272,1)]	[(25828,45500),(25643,3),(26272,1)]
48	37	10347	92000	46000	[(25643,6)]	[(25643,3)]	26272	[(750,0),(250,1)]	[(25828,92000),(25643,6),(26272,1)]	[(25828,46000),(25643,3),(26272,1)]
49	37	10348	93000	46500	[(25643,6)]	[(25643,3)]	26272	[(750,0),(250,1)]	[(25828,93000),(25643,6),(26272,1)]	[(25828,46500),(25643,3),(26272,1)]
50	37	10349	94000	47000	[(25643,6)]	[(25643,3)]	35812	[(750,0),(250,1)]	[(25828,94000),(25643,6),(35812,1)]	[(25828,47000),(25643,3),(35812,1)]
51	37	10350	65000	32500	[(25643,4)]	[(25643,2)]	26272	[(750,0),(250,1)]	[(25828,65000),(25643,4),(26272,1)]	[(25828,32500),(25643,2),(26272,1)]
52	37	10351	66000	33000	[(25643,4)]	[(25643,2)]	26272	[(750,0),(250,1)]	[(25828,66000),(25643,4),(26272,1)]	[(25828,33000),(25643,2),(26272,1)]
53	37	10352	67000	33500	[(25643,4)]	[(25643,2)]	26272	[(750,0),(250,1)]	[(25828,67000),(25643,4),(26272,1)]	[(25828,33500),(25643,2),(26272,1)]
54	37	10353	68000	34000	[(25643,4)]	[(25643,2)]	26272	[(750,0),(250,1)]	[(25828,68000),(25643,4),(26272,1)]	[(25828,34000),(25643,2),(26272,1)]
55	37	10354	69000	34500	[(25643,4)]	[(25643,2)]	35801	[(750,0),(250,1)]	[(25828,69000),(25643,4),(35801,1)]	[(25828,34500),(25643,2),(35801,1)]
56	37	10355	70000	35000	[(25643,4)]	[(25643,2)]	26272	[(750,0),(250,1)]	[(25828,70000),(25643,4),(26272,1)]	[(25828,35000),(25643,2),(26272,1)]
57	37	10356	71000	35500	[(25643,5)]	[(25643,3)]	26272	[(750,0),(250,1)]	[(25828,71000),(25643,5),(26272,1)]	[(25828,35500),(25643,3),(26272,1)]
58	37	10357	72000	36000	[(25643,5)]	[(25643,3)]	26272	[(750,0),(250,1)]	[(25828,72000),(25643,5),(26272,1)]	[(25828,36000),(25643,3),(26272,1)]
59	37	10358	73000	36500	[(25643,5)]	[(25643,3)]	26272	[(750,0),(250,1)]	[(25828,73000),(25643,5),(26272,1)]	[(25828,36500),(25643,3),(26272,1)]
60	37	10359	74000	37000	[(25643,5)]	[(25643,3)]	35801	[(750,0),(250,1)]	[(25828,74000),(25643,5),(35801,1)]	[(25828,37000),(25643,3),(35801,1)]
61	37	10360	75000	37500	[(25643,5)]	[(25643,3)]	26272	[(750,0),(250,1)]	[(25828,75000),(25643,5),(26272,1)]	[(25828,37500),(25643,3),(26272,1)]
62	37	10361	76000	38000	[(25643,5)]	[(25643,3)]	26272	[(750,0),(250,1)]	[(25828,76000),(25643,5),(26272,1)]	[(25828,38000),(25643,3),(26272,1)]
63	37	10362	77000	38500	[(25643,5)]	[(25643,3)]	26272	[(750,0),(250,1)]	[(25828,77000),(25643,5),(26272,1)]	[(25828,38500),(25643,3),(26272,1)]
64	37	10363	78000	39000	[(25643,5)]	[(25643,3)]	26272	[(750,0),(250,1)]	[(25828,78000),(25643,5),(26272,1)]	[(25828,39000),(25643,3),(26272,1)]
65	37	10364	79000	39500	[(25643,5)]	[(25643,3)]	35801	[(750,0),(250,1)]	[(25828,79000),(25643,5),(35801,1)]	[(25828,39500),(25643,3),(35801,1)]
66	37	10365	80000	40000	[(25643,5)]	[(25643,3)]	26272	[(750,0),(250,1)]	[(25828,80000),(25643,5),(26272,1)]	[(25828,40000),(25643,3),(26272,1)]
67	37	10366	81000	40500	[(25643,5)]	[(25643,3)]	26272	[(750,0),(250,1)]	[(25828,81000),(25643,5),(26272,1)]	[(25828,40500),(25643,3),(26272,1)]
68	37	10367	82000	41000	[(25643,5)]	[(25643,3)]	26272	[(750,0),(250,1)]	[(25828,82000),(25643,5),(26272,1)]	[(25828,41000),(25643,3),(26272,1)]
69	37	10368	83000	41500	[(25643,5)]	[(25643,3)]	26272	[(750,0),(250,1)]	[(25828,83000),(25643,5),(26272,1)]	[(25828,41500),(25643,3),(26272,1)]
70	37	10369	84000	42000	[(25643,5)]	[(25643,3)]	35801	[(750,0),(250,1)]	[(25828,84000),(25643,5),(35801,1)]	[(25828,42000),(25643,3),(35801,1)]
71	37	10370	85000	42500	[(25643,5)]	[(25643,3)]	26272	[(750,0),(250,1)]	[(25828,85000),(25643,5),(26272,1)]	[(25828,42500),(25643,3),(26272,1)]
72	37	10371	86000	43000	[(25643,6)]	[(25643,3)]	26272	[(750,0),(250,1)]	[(25828,86000),(25643,6),(26272,1)]	[(25828,43000),(25643,3),(26272,1)]
73	37	10372	87000	43500	[(25643,6)]	[(25643,3)]	26272	[(750,0),(250,1)]	[(25828,87000),(25643,6),(26272,1)]	[(25828,43500),(25643,3),(26272,1)]
74	37	10373	88000	44000	[(25643,6)]	[(25643,3)]	26272	[(750,0),(250,1)]	[(25828,88000),(25643,6),(26272,1)]	[(25828,44000),(25643,3),(26272,1)]
75	37	10374	89000	44500	[(25643,6)]	[(25643,3)]	35801	[(750,0),(250,1)]	[(25828,89000),(25643,6),(35801,1)]	[(25828,44500),(25643,3),(35801,1)]
76	37	10375	90000	45000	[(25643,6)]	[(25643,3)]	26272	[(750,0),(250,1)]	[(25828,90000),(25643,6),(26272,1)]	[(25828,45000),(25643,3),(26272,1)]
77	37	10376	91000	45500	[(25643,6)]	[(25643,3)]	26272	[(750,0),(250,1)]	[(25828,91000),(25643,6),(26272,1)]	[(25828,45500),(25643,3),(26272,1)]
78	37	10377	92000	46000	[(25643,6)]	[(25643,3)]	26272	[(750,0),(250,1)]	[(25828,92000),(25643,6),(26272,1)]	[(25828,46000),(25643,3),(26272,1)]
79	37	10378	93000	46500	[(25643,6)]	[(25643,3)]	26272	[(750,0),(250,1)]	[(25828,93000),(25643,6),(26272,1)]	[(25828,46500),(25643,3),(26272,1)]
80	37	10379	94000	47000	[(25643,6)]	[(25643,3)]	35807	[(750,0),(250,1)]	[(25828,94000),(25643,6),(35807,1)]	[(25828,47000),(25643,3),(35807,1)]
81	37	10380	95000	47500	[(25643,6)]	[(25643,3)]	26272	[(750,0),(250,1)]	[(25828,95000),(25643,6),(26272,1)]	[(25828,47500),(25643,3),(26272,1)]
82	37	10381	96000	48000	[(25643,6)]	[(25643,3)]	26272	[(750,0),(250,1)]	[(25828,96000),(25643,6),(26272,1)]	[(25828,48000),(25643,3),(26272,1)]
83	37	10382	97000	48500	[(25643,6)]	[(25643,3)]	26272	[(750,0),(250,1)]	[(25828,97000),(25643,6),(26272,1)]	[(25828,48500),(25643,3),(26272,1)]
84	37	10383	98000	49000	[(25643,6)]	[(25643,3)]	26272	[(750,0),(250,1)]	[(25828,98000),(25643,6),(26272,1)]	[(25828,49000),(25643,3),(26272,1)]
85	37	10384	99000	49500	[(25643,6)]	[(25643,3)]	35807	[(750,0),(250,1)]	[(25828,99000),(25643,6),(35807,1)]	[(25828,49500),(25643,3),(35807,1)]
86	37	10385	100000	50000	[(25643,6)]	[(25643,3)]	26272	[(750,0),(250,1)]	[(25828,100000),(25643,6),(26272,1)]	[(25828,50000),(25643,3),(26272,1)]
87	37	10386	101000	50500	[(25643,7)]	[(25643,3)]	26272	[(750,0),(250,1)]	[(25828,101000),(25643,7),(26272,1)]	[(25828,50500),(25643,3),(26272,1)]
88	37	10387	102000	51000	[(25643,7)]	[(25643,3)]	26272	[(750,0),(250,1)]	[(25828,102000),(25643,7),(26272,1)]	[(25828,51000),(25643,3),(26272,1)]
89	37	10388	103000	51500	[(25643,7)]	[(25643,3)]	26272	[(750,0),(250,1)]	[(25828,103000),(25643,7),(26272,1)]	[(25828,51500),(25643,3),(26272,1)]
90	37	10389	104000	52000	[(25643,7)]	[(25643,3)]	35807	[(750,0),(250,1)]	[(25828,104000),(25643,7),(35807,1)]	[(25828,52000),(25643,3),(35807,1)]
91	37	10390	105000	52500	[(25643,7)]	[(25643,3)]	26272	[(750,0),(250,1)]	[(25828,105000),(25643,7),(26272,1)]	[(25828,52500),(25643,3),(26272,1)]
92	37	10391	106000	53000	[(25643,7)]	[(25643,3)]	26272	[(750,0),(250,1)]	[(25828,106000),(25643,7),(26272,1)]	[(25828,53000),(25643,3),(26272,1)]
93	37	10392	107000	53500	[(25643,7)]	[(25643,3)]	26272	[(750,0),(250,1)]	[(25828,107000),(25643,7),(26272,1)]	[(25828,53500),(25643,3),(26272,1)]
94	37	10393	108000	54000	[(25643,7)]	[(25643,3)]	26272	[(750,0),(250,1)]	[(25828,108000),(25643,7),(26272,1)]	[(25828,54000),(25643,3),(26272,1)]
95	37	10394	109000	54500	[(25643,7)]	[(25643,3)]	35813	[(750,0),(250,1)]	[(25828,109000),(25643,7),(35813,1)]	[(25828,54500),(25643,3),(35813,1)]
96	37	10395	110000	55000	[(25643,7)]	[(25643,3)]	26272	[(750,0),(250,1)]	[(25828,110000),(25643,7),(26272,1)]	[(25828,55000),(25643,3),(26272,1)]
97	37	10396	111000	55500	[(25643,7)]	[(25643,3)]	26272	[(750,0),(250,1)]	[(25828,111000),(25643,7),(26272,1)]	[(25828,55500),(25643,3),(26272,1)]
98	37	10397	112000	56000	[(25643,7)]	[(25643,3)]	26272	[(750,0),(250,1)]	[(25828,112000),(25643,7),(26272,1)]	[(25828,56000),(25643,3),(26272,1)]
99	37	10398	113000	56500	[(25643,7)]	[(25643,3)]	26272	[(750,0),(250,1)]	[(25828,113000),(25643,7),(26272,1)]	[(25828,56500),(25643,3),(26272,1)]
100	37	10399	114000	57000	[(25643,7)]	[(25643,3)]	35813	[(750,0),(250,1)]	[(25828,114000),(25643,7),(35813,1)]	[(25828,57000),(25643,3),(35813,1)]
101	37	10400	85000	42500	[(25643,6)]	[(25643,3)]	26272	[(750,0),(250,1)]	[(25828,85000),(25643,6),(26272,1)]	[(25828,42500),(25643,3),(26272,1)]
102	37	10401	86000	43000	[(25643,6)]	[(25643,3)]	26272	[(750,0),(250,1)]	[(25828,86000),(25643,6),(26272,1)]	[(25828,43000),(25643,3),(26272,1)]
103	37	10402	87000	43500	[(25643,6)]	[(25643,3)]	26272	[(750,0),(250,1)]	[(25828,87000),(25643,6),(26272,1)]	[(25828,43500),(25643,3),(26272,1)]
104	37	10403	88000	44000	[(25643,6)]	[(25643,3)]	26272	[(750,0),(250,1)]	[(25828,88000),(25643,6),(26272,1)]	[(25828,44000),(25643,3),(26272,1)]
105	37	10404	89000	44500	[(25643,6)]	[(25643,3)]	35802	[(750,0),(250,1)]	[(25828,89000),(25643,6),(35802,1)]	[(25828,44500),(25643,3),(35802,1)]
106	37	10405	90000	45000	[(25643,6)]	[(25643,3)]	26272	[(750,0),(250,1)]	[(25828,90000),(25643,6),(26272,1)]	[(25828,45000),(25643,3),(26272,1)]
107	37	10406	91000	45500	[(25643,7)]	[(25643,4)]	26272	[(750,0),(250,1)]	[(25828,91000),(25643,7),(26272,1)]	[(25828,45500),(25643,4),(26272,1)]
108	37	10407	92000	46000	[(25643,7)]	[(25643,4)]	26272	[(750,0),(250,1)]	[(25828,92000),(25643,7),(26272,1)]	[(25828,46000),(25643,4),(26272,1)]
109	37	10408	93000	46500	[(25643,7)]	[(25643,4)]	26272	[(750,0),(250,1)]	[(25828,93000),(25643,7),(26272,1)]	[(25828,46500),(25643,4),(26272,1)]
110	37	10409	94000	47000	[(25643,7)]	[(25643,4)]	35802	[(750,0),(250,1)]	[(25828,94000),(25643,7),(35802,1)]	[(25828,47000),(25643,4),(35802,1)]
111	37	10410	95000	47500	[(25643,7)]	[(25643,4)]	26272	[(750,0),(250,1)]	[(25828,95000),(25643,7),(26272,1)]	[(25828,47500),(25643,4),(26272,1)]
112	37	10411	96000	48000	[(25643,7)]	[(25643,4)]	26272	[(750,0),(250,1)]	[(25828,96000),(25643,7),(26272,1)]	[(25828,48000),(25643,4),(26272,1)]
113	37	10412	97000	48500	[(25643,7)]	[(25643,4)]	26272	[(750,0),(250,1)]	[(25828,97000),(25643,7),(26272,1)]	[(25828,48500),(25643,4),(26272,1)]
114	37	10413	98000	49000	[(25643,7)]	[(25643,4)]	26272	[(750,0),(250,1)]	[(25828,98000),(25643,7),(26272,1)]	[(25828,49000),(25643,4),(26272,1)]
115	37	10414	99000	49500	[(25643,7)]	[(25643,4)]	35802	[(750,0),(250,1)]	[(25828,99000),(25643,7),(35802,1)]	[(25828,49500),(25643,4),(35802,1)]
116	37	10415	100000	50000	[(25643,7)]	[(25643,4)]	26272	[(750,0),(250,1)]	[(25828,100000),(25643,7),(26272,1)]	[(25828,50000),(25643,4),(26272,1)]
117	37	10416	101000	50500	[(25643,7)]	[(25643,4)]	26272	[(750,0),(250,1)]	[(25828,101000),(25643,7),(26272,1)]	[(25828,50500),(25643,4),(26272,1)]
118	37	10417	102000	51000	[(25643,7)]	[(25643,4)]	26272	[(750,0),(250,1)]	[(25828,102000),(25643,7),(26272,1)]	[(25828,51000),(25643,4),(26272,1)]
119	37	10418	103000	51500	[(25643,7)]	[(25643,4)]	26272	[(750,0),(250,1)]	[(25828,103000),(25643,7),(26272,1)]	[(25828,51500),(25643,4),(26272,1)]
120	37	10419	104000	52000	[(25643,7)]	[(25643,4)]	35802	[(750,0),(250,1)]	[(25828,104000),(25643,7),(35802,1)]	[(25828,52000),(25643,4),(35802,1)]
121	37	10420	105000	52500	[(25643,7)]	[(25643,4)]	26272	[(750,0),(250,1)]	[(25828,105000),(25643,7),(26272,1)]	[(25828,52500),(25643,4),(26272,1)]
122	37	10421	106000	53000	[(25643,8)]	[(25643,4)]	26272	[(750,0),(250,1)]	[(25828,106000),(25643,8),(26272,1)]	[(25828,53000),(25643,4),(26272,1)]
123	37	10422	107000	53500	[(25643,8)]	[(25643,4)]	26272	[(750,0),(250,1)]	[(25828,107000),(25643,8),(26272,1)]	[(25828,53500),(25643,4),(26272,1)]
124	37	10423	108000	54000	[(25643,8)]	[(25643,4)]	26272	[(750,0),(250,1)]	[(25828,108000),(25643,8),(26272,1)]	[(25828,54000),(25643,4),(26272,1)]
125	37	10424	109000	54500	[(25643,8)]	[(25643,4)]	35802	[(750,0),(250,1)]	[(25828,109000),(25643,8),(35802,1)]	[(25828,54500),(25643,4),(35802,1)]
126	37	10425	110000	55000	[(25643,8)]	[(25643,4)]	26272	[(750,0),(250,1)]	[(25828,110000),(25643,8),(26272,1)]	[(25828,55000),(25643,4),(26272,1)]
127	37	10426	111000	55500	[(25643,8)]	[(25643,4)]	26272	[(750,0),(250,1)]	[(25828,111000),(25643,8),(26272,1)]	[(25828,55500),(25643,4),(26272,1)]
128	37	10427	112000	56000	[(25643,8)]	[(25643,4)]	26272	[(750,0),(250,1)]	[(25828,112000),(25643,8),(26272,1)]	[(25828,56000),(25643,4),(26272,1)]
129	37	10428	113000	56500	[(25643,8)]	[(25643,4)]	26272	[(750,0),(250,1)]	[(25828,113000),(25643,8),(26272,1)]	[(25828,56500),(25643,4),(26272,1)]
130	37	10429	114000	57000	[(25643,8)]	[(25643,4)]	35808	[(750,0),(250,1)]	[(25828,114000),(25643,8),(35808,1)]	[(25828,57000),(25643,4),(35808,1)]
131	37	10430	115000	57500	[(25643,8)]	[(25643,4)]	26272	[(750,0),(250,1)]	[(25828,115000),(25643,8),(26272,1)]	[(25828,57500),(25643,4),(26272,1)]
132	37	10431	116000	58000	[(25643,8)]	[(25643,4)]	26272	[(750,0),(250,1)]	[(25828,116000),(25643,8),(26272,1)]	[(25828,58000),(25643,4),(26272,1)]
133	37	10432	117000	58500	[(25643,8)]	[(25643,4)]	26272	[(750,0),(250,1)]	[(25828,117000),(25643,8),(26272,1)]	[(25828,58500),(25643,4),(26272,1)]
134	37	10433	118000	59000	[(25643,8)]	[(25643,4)]	26272	[(750,0),(250,1)]	[(25828,118000),(25643,8),(26272,1)]	[(25828,59000),(25643,4),(26272,1)]
135	37	10434	119000	59500	[(25643,8)]	[(25643,4)]	35808	[(750,0),(250,1)]	[(25828,119000),(25643,8),(35808,1)]	[(25828,59500),(25643,4),(35808,1)]
136	37	10435	120000	60000	[(25643,8)]	[(25643,4)]	26272	[(750,0),(250,1)]	[(25828,120000),(25643,8),(26272,1)]	[(25828,60000),(25643,4),(26272,1)]
137	37	10436	121000	60500	[(25643,9)]	[(25643,5)]	26272	[(750,0),(250,1)]	[(25828,121000),(25643,9),(26272,1)]	[(25828,60500),(25643,5),(26272,1)]
138	37	10437	122000	61000	[(25643,9)]	[(25643,5)]	26272	[(750,0),(250,1)]	[(25828,122000),(25643,9),(26272,1)]	[(25828,61000),(25643,5),(26272,1)]
139	37	10438	123000	61500	[(25643,9)]	[(25643,5)]	26272	[(750,0),(250,1)]	[(25828,123000),(25643,9),(26272,1)]	[(25828,61500),(25643,5),(26272,1)]
140	37	10439	124000	62000	[(25643,9)]	[(25643,5)]	35808	[(750,0),(250,1)]	[(25828,124000),(25643,9),(35808,1)]	[(25828,62000),(25643,5),(35808,1)]
141	37	10440	125000	62500	[(25643,9)]	[(25643,5)]	26272	[(750,0),(250,1)]	[(25828,125000),(25643,9),(26272,1)]	[(25828,62500),(25643,5),(26272,1)]
142	37	10441	126000	63000	[(25643,9)]	[(25643,5)]	26272	[(750,0),(250,1)]	[(25828,126000),(25643,9),(26272,1)]	[(25828,63000),(25643,5),(26272,1)]
143	37	10442	127000	63500	[(25643,9)]	[(25643,5)]	26272	[(750,0),(250,1)]	[(25828,127000),(25643,9),(26272,1)]	[(25828,63500),(25643,5),(26272,1)]
144	37	10443	128000	64000	[(25643,9)]	[(25643,5)]	26272	[(750,0),(250,1)]	[(25828,128000),(25643,9),(26272,1)]	[(25828,64000),(25643,5),(26272,1)]
145	37	10444	129000	64500	[(25643,9)]	[(25643,5)]	35814	[(750,0),(250,1)]	[(25828,129000),(25643,9),(35814,1)]	[(25828,64500),(25643,5),(35814,1)]
146	37	10445	130000	65000	[(25643,9)]	[(25643,5)]	26272	[(750,0),(250,1)]	[(25828,130000),(25643,9),(26272,1)]	[(25828,65000),(25643,5),(26272,1)]
147	37	10446	131000	65500	[(25643,9)]	[(25643,5)]	26272	[(750,0),(250,1)]	[(25828,131000),(25643,9),(26272,1)]	[(25828,65500),(25643,5),(26272,1)]
148	37	10447	132000	66000	[(25643,9)]	[(25643,5)]	26272	[(750,0),(250,1)]	[(25828,132000),(25643,9),(26272,1)]	[(25828,66000),(25643,5),(26272,1)]
149	37	10448	133000	66500	[(25643,9)]	[(25643,5)]	26272	[(750,0),(250,1)]	[(25828,133000),(25643,9),(26272,1)]	[(25828,66500),(25643,5),(26272,1)]
150	37	10449	134000	67000	[(25643,9)]	[(25643,5)]	35814	[(750,0),(250,1)]	[(25828,134000),(25643,9),(35814,1)]	[(25828,67000),(25643,5),(35814,1)]
151	37	10450	135000	67500	[(25643,6)]	[(25643,3)]	26272	[(750,0),(250,1)]	[(25828,135000),(25643,6),(26272,1)]	[(25828,67500),(25643,3),(26272,1)]
152	37	10451	136000	68000	[(25643,6)]	[(25643,3)]	26272	[(750,0),(250,1)]	[(25828,136000),(25643,6),(26272,1)]	[(25828,68000),(25643,3),(26272,1)]
153	37	10452	137000	68500	[(25643,6)]	[(25643,3)]	26272	[(750,0),(250,1)]	[(25828,137000),(25643,6),(26272,1)]	[(25828,68500),(25643,3),(26272,1)]
154	37	10453	138000	69000	[(25643,6)]	[(25643,3)]	26272	[(750,0),(250,1)]	[(25828,138000),(25643,6),(26272,1)]	[(25828,69000),(25643,3),(26272,1)]
155	37	10454	139000	69500	[(25643,6)]	[(25643,3)]	35803	[(750,0),(250,1)]	[(25828,139000),(25643,6),(35803,1)]	[(25828,69500),(25643,3),(35803,1)]
156	37	10455	140000	70000	[(25643,6)]	[(25643,3)]	26272	[(750,0),(250,1)]	[(25828,140000),(25643,6),(26272,1)]	[(25828,70000),(25643,3),(26272,1)]
157	37	10456	141000	70500	[(25643,7)]	[(25643,4)]	26272	[(750,0),(250,1)]	[(25828,141000),(25643,7),(26272,1)]	[(25828,70500),(25643,4),(26272,1)]
158	37	10457	142000	71000	[(25643,7)]	[(25643,4)]	26272	[(750,0),(250,1)]	[(25828,142000),(25643,7),(26272,1)]	[(25828,71000),(25643,4),(26272,1)]
159	37	10458	143000	71500	[(25643,7)]	[(25643,4)]	26272	[(750,0),(250,1)]	[(25828,143000),(25643,7),(26272,1)]	[(25828,71500),(25643,4),(26272,1)]
160	37	10459	144000	72000	[(25643,7)]	[(25643,4)]	35803	[(750,0),(250,1)]	[(25828,144000),(25643,7),(35803,1)]	[(25828,72000),(25643,4),(35803,1)]
161	37	10460	145000	72500	[(25643,7)]	[(25643,4)]	26272	[(750,0),(250,1)]	[(25828,145000),(25643,7),(26272,1)]	[(25828,72500),(25643,4),(26272,1)]
162	37	10461	146000	73000	[(25643,7)]	[(25643,4)]	26272	[(750,0),(250,1)]	[(25828,146000),(25643,7),(26272,1)]	[(25828,73000),(25643,4),(26272,1)]
163	37	10462	147000	73500	[(25643,7)]	[(25643,4)]	26272	[(750,0),(250,1)]	[(25828,147000),(25643,7),(26272,1)]	[(25828,73500),(25643,4),(26272,1)]
164	37	10463	148000	74000	[(25643,7)]	[(25643,4)]	26272	[(750,0),(250,1)]	[(25828,148000),(25643,7),(26272,1)]	[(25828,74000),(25643,4),(26272,1)]
165	37	10464	149000	74500	[(25643,7)]	[(25643,4)]	35803	[(750,0),(250,1)]	[(25828,149000),(25643,7),(35803,1)]	[(25828,74500),(25643,4),(35803,1)]
166	37	10465	150000	75000	[(25643,7)]	[(25643,4)]	26272	[(750,0),(250,1)]	[(25828,150000),(25643,7),(26272,1)]	[(25828,75000),(25643,4),(26272,1)]
167	37	10466	151000	75500	[(25643,7)]	[(25643,4)]	26272	[(750,0),(250,1)]	[(25828,151000),(25643,7),(26272,1)]	[(25828,75500),(25643,4),(26272,1)]
168	37	10467	152000	76000	[(25643,7)]	[(25643,4)]	26272	[(750,0),(250,1)]	[(25828,152000),(25643,7),(26272,1)]	[(25828,76000),(25643,4),(26272,1)]
169	37	10468	153000	76500	[(25643,7)]	[(25643,4)]	26272	[(750,0),(250,1)]	[(25828,153000),(25643,7),(26272,1)]	[(25828,76500),(25643,4),(26272,1)]
170	37	10469	154000	77000	[(25643,7)]	[(25643,4)]	35803	[(750,0),(250,1)]	[(25828,154000),(25643,7),(35803,1)]	[(25828,77000),(25643,4),(35803,1)]
171	37	10470	155000	77500	[(25643,7)]	[(25643,4)]	26272	[(750,0),(250,1)]	[(25828,155000),(25643,7),(26272,1)]	[(25828,77500),(25643,4),(26272,1)]
172	37	10471	156000	78000	[(25643,8)]	[(25643,4)]	26272	[(750,0),(250,1)]	[(25828,156000),(25643,8),(26272,1)]	[(25828,78000),(25643,4),(26272,1)]
173	37	10472	157000	78500	[(25643,8)]	[(25643,4)]	26272	[(750,0),(250,1)]	[(25828,157000),(25643,8),(26272,1)]	[(25828,78500),(25643,4),(26272,1)]
174	37	10473	158000	79000	[(25643,8)]	[(25643,4)]	26272	[(750,0),(250,1)]	[(25828,158000),(25643,8),(26272,1)]	[(25828,79000),(25643,4),(26272,1)]
175	37	10474	159000	79500	[(25643,8)]	[(25643,4)]	35803	[(750,0),(250,1)]	[(25828,159000),(25643,8),(35803,1)]	[(25828,79500),(25643,4),(35803,1)]
176	37	10475	160000	80000	[(25643,8)]	[(25643,4)]	26272	[(750,0),(250,1)]	[(25828,160000),(25643,8),(26272,1)]	[(25828,80000),(25643,4),(26272,1)]
177	37	10476	161000	80500	[(25643,8)]	[(25643,4)]	26272	[(750,0),(250,1)]	[(25828,161000),(25643,8),(26272,1)]	[(25828,80500),(25643,4),(26272,1)]
178	37	10477	162000	81000	[(25643,8)]	[(25643,4)]	26272	[(750,0),(250,1)]	[(25828,162000),(25643,8),(26272,1)]	[(25828,81000),(25643,4),(26272,1)]
179	37	10478	163000	81500	[(25643,8)]	[(25643,4)]	26272	[(750,0),(250,1)]	[(25828,163000),(25643,8),(26272,1)]	[(25828,81500),(25643,4),(26272,1)]
180	37	10479	164000	82000	[(25643,8)]	[(25643,4)]	35809	[(750,0),(250,1)]	[(25828,164000),(25643,8),(35809,1)]	[(25828,82000),(25643,4),(35809,1)]
181	37	10480	165000	82500	[(25643,8)]	[(25643,4)]	26272	[(750,0),(250,1)]	[(25828,165000),(25643,8),(26272,1)]	[(25828,82500),(25643,4),(26272,1)]
182	37	10481	166000	83000	[(25643,8)]	[(25643,4)]	26272	[(750,0),(250,1)]	[(25828,166000),(25643,8),(26272,1)]	[(25828,83000),(25643,4),(26272,1)]
183	37	10482	167000	83500	[(25643,8)]	[(25643,4)]	26272	[(750,0),(250,1)]	[(25828,167000),(25643,8),(26272,1)]	[(25828,83500),(25643,4),(26272,1)]
184	37	10483	168000	84000	[(25643,8)]	[(25643,4)]	26272	[(750,0),(250,1)]	[(25828,168000),(25643,8),(26272,1)]	[(25828,84000),(25643,4),(26272,1)]
185	37	10484	169000	84500	[(25643,8)]	[(25643,4)]	35809	[(750,0),(250,1)]	[(25828,169000),(25643,8),(35809,1)]	[(25828,84500),(25643,4),(35809,1)]
186	37	10485	170000	85000	[(25643,8)]	[(25643,4)]	26272	[(750,0),(250,1)]	[(25828,170000),(25643,8),(26272,1)]	[(25828,85000),(25643,4),(26272,1)]
187	37	10486	171000	85500	[(25643,9)]	[(25643,5)]	26272	[(750,0),(250,1)]	[(25828,171000),(25643,9),(26272,1)]	[(25828,85500),(25643,5),(26272,1)]
188	37	10487	172000	86000	[(25643,9)]	[(25643,5)]	26272	[(750,0),(250,1)]	[(25828,172000),(25643,9),(26272,1)]	[(25828,86000),(25643,5),(26272,1)]
189	37	10488	173000	86500	[(25643,9)]	[(25643,5)]	26272	[(750,0),(250,1)]	[(25828,173000),(25643,9),(26272,1)]	[(25828,86500),(25643,5),(26272,1)]
190	37	10489	174000	87000	[(25643,9)]	[(25643,5)]	35809	[(750,0),(250,1)]	[(25828,174000),(25643,9),(35809,1)]	[(25828,87000),(25643,5),(35809,1)]
191	37	10490	175000	87500	[(25643,9)]	[(25643,5)]	26272	[(750,0),(250,1)]	[(25828,175000),(25643,9),(26272,1)]	[(25828,87500),(25643,5),(26272,1)]
192	37	10491	176000	88000	[(25643,9)]	[(25643,5)]	26272	[(750,0),(250,1)]	[(25828,176000),(25643,9),(26272,1)]	[(25828,88000),(25643,5),(26272,1)]
193	37	10492	177000	88500	[(25643,9)]	[(25643,5)]	26272	[(750,0),(250,1)]	[(25828,177000),(25643,9),(26272,1)]	[(25828,88500),(25643,5),(26272,1)]
194	37	10493	178000	89000	[(25643,9)]	[(25643,5)]	26272	[(750,0),(250,1)]	[(25828,178000),(25643,9),(26272,1)]	[(25828,89000),(25643,5),(26272,1)]
195	37	10494	179000	89500	[(25643,9)]	[(25643,5)]	35815	[(750,0),(250,1)]	[(25828,179000),(25643,9),(35815,1)]	[(25828,89500),(25643,5),(35815,1)]
196	37	10495	180000	90000	[(25643,9)]	[(25643,5)]	26272	[(750,0),(250,1)]	[(25828,180000),(25643,9),(26272,1)]	[(25828,90000),(25643,5),(26272,1)]
197	37	10496	181000	90500	[(25643,9)]	[(25643,5)]	26272	[(750,0),(250,1)]	[(25828,181000),(25643,9),(26272,1)]	[(25828,90500),(25643,5),(26272,1)]
198	37	10497	182000	91000	[(25643,9)]	[(25643,5)]	26272	[(750,0),(250,1)]	[(25828,182000),(25643,9),(26272,1)]	[(25828,91000),(25643,5),(26272,1)]
199	37	10498	183000	91500	[(25643,9)]	[(25643,5)]	26272	[(750,0),(250,1)]	[(25828,183000),(25643,9),(26272,1)]	[(25828,91500),(25643,5),(26272,1)]
200	37	10499	184000	92000	[(25643,9)]	[(25643,5)]	35815	[(750,0),(250,1)]	[(25828,184000),(25643,9),(35815,1)]	[(25828,92000),(25643,5),(35815,1)]
201	37	10500	155000	77500	[(25643,6)]	[(25643,3)]	26272	[(750,0),(250,1)]	[(25828,155000),(25643,6),(26272,1)]	[(25828,77500),(25643,3),(26272,1)]
202	37	10501	156000	78000	[(25643,6)]	[(25643,3)]	26272	[(750,0),(250,1)]	[(25828,156000),(25643,6),(26272,1)]	[(25828,78000),(25643,3),(26272,1)]
203	37	10502	157000	78500	[(25643,6)]	[(25643,3)]	26272	[(750,0),(250,1)]	[(25828,157000),(25643,6),(26272,1)]	[(25828,78500),(25643,3),(26272,1)]
204	37	10503	158000	79000	[(25643,6)]	[(25643,3)]	26272	[(750,0),(250,1)]	[(25828,158000),(25643,6),(26272,1)]	[(25828,79000),(25643,3),(26272,1)]
205	37	10504	159000	79500	[(25643,6)]	[(25643,3)]	35804	[(750,0),(250,1)]	[(25828,159000),(25643,6),(35804,1)]	[(25828,79500),(25643,3),(35804,1)]
206	37	10505	160000	80000	[(25643,6)]	[(25643,3)]	26272	[(750,0),(250,1)]	[(25828,160000),(25643,6),(26272,1)]	[(25828,80000),(25643,3),(26272,1)]
207	37	10506	161000	80500	[(25643,7)]	[(25643,4)]	26272	[(750,0),(250,1)]	[(25828,161000),(25643,7),(26272,1)]	[(25828,80500),(25643,4),(26272,1)]
208	37	10507	162000	81000	[(25643,7)]	[(25643,4)]	26272	[(750,0),(250,1)]	[(25828,162000),(25643,7),(26272,1)]	[(25828,81000),(25643,4),(26272,1)]
209	37	10508	163000	81500	[(25643,7)]	[(25643,4)]	26272	[(750,0),(250,1)]	[(25828,163000),(25643,7),(26272,1)]	[(25828,81500),(25643,4),(26272,1)]
210	37	10509	164000	82000	[(25643,7)]	[(25643,4)]	35804	[(750,0),(250,1)]	[(25828,164000),(25643,7),(35804,1)]	[(25828,82000),(25643,4),(35804,1)]
211	37	10510	165000	82500	[(25643,7)]	[(25643,4)]	26272	[(750,0),(250,1)]	[(25828,165000),(25643,7),(26272,1)]	[(25828,82500),(25643,4),(26272,1)]
212	37	10511	166000	83000	[(25643,7)]	[(25643,4)]	26272	[(750,0),(250,1)]	[(25828,166000),(25643,7),(26272,1)]	[(25828,83000),(25643,4),(26272,1)]
213	37	10512	167000	83500	[(25643,7)]	[(25643,4)]	26272	[(750,0),(250,1)]	[(25828,167000),(25643,7),(26272,1)]	[(25828,83500),(25643,4),(26272,1)]
214	37	10513	168000	84000	[(25643,7)]	[(25643,4)]	26272	[(750,0),(250,1)]	[(25828,168000),(25643,7),(26272,1)]	[(25828,84000),(25643,4),(26272,1)]
215	37	10514	169000	84500	[(25643,7)]	[(25643,4)]	35804	[(750,0),(250,1)]	[(25828,169000),(25643,7),(35804,1)]	[(25828,84500),(25643,4),(35804,1)]
216	37	10515	170000	85000	[(25643,7)]	[(25643,4)]	26272	[(750,0),(250,1)]	[(25828,170000),(25643,7),(26272,1)]	[(25828,85000),(25643,4),(26272,1)]
217	37	10516	171000	85500	[(25643,7)]	[(25643,4)]	26272	[(750,0),(250,1)]	[(25828,171000),(25643,7),(26272,1)]	[(25828,85500),(25643,4),(26272,1)]
218	37	10517	172000	86000	[(25643,7)]	[(25643,4)]	26272	[(750,0),(250,1)]	[(25828,172000),(25643,7),(26272,1)]	[(25828,86000),(25643,4),(26272,1)]
219	37	10518	173000	86500	[(25643,7)]	[(25643,4)]	26272	[(750,0),(250,1)]	[(25828,173000),(25643,7),(26272,1)]	[(25828,86500),(25643,4),(26272,1)]
220	37	10519	174000	87000	[(25643,7)]	[(25643,4)]	35804	[(750,0),(250,1)]	[(25828,174000),(25643,7),(35804,1)]	[(25828,87000),(25643,4),(35804,1)]
221	37	10520	175000	87500	[(25643,7)]	[(25643,4)]	26272	[(750,0),(250,1)]	[(25828,175000),(25643,7),(26272,1)]	[(25828,87500),(25643,4),(26272,1)]
222	37	10521	176000	88000	[(25643,8)]	[(25643,4)]	26272	[(750,0),(250,1)]	[(25828,176000),(25643,8),(26272,1)]	[(25828,88000),(25643,4),(26272,1)]
223	37	10522	177000	88500	[(25643,8)]	[(25643,4)]	26272	[(750,0),(250,1)]	[(25828,177000),(25643,8),(26272,1)]	[(25828,88500),(25643,4),(26272,1)]
224	37	10523	178000	89000	[(25643,8)]	[(25643,4)]	26272	[(750,0),(250,1)]	[(25828,178000),(25643,8),(26272,1)]	[(25828,89000),(25643,4),(26272,1)]
225	37	10524	179000	89500	[(25643,8)]	[(25643,4)]	35804	[(750,0),(250,1)]	[(25828,179000),(25643,8),(35804,1)]	[(25828,89500),(25643,4),(35804,1)]
226	37	10525	180000	90000	[(25643,8)]	[(25643,4)]	26272	[(750,0),(250,1)]	[(25828,180000),(25643,8),(26272,1)]	[(25828,90000),(25643,4),(26272,1)]
227	37	10526	181000	90500	[(25643,8)]	[(25643,4)]	26272	[(750,0),(250,1)]	[(25828,181000),(25643,8),(26272,1)]	[(25828,90500),(25643,4),(26272,1)]
228	37	10527	182000	91000	[(25643,8)]	[(25643,4)]	26272	[(750,0),(250,1)]	[(25828,182000),(25643,8),(26272,1)]	[(25828,91000),(25643,4),(26272,1)]
229	37	10528	183000	91500	[(25643,8)]	[(25643,4)]	26272	[(750,0),(250,1)]	[(25828,183000),(25643,8),(26272,1)]	[(25828,91500),(25643,4),(26272,1)]
230	37	10529	184000	92000	[(25643,8)]	[(25643,4)]	35810	[(750,0),(250,1)]	[(25828,184000),(25643,8),(35810,1)]	[(25828,92000),(25643,4),(35810,1)]
231	37	10530	185000	92500	[(25643,8)]	[(25643,4)]	26272	[(750,0),(250,1)]	[(25828,185000),(25643,8),(26272,1)]	[(25828,92500),(25643,4),(26272,1)]
232	37	10531	186000	93000	[(25643,8)]	[(25643,4)]	26272	[(750,0),(250,1)]	[(25828,186000),(25643,8),(26272,1)]	[(25828,93000),(25643,4),(26272,1)]
233	37	10532	187000	93500	[(25643,8)]	[(25643,4)]	26272	[(750,0),(250,1)]	[(25828,187000),(25643,8),(26272,1)]	[(25828,93500),(25643,4),(26272,1)]
234	37	10533	188000	94000	[(25643,8)]	[(25643,4)]	26272	[(750,0),(250,1)]	[(25828,188000),(25643,8),(26272,1)]	[(25828,94000),(25643,4),(26272,1)]
235	37	10534	189000	94500	[(25643,8)]	[(25643,4)]	35810	[(750,0),(250,1)]	[(25828,189000),(25643,8),(35810,1)]	[(25828,94500),(25643,4),(35810,1)]
236	37	10535	190000	95000	[(25643,8)]	[(25643,4)]	26272	[(750,0),(250,1)]	[(25828,190000),(25643,8),(26272,1)]	[(25828,95000),(25643,4),(26272,1)]
237	37	10536	191000	95500	[(25643,9)]	[(25643,5)]	26272	[(750,0),(250,1)]	[(25828,191000),(25643,9),(26272,1)]	[(25828,95500),(25643,5),(26272,1)]
238	37	10537	192000	96000	[(25643,9)]	[(25643,5)]	26272	[(750,0),(250,1)]	[(25828,192000),(25643,9),(26272,1)]	[(25828,96000),(25643,5),(26272,1)]
239	37	10538	193000	96500	[(25643,9)]	[(25643,5)]	26272	[(750,0),(250,1)]	[(25828,193000),(25643,9),(26272,1)]	[(25828,96500),(25643,5),(26272,1)]
240	37	10539	194000	97000	[(25643,9)]	[(25643,5)]	35810	[(750,0),(250,1)]	[(25828,194000),(25643,9),(35810,1)]	[(25828,97000),(25643,5),(35810,1)]
241	37	10540	195000	97500	[(25643,9)]	[(25643,5)]	26272	[(750,0),(250,1)]	[(25828,195000),(25643,9),(26272,1)]	[(25828,97500),(25643,5),(26272,1)]
242	37	10541	196000	98000	[(25643,9)]	[(25643,5)]	26272	[(750,0),(250,1)]	[(25828,196000),(25643,9),(26272,1)]	[(25828,98000),(25643,5),(26272,1)]
243	37	10542	197000	98500	[(25643,9)]	[(25643,5)]	26272	[(750,0),(250,1)]	[(25828,197000),(25643,9),(26272,1)]	[(25828,98500),(25643,5),(26272,1)]
244	37	10543	198000	99000	[(25643,9)]	[(25643,5)]	26272	[(750,0),(250,1)]	[(25828,198000),(25643,9),(26272,1)]	[(25828,99000),(25643,5),(26272,1)]
245	37	10544	199000	99500	[(25643,9)]	[(25643,5)]	35816	[(750,0),(250,1)]	[(25828,199000),(25643,9),(35816,1)]	[(25828,99500),(25643,5),(35816,1)]
246	37	10545	200000	100000	[(25643,9)]	[(25643,5)]	26272	[(750,0),(250,1)]	[(25828,200000),(25643,9),(26272,1)]	[(25828,100000),(25643,5),(26272,1)]
247	37	10546	201000	100500	[(25643,9)]	[(25643,5)]	26272	[(750,0),(250,1)]	[(25828,201000),(25643,9),(26272,1)]	[(25828,100500),(25643,5),(26272,1)]
248	37	10547	202000	101000	[(25643,9)]	[(25643,5)]	26272	[(750,0),(250,1)]	[(25828,202000),(25643,9),(26272,1)]	[(25828,101000),(25643,5),(26272,1)]
249	37	10548	203000	101500	[(25643,9)]	[(25643,5)]	26272	[(750,0),(250,1)]	[(25828,203000),(25643,9),(26272,1)]	[(25828,101500),(25643,5),(26272,1)]
250	37	10549	204000	102000	[(25643,9)]	[(25643,5)]	35816	[(750,0),(250,1)]	[(25828,204000),(25643,9),(35816,1)]	[(25828,102000),(25643,5),(35816,1)]
