artifact	level	coding	cnt	pt1	pv1	pt2	pv2
神器ID	等级	强化消耗的道具ID	消耗道具个数	属性类型1	属性值1	属性类型2	属性值1
95600	1	25644	1	4	8	6	8
95600	2	25644	2	4	16	6	16
95600	3	25644	3	4	24	6	24
95600	4	25644	4	4	32	6	32
95600	5	25644	5	4	40	6	40
95600	6	25644	6	4	48	6	48
95600	7	25644	7	4	56	6	56
35700	1	25971	1	4	10	6	10
35700	2	25971	2	4	22	6	22
35700	3	25971	3	4	35	6	35
35700	4	25971	4	4	50	6	50
35700	5	25971	5	4	66	6	66
35700	6	25971	6	4	84	6	84
35700	7	25971	8	4	103	6	103
35700	8	25971	9	4	124	6	124
35700	9	25971	13	4	146	6	146
35700	10	25971	14	4	170	6	170
35700	11	25971	16	4	195	6	195
35700	12	25971	22	4	222	6	222
35700	13	25971	28	4	250	6	250
35700	14	25971	34	4	280	6	280
35700	15	25971	40	4	311	6	311
35700	16	25971	48	4	344	6	344
35700	17	25971	56	4	378	6	378
35700	18	25971	64	4	414	6	414
35700	19	25971	72	4	451	6	451
35700	20	25971	80	4	490	6	490
35701	1	25971	1	4	10	6	10
35701	2	25971	2	4	22	6	22
35701	3	25971	3	4	35	6	35
35701	4	25971	4	4	50	6	50
35701	5	25971	5	4	66	6	66
35701	6	25971	6	4	84	6	84
35701	7	25971	8	4	103	6	103
35701	8	25971	9	4	124	6	124
35701	9	25971	13	4	146	6	146
35701	10	25971	14	4	170	6	170
35701	11	25971	16	4	195	6	195
35701	12	25971	22	4	222	6	222
35701	13	25971	28	4	250	6	250
35701	14	25971	34	4	280	6	280
35701	15	25971	40	4	311	6	311
35701	16	25971	48	4	344	6	344
35701	17	25971	56	4	378	6	378
35701	18	25971	64	4	414	6	414
35701	19	25971	72	4	451	6	451
35701	20	25971	80	4	490	6	490
35702	1	25971	1	4	10	6	10
35702	2	25971	2	4	22	6	22
35702	3	25971	3	4	35	6	35
35702	4	25971	4	4	50	6	50
35702	5	25971	5	4	66	6	66
35702	6	25971	6	4	84	6	84
35702	7	25971	8	4	103	6	103
35702	8	25971	9	4	124	6	124
35702	9	25971	13	4	146	6	146
35702	10	25971	14	4	170	6	170
35702	11	25971	16	4	195	6	195
35702	12	25971	22	4	222	6	222
35702	13	25971	28	4	250	6	250
35702	14	25971	34	4	280	6	280
35702	15	25971	40	4	311	6	311
35702	16	25971	48	4	344	6	344
35702	17	25971	56	4	378	6	378
35702	18	25971	64	4	414	6	414
35702	19	25971	72	4	451	6	451
35702	20	25971	80	4	490	6	490
35703	1	25971	1	1	30	0	0
35703	2	25971	2	1	65	0	0
35703	3	25971	3	1	104	0	0
35703	4	25971	4	1	148	0	0
35703	5	25971	5	1	196	0	0
35703	6	25971	6	1	249	0	0
35703	7	25971	8	1	306	0	0
35703	8	25971	9	1	368	0	0
35703	9	25971	13	1	434	0	0
35703	10	25971	14	1	505	0	0
35703	11	25971	16	1	580	0	0
35703	12	25971	22	1	660	0	0
35703	13	25971	28	1	744	0	0
35703	14	25971	34	1	833	0	0
35703	15	25971	40	1	926	0	0
35703	16	25971	48	1	1024	0	0
35703	17	25971	56	1	1126	0	0
35703	18	25971	64	1	1233	0	0
35703	19	25971	72	1	1344	0	0
35703	20	25971	80	1	1460	0	0
35704	1	25971	1	1	30	0	0
35704	2	25971	2	1	65	0	0
35704	3	25971	3	1	104	0	0
35704	4	25971	4	1	148	0	0
35704	5	25971	5	1	196	0	0
35704	6	25971	6	1	249	0	0
35704	7	25971	8	1	306	0	0
35704	8	25971	9	1	368	0	0
35704	9	25971	13	1	434	0	0
35704	10	25971	14	1	505	0	0
35704	11	25971	16	1	580	0	0
35704	12	25971	22	1	660	0	0
35704	13	25971	28	1	744	0	0
35704	14	25971	34	1	833	0	0
35704	15	25971	40	1	926	0	0
35704	16	25971	48	1	1024	0	0
35704	17	25971	56	1	1126	0	0
35704	18	25971	64	1	1233	0	0
35704	19	25971	72	1	1344	0	0
35704	20	25971	80	1	1460	0	0
35705	1	25971	1	1	30	0	0
35705	2	25971	2	1	65	0	0
35705	3	25971	3	1	104	0	0
35705	4	25971	4	1	148	0	0
35705	5	25971	5	1	196	0	0
35705	6	25971	6	1	249	0	0
35705	7	25971	8	1	306	0	0
35705	8	25971	9	1	368	0	0
35705	9	25971	13	1	434	0	0
35705	10	25971	14	1	505	0	0
35705	11	25971	16	1	580	0	0
35705	12	25971	22	1	660	0	0
35705	13	25971	28	1	744	0	0
35705	14	25971	34	1	833	0	0
35705	15	25971	40	1	926	0	0
35705	16	25971	48	1	1024	0	0
35705	17	25971	56	1	1126	0	0
35705	18	25971	64	1	1233	0	0
35705	19	25971	72	1	1344	0	0
35705	20	25971	80	1	1460	0	0
35706	1	25971	1	4	11	6	11
35706	2	25971	2	4	23	6	23
35706	3	25971	3	4	37	6	37
35706	4	25971	4	4	53	6	53
35706	5	25971	5	4	71	6	71
35706	6	25971	6	4	91	6	91
35706	7	25971	8	4	113	6	113
35706	8	25971	9	4	137	6	137
35706	9	25971	13	4	163	6	163
35706	10	25971	14	4	191	6	191
35706	11	25971	16	4	221	6	221
35706	12	25971	22	4	253	6	253
35706	13	25971	28	4	287	6	287
35706	14	25971	34	4	323	6	323
35706	15	25971	40	4	361	6	361
35706	16	25971	48	4	401	6	401
35706	17	25971	56	4	443	6	443
35706	18	25971	64	4	487	6	487
35706	19	25971	72	4	533	6	533
35706	20	25971	80	4	581	6	581
35706	21	25971	88	4	631	6	631
35706	22	25971	100	4	683	6	683
35706	23	25971	112	4	737	6	737
35706	24	25971	124	4	793	6	793
35706	25	25971	136	4	851	6	851
35706	26	25971	148	4	911	6	911
35706	27	25971	160	4	973	6	973
35706	28	25971	172	4	1037	6	1037
35706	29	25971	184	4	1103	6	1103
35706	30	25971	196	4	1171	6	1171
35706	31	25971	208	4	1241	6	1241
35706	32	25971	220	4	1313	6	1313
35706	33	25971	232	4	1387	6	1387
35706	34	25971	244	4	1463	6	1463
35706	35	25971	256	4	1541	6	1541
35706	36	25971	268	4	1621	6	1621
35706	37	25971	280	4	1703	6	1703
35706	38	25971	292	4	1787	6	1787
35706	39	25971	304	4	1873	6	1873
35706	40	25971	316	4	1961	6	1961
35707	1	25971	1	4	11	6	11
35707	2	25971	2	4	23	6	23
35707	3	25971	3	4	37	6	37
35707	4	25971	4	4	53	6	53
35707	5	25971	5	4	71	6	71
35707	6	25971	6	4	91	6	91
35707	7	25971	8	4	113	6	113
35707	8	25971	9	4	137	6	137
35707	9	25971	13	4	163	6	163
35707	10	25971	14	4	191	6	191
35707	11	25971	16	4	221	6	221
35707	12	25971	22	4	253	6	253
35707	13	25971	28	4	287	6	287
35707	14	25971	34	4	323	6	323
35707	15	25971	40	4	361	6	361
35707	16	25971	48	4	401	6	401
35707	17	25971	56	4	443	6	443
35707	18	25971	64	4	487	6	487
35707	19	25971	72	4	533	6	533
35707	20	25971	80	4	581	6	581
35707	21	25971	88	4	631	6	631
35707	22	25971	100	4	683	6	683
35707	23	25971	112	4	737	6	737
35707	24	25971	124	4	793	6	793
35707	25	25971	136	4	851	6	851
35707	26	25971	148	4	911	6	911
35707	27	25971	160	4	973	6	973
35707	28	25971	172	4	1037	6	1037
35707	29	25971	184	4	1103	6	1103
35707	30	25971	196	4	1171	6	1171
35707	31	25971	208	4	1241	6	1241
35707	32	25971	220	4	1313	6	1313
35707	33	25971	232	4	1387	6	1387
35707	34	25971	244	4	1463	6	1463
35707	35	25971	256	4	1541	6	1541
35707	36	25971	268	4	1621	6	1621
35707	37	25971	280	4	1703	6	1703
35707	38	25971	292	4	1787	6	1787
35707	39	25971	304	4	1873	6	1873
35707	40	25971	316	4	1961	6	1961
35708	1	25971	1	4	11	6	11
35708	2	25971	2	4	23	6	23
35708	3	25971	3	4	37	6	37
35708	4	25971	4	4	53	6	53
35708	5	25971	5	4	71	6	71
35708	6	25971	6	4	91	6	91
35708	7	25971	8	4	113	6	113
35708	8	25971	9	4	137	6	137
35708	9	25971	13	4	163	6	163
35708	10	25971	14	4	191	6	191
35708	11	25971	16	4	221	6	221
35708	12	25971	22	4	253	6	253
35708	13	25971	28	4	287	6	287
35708	14	25971	34	4	323	6	323
35708	15	25971	40	4	361	6	361
35708	16	25971	48	4	401	6	401
35708	17	25971	56	4	443	6	443
35708	18	25971	64	4	487	6	487
35708	19	25971	72	4	533	6	533
35708	20	25971	80	4	581	6	581
35708	21	25971	88	4	631	6	631
35708	22	25971	100	4	683	6	683
35708	23	25971	112	4	737	6	737
35708	24	25971	124	4	793	6	793
35708	25	25971	136	4	851	6	851
35708	26	25971	148	4	911	6	911
35708	27	25971	160	4	973	6	973
35708	28	25971	172	4	1037	6	1037
35708	29	25971	184	4	1103	6	1103
35708	30	25971	196	4	1171	6	1171
35708	31	25971	208	4	1241	6	1241
35708	32	25971	220	4	1313	6	1313
35708	33	25971	232	4	1387	6	1387
35708	34	25971	244	4	1463	6	1463
35708	35	25971	256	4	1541	6	1541
35708	36	25971	268	4	1621	6	1621
35708	37	25971	280	4	1703	6	1703
35708	38	25971	292	4	1787	6	1787
35708	39	25971	304	4	1873	6	1873
35708	40	25971	316	4	1961	6	1961
35709	1	25971	1	1	32	0	0
35709	2	25971	2	1	68	0	0
35709	3	25971	3	1	110	0	0
35709	4	25971	4	1	158	0	0
35709	5	25971	5	1	212	0	0
35709	6	25971	6	1	272	0	0
35709	7	25971	8	1	339	0	0
35709	8	25971	9	1	410	0	0
35709	9	25971	13	1	488	0	0
35709	10	25971	14	1	572	0	0
35709	11	25971	16	1	662	0	0
35709	12	25971	22	1	758	0	0
35709	13	25971	28	1	860	0	0
35709	14	25971	34	1	968	0	0
35709	15	25971	40	1	1082	0	0
35709	16	25971	48	1	1202	0	0
35709	17	25971	56	1	1328	0	0
35709	18	25971	64	1	1460	0	0
35709	19	25971	72	1	1598	0	0
35709	20	25971	80	1	1742	0	0
35709	21	25971	88	1	1892	0	0
35709	22	25971	100	1	2048	0	0
35709	23	25971	112	1	2210	0	0
35709	24	25971	124	1	2378	0	0
35709	25	25971	136	1	2552	0	0
35709	26	25971	148	1	2732	0	0
35709	27	25971	160	1	2918	0	0
35709	28	25971	172	1	3110	0	0
35709	29	25971	184	1	3308	0	0
35709	30	25971	196	1	3512	0	0
35709	31	25971	208	1	3722	0	0
35709	32	25971	220	1	3938	0	0
35709	33	25971	232	1	4160	0	0
35709	34	25971	244	1	4388	0	0
35709	35	25971	256	1	4622	0	0
35709	36	25971	268	1	4862	0	0
35709	37	25971	280	1	5108	0	0
35709	38	25971	292	1	5360	0	0
35709	39	25971	304	1	5618	0	0
35709	40	25971	316	1	5882	0	0
35710	1	25971	1	1	32	0	0
35710	2	25971	2	1	68	0	0
35710	3	25971	3	1	110	0	0
35710	4	25971	4	1	158	0	0
35710	5	25971	5	1	212	0	0
35710	6	25971	6	1	272	0	0
35710	7	25971	8	1	339	0	0
35710	8	25971	9	1	410	0	0
35710	9	25971	13	1	488	0	0
35710	10	25971	14	1	572	0	0
35710	11	25971	16	1	662	0	0
35710	12	25971	22	1	758	0	0
35710	13	25971	28	1	860	0	0
35710	14	25971	34	1	968	0	0
35710	15	25971	40	1	1082	0	0
35710	16	25971	48	1	1202	0	0
35710	17	25971	56	1	1328	0	0
35710	18	25971	64	1	1460	0	0
35710	19	25971	72	1	1598	0	0
35710	20	25971	80	1	1742	0	0
35710	21	25971	88	1	1892	0	0
35710	22	25971	100	1	2048	0	0
35710	23	25971	112	1	2210	0	0
35710	24	25971	124	1	2378	0	0
35710	25	25971	136	1	2552	0	0
35710	26	25971	148	1	2732	0	0
35710	27	25971	160	1	2918	0	0
35710	28	25971	172	1	3110	0	0
35710	29	25971	184	1	3308	0	0
35710	30	25971	196	1	3512	0	0
35710	31	25971	208	1	3722	0	0
35710	32	25971	220	1	3938	0	0
35710	33	25971	232	1	4160	0	0
35710	34	25971	244	1	4388	0	0
35710	35	25971	256	1	4622	0	0
35710	36	25971	268	1	4862	0	0
35710	37	25971	280	1	5108	0	0
35710	38	25971	292	1	5360	0	0
35710	39	25971	304	1	5618	0	0
35710	40	25971	316	1	5882	0	0
35711	1	25971	1	1	32	0	0
35711	2	25971	2	1	68	0	0
35711	3	25971	3	1	110	0	0
35711	4	25971	4	1	158	0	0
35711	5	25971	5	1	212	0	0
35711	6	25971	6	1	272	0	0
35711	7	25971	8	1	339	0	0
35711	8	25971	9	1	410	0	0
35711	9	25971	13	1	488	0	0
35711	10	25971	14	1	572	0	0
35711	11	25971	16	1	662	0	0
35711	12	25971	22	1	758	0	0
35711	13	25971	28	1	860	0	0
35711	14	25971	34	1	968	0	0
35711	15	25971	40	1	1082	0	0
35711	16	25971	48	1	1202	0	0
35711	17	25971	56	1	1328	0	0
35711	18	25971	64	1	1460	0	0
35711	19	25971	72	1	1598	0	0
35711	20	25971	80	1	1742	0	0
35711	21	25971	88	1	1892	0	0
35711	22	25971	100	1	2048	0	0
35711	23	25971	112	1	2210	0	0
35711	24	25971	124	1	2378	0	0
35711	25	25971	136	1	2552	0	0
35711	26	25971	148	1	2732	0	0
35711	27	25971	160	1	2918	0	0
35711	28	25971	172	1	3110	0	0
35711	29	25971	184	1	3308	0	0
35711	30	25971	196	1	3512	0	0
35711	31	25971	208	1	3722	0	0
35711	32	25971	220	1	3938	0	0
35711	33	25971	232	1	4160	0	0
35711	34	25971	244	1	4388	0	0
35711	35	25971	256	1	4622	0	0
35711	36	25971	268	1	4862	0	0
35711	37	25971	280	1	5108	0	0
35711	38	25971	292	1	5360	0	0
35711	39	25971	304	1	5618	0	0
35711	40	25971	316	1	5882	0	0
35712	1	25971	1	4	11	6	11
35712	2	25971	2	4	24	6	24
35712	3	25971	3	4	39	6	39
35712	4	25971	4	4	56	6	56
35712	5	25971	5	4	75	6	75
35712	6	25971	6	4	97	6	97
35712	7	25971	8	4	121	6	121
35712	8	25971	9	4	147	6	147
35712	9	25971	13	4	175	6	175
35712	10	25971	14	4	206	6	206
35712	11	25971	16	4	239	6	239
35712	12	25971	22	4	274	6	274
35712	13	25971	28	4	311	6	311
35712	14	25971	34	4	351	6	351
35712	15	25971	40	4	393	6	393
35712	16	25971	48	4	437	6	437
35712	17	25971	56	4	483	6	483
35712	18	25971	64	4	532	6	532
35712	19	25971	72	4	583	6	583
35712	20	25971	80	4	636	6	636
35712	21	25971	88	4	691	6	691
35712	22	25971	100	4	749	6	749
35712	23	25971	112	4	809	6	809
35712	24	25971	124	4	871	6	871
35712	25	25971	136	4	935	6	935
35712	26	25971	148	4	1002	6	1002
35712	27	25971	160	4	1071	6	1071
35712	28	25971	172	4	1142	6	1142
35712	29	25971	184	4	1215	6	1215
35712	30	25971	196	4	1291	6	1291
35712	31	25971	208	4	1369	6	1369
35712	32	25971	220	4	1449	6	1449
35712	33	25971	232	4	1531	6	1531
35712	34	25971	244	4	1616	6	1616
35712	35	25971	256	4	1703	6	1703
35712	36	25971	268	4	1792	6	1792
35712	37	25971	280	4	1883	6	1883
35712	38	25971	292	4	1977	6	1977
35712	39	25971	304	4	2073	6	2073
35712	40	25971	316	4	2171	6	2171
35712	41	25971	328	4	2271	6	2271
35712	42	25971	340	4	2374	6	2374
35712	43	25971	352	4	2479	6	2479
35712	44	25971	364	4	2586	6	2586
35712	45	25971	376	4	2695	6	2695
35712	46	25971	388	4	2790	6	2790
35712	47	25971	400	4	2921	6	2921
35712	48	25971	412	4	3037	6	3037
35712	49	25971	424	4	3155	6	3155
35712	50	25971	436	4	3276	6	3276
35712	51	25971	448	4	3399	6	3399
35712	52	25971	460	4	3524	6	3524
35712	53	25971	472	4	3651	6	3651
35712	54	25971	484	4	3781	6	3781
35712	55	25971	496	4	3913	6	3913
35712	56	25971	508	4	4047	6	4047
35712	57	25971	520	4	4183	6	4183
35712	58	25971	532	4	4322	6	4322
35712	59	25971	544	4	4463	6	4463
35712	60	25971	556	4	4606	6	4606
35713	1	25971	1	4	11	6	11
35713	2	25971	2	4	24	6	24
35713	3	25971	3	4	39	6	39
35713	4	25971	4	4	56	6	56
35713	5	25971	5	4	75	6	75
35713	6	25971	6	4	97	6	97
35713	7	25971	8	4	121	6	121
35713	8	25971	9	4	147	6	147
35713	9	25971	13	4	175	6	175
35713	10	25971	14	4	206	6	206
35713	11	25971	16	4	239	6	239
35713	12	25971	22	4	274	6	274
35713	13	25971	28	4	311	6	311
35713	14	25971	34	4	351	6	351
35713	15	25971	40	4	393	6	393
35713	16	25971	48	4	437	6	437
35713	17	25971	56	4	483	6	483
35713	18	25971	64	4	532	6	532
35713	19	25971	72	4	583	6	583
35713	20	25971	80	4	636	6	636
35713	21	25971	88	4	691	6	691
35713	22	25971	100	4	749	6	749
35713	23	25971	112	4	809	6	809
35713	24	25971	124	4	871	6	871
35713	25	25971	136	4	935	6	935
35713	26	25971	148	4	1002	6	1002
35713	27	25971	160	4	1071	6	1071
35713	28	25971	172	4	1142	6	1142
35713	29	25971	184	4	1215	6	1215
35713	30	25971	196	4	1291	6	1291
35713	31	25971	208	4	1369	6	1369
35713	32	25971	220	4	1449	6	1449
35713	33	25971	232	4	1531	6	1531
35713	34	25971	244	4	1616	6	1616
35713	35	25971	256	4	1703	6	1703
35713	36	25971	268	4	1792	6	1792
35713	37	25971	280	4	1883	6	1883
35713	38	25971	292	4	1977	6	1977
35713	39	25971	304	4	2073	6	2073
35713	40	25971	316	4	2171	6	2171
35713	41	25971	328	4	2271	6	2271
35713	42	25971	340	4	2374	6	2374
35713	43	25971	352	4	2479	6	2479
35713	44	25971	364	4	2586	6	2586
35713	45	25971	376	4	2695	6	2695
35713	46	25971	388	4	2790	6	2790
35713	47	25971	400	4	2921	6	2921
35713	48	25971	412	4	3037	6	3037
35713	49	25971	424	4	3155	6	3155
35713	50	25971	436	4	3276	6	3276
35713	51	25971	448	4	3399	6	3399
35713	52	25971	460	4	3524	6	3524
35713	53	25971	472	4	3651	6	3651
35713	54	25971	484	4	3781	6	3781
35713	55	25971	496	4	3913	6	3913
35713	56	25971	508	4	4047	6	4047
35713	57	25971	520	4	4183	6	4183
35713	58	25971	532	4	4322	6	4322
35713	59	25971	544	4	4463	6	4463
35713	60	25971	556	4	4606	6	4606
35714	1	25971	1	4	11	6	11
35714	2	25971	2	4	24	6	24
35714	3	25971	3	4	39	6	39
35714	4	25971	4	4	56	6	56
35714	5	25971	5	4	75	6	75
35714	6	25971	6	4	97	6	97
35714	7	25971	8	4	121	6	121
35714	8	25971	9	4	147	6	147
35714	9	25971	13	4	175	6	175
35714	10	25971	14	4	206	6	206
35714	11	25971	16	4	239	6	239
35714	12	25971	22	4	274	6	274
35714	13	25971	28	4	311	6	311
35714	14	25971	34	4	351	6	351
35714	15	25971	40	4	393	6	393
35714	16	25971	48	4	437	6	437
35714	17	25971	56	4	483	6	483
35714	18	25971	64	4	532	6	532
35714	19	25971	72	4	583	6	583
35714	20	25971	80	4	636	6	636
35714	21	25971	88	4	691	6	691
35714	22	25971	100	4	749	6	749
35714	23	25971	112	4	809	6	809
35714	24	25971	124	4	871	6	871
35714	25	25971	136	4	935	6	935
35714	26	25971	148	4	1002	6	1002
35714	27	25971	160	4	1071	6	1071
35714	28	25971	172	4	1142	6	1142
35714	29	25971	184	4	1215	6	1215
35714	30	25971	196	4	1291	6	1291
35714	31	25971	208	4	1369	6	1369
35714	32	25971	220	4	1449	6	1449
35714	33	25971	232	4	1531	6	1531
35714	34	25971	244	4	1616	6	1616
35714	35	25971	256	4	1703	6	1703
35714	36	25971	268	4	1792	6	1792
35714	37	25971	280	4	1883	6	1883
35714	38	25971	292	4	1977	6	1977
35714	39	25971	304	4	2073	6	2073
35714	40	25971	316	4	2171	6	2171
35714	41	25971	328	4	2271	6	2271
35714	42	25971	340	4	2374	6	2374
35714	43	25971	352	4	2479	6	2479
35714	44	25971	364	4	2586	6	2586
35714	45	25971	376	4	2695	6	2695
35714	46	25971	388	4	2790	6	2790
35714	47	25971	400	4	2921	6	2921
35714	48	25971	412	4	3037	6	3037
35714	49	25971	424	4	3155	6	3155
35714	50	25971	436	4	3276	6	3276
35714	51	25971	448	4	3399	6	3399
35714	52	25971	460	4	3524	6	3524
35714	53	25971	472	4	3651	6	3651
35714	54	25971	484	4	3781	6	3781
35714	55	25971	496	4	3913	6	3913
35714	56	25971	508	4	4047	6	4047
35714	57	25971	520	4	4183	6	4183
35714	58	25971	532	4	4322	6	4322
35714	59	25971	544	4	4463	6	4463
35714	60	25971	556	4	4606	6	4606
35715	1	25971	1	1	33	0	0
35715	2	25971	2	1	70	0	0
35715	3	25971	3	1	114	0	0
35715	4	25971	4	1	165	0	0
35715	5	25971	5	1	222	0	0
35715	6	25971	6	1	286	0	0
35715	7	25971	8	1	357	0	0
35715	8	25971	9	1	435	0	0
35715	9	25971	13	1	519	0	0
35715	10	25971	14	1	610	0	0
35715	11	25971	16	1	708	0	0
35715	12	25971	22	1	813	0	0
35715	13	25971	28	1	924	0	0
35715	14	25971	34	1	1042	0	0
35715	15	25971	40	1	1167	0	0
35715	16	25971	48	1	1299	0	0
35715	17	25971	56	1	1437	0	0
35715	18	25971	64	1	1582	0	0
35715	19	25971	72	1	1734	0	0
35715	20	25971	80	1	1893	0	0
35715	21	25971	88	1	2058	0	0
35715	22	25971	100	1	2230	0	0
35715	23	25971	112	1	2409	0	0
35715	24	25971	124	1	2595	0	0
35715	25	25971	136	1	2787	0	0
35715	26	25971	148	1	2986	0	0
35715	27	25971	160	1	3192	0	0
35715	28	25971	172	1	3405	0	0
35715	29	25971	184	1	3624	0	0
35715	30	25971	196	1	3850	0	0
35715	31	25971	208	1	4083	0	0
35715	32	25971	220	1	4323	0	0
35715	33	25971	232	1	4569	0	0
35715	34	25971	244	1	4822	0	0
35715	35	25971	256	1	5082	0	0
35715	36	25971	268	1	5349	0	0
35715	37	25971	280	1	5622	0	0
35715	38	25971	292	1	5902	0	0
35715	39	25971	304	1	6189	0	0
35715	40	25971	316	1	6483	0	0
35715	41	25971	328	1	6783	0	0
35715	42	25971	340	1	7090	0	0
35715	43	25971	352	1	7404	0	0
35715	44	25971	364	1	7725	0	0
35715	45	25971	376	1	8052	0	0
35715	46	25971	388	1	8336	0	0
35715	47	25971	400	1	8727	0	0
35715	48	25971	412	1	9075	0	0
35715	49	25971	424	1	9429	0	0
35715	50	25971	436	1	9790	0	0
35715	51	25971	448	1	10158	0	0
35715	52	25971	460	1	10533	0	0
35715	53	25971	472	1	10914	0	0
35715	54	25971	484	1	11302	0	0
35715	55	25971	496	1	11697	0	0
35715	56	25971	508	1	12099	0	0
35715	57	25971	520	1	12507	0	0
35715	58	25971	532	1	12922	0	0
35715	59	25971	544	1	13344	0	0
35715	60	25971	556	1	13773	0	0
35716	1	25971	1	1	33	0	0
35716	2	25971	2	1	70	0	0
35716	3	25971	3	1	114	0	0
35716	4	25971	4	1	165	0	0
35716	5	25971	5	1	222	0	0
35716	6	25971	6	1	286	0	0
35716	7	25971	8	1	357	0	0
35716	8	25971	9	1	435	0	0
35716	9	25971	13	1	519	0	0
35716	10	25971	14	1	610	0	0
35716	11	25971	16	1	708	0	0
35716	12	25971	22	1	813	0	0
35716	13	25971	28	1	924	0	0
35716	14	25971	34	1	1042	0	0
35716	15	25971	40	1	1167	0	0
35716	16	25971	48	1	1299	0	0
35716	17	25971	56	1	1437	0	0
35716	18	25971	64	1	1582	0	0
35716	19	25971	72	1	1734	0	0
35716	20	25971	80	1	1893	0	0
35716	21	25971	88	1	2058	0	0
35716	22	25971	100	1	2230	0	0
35716	23	25971	112	1	2409	0	0
35716	24	25971	124	1	2595	0	0
35716	25	25971	136	1	2787	0	0
35716	26	25971	148	1	2986	0	0
35716	27	25971	160	1	3192	0	0
35716	28	25971	172	1	3405	0	0
35716	29	25971	184	1	3624	0	0
35716	30	25971	196	1	3850	0	0
35716	31	25971	208	1	4083	0	0
35716	32	25971	220	1	4323	0	0
35716	33	25971	232	1	4569	0	0
35716	34	25971	244	1	4822	0	0
35716	35	25971	256	1	5082	0	0
35716	36	25971	268	1	5349	0	0
35716	37	25971	280	1	5622	0	0
35716	38	25971	292	1	5902	0	0
35716	39	25971	304	1	6189	0	0
35716	40	25971	316	1	6483	0	0
35716	41	25971	328	1	6783	0	0
35716	42	25971	340	1	7090	0	0
35716	43	25971	352	1	7404	0	0
35716	44	25971	364	1	7725	0	0
35716	45	25971	376	1	8052	0	0
35716	46	25971	388	1	8336	0	0
35716	47	25971	400	1	8727	0	0
35716	48	25971	412	1	9075	0	0
35716	49	25971	424	1	9429	0	0
35716	50	25971	436	1	9790	0	0
35716	51	25971	448	1	10158	0	0
35716	52	25971	460	1	10533	0	0
35716	53	25971	472	1	10914	0	0
35716	54	25971	484	1	11302	0	0
35716	55	25971	496	1	11697	0	0
35716	56	25971	508	1	12099	0	0
35716	57	25971	520	1	12507	0	0
35716	58	25971	532	1	12922	0	0
35716	59	25971	544	1	13344	0	0
35716	60	25971	556	1	13773	0	0
35717	1	25971	1	1	33	0	0
35717	2	25971	2	1	70	0	0
35717	3	25971	3	1	114	0	0
35717	4	25971	4	1	165	0	0
35717	5	25971	5	1	222	0	0
35717	6	25971	6	1	286	0	0
35717	7	25971	8	1	357	0	0
35717	8	25971	9	1	435	0	0
35717	9	25971	13	1	519	0	0
35717	10	25971	14	1	610	0	0
35717	11	25971	16	1	708	0	0
35717	12	25971	22	1	813	0	0
35717	13	25971	28	1	924	0	0
35717	14	25971	34	1	1042	0	0
35717	15	25971	40	1	1167	0	0
35717	16	25971	48	1	1299	0	0
35717	17	25971	56	1	1437	0	0
35717	18	25971	64	1	1582	0	0
35717	19	25971	72	1	1734	0	0
35717	20	25971	80	1	1893	0	0
35717	21	25971	88	1	2058	0	0
35717	22	25971	100	1	2230	0	0
35717	23	25971	112	1	2409	0	0
35717	24	25971	124	1	2595	0	0
35717	25	25971	136	1	2787	0	0
35717	26	25971	148	1	2986	0	0
35717	27	25971	160	1	3192	0	0
35717	28	25971	172	1	3405	0	0
35717	29	25971	184	1	3624	0	0
35717	30	25971	196	1	3850	0	0
35717	31	25971	208	1	4083	0	0
35717	32	25971	220	1	4323	0	0
35717	33	25971	232	1	4569	0	0
35717	34	25971	244	1	4822	0	0
35717	35	25971	256	1	5082	0	0
35717	36	25971	268	1	5349	0	0
35717	37	25971	280	1	5622	0	0
35717	38	25971	292	1	5902	0	0
35717	39	25971	304	1	6189	0	0
35717	40	25971	316	1	6483	0	0
35717	41	25971	328	1	6783	0	0
35717	42	25971	340	1	7090	0	0
35717	43	25971	352	1	7404	0	0
35717	44	25971	364	1	7725	0	0
35717	45	25971	376	1	8052	0	0
35717	46	25971	388	1	8336	0	0
35717	47	25971	400	1	8727	0	0
35717	48	25971	412	1	9075	0	0
35717	49	25971	424	1	9429	0	0
35717	50	25971	436	1	9790	0	0
35717	51	25971	448	1	10158	0	0
35717	52	25971	460	1	10533	0	0
35717	53	25971	472	1	10914	0	0
35717	54	25971	484	1	11302	0	0
35717	55	25971	496	1	11697	0	0
35717	56	25971	508	1	12099	0	0
35717	57	25971	520	1	12507	0	0
35717	58	25971	532	1	12922	0	0
35717	59	25971	544	1	13344	0	0
35717	60	25971	556	1	13773	0	0
35718	1	25971	1	4	11	6	11
35718	2	25971	2	4	25	6	25
35718	3	25971	3	4	41	6	41
35718	4	25971	4	4	60	6	60
35718	5	25971	5	4	81	6	81
35718	6	25971	6	4	105	6	105
35718	7	25971	8	4	131	6	131
35718	8	25971	9	4	160	6	160
35718	9	25971	13	4	191	6	191
35718	10	25971	14	4	225	6	225
35718	11	25971	16	4	261	6	261
35718	12	25971	22	4	300	6	300
35718	13	25971	28	4	341	6	341
35718	14	25971	34	4	385	6	385
35718	15	25971	40	4	431	6	431
35718	16	25971	48	4	480	6	480
35718	17	25971	56	4	531	6	531
35718	18	25971	64	4	585	6	585
35718	19	25971	72	4	641	6	641
35718	20	25971	80	4	700	6	700
35718	21	25971	88	4	761	6	761
35718	22	25971	100	4	825	6	825
35718	23	25971	112	4	891	6	891
35718	24	25971	124	4	960	6	960
35718	25	25971	136	4	1031	6	1031
35718	26	25971	148	4	1105	6	1105
35718	27	25971	160	4	1181	6	1181
35718	28	25971	172	4	1260	6	1260
35718	29	25971	184	4	1341	6	1341
35718	30	25971	196	4	1425	6	1425
35718	31	25971	208	4	1511	6	1511
35718	32	25971	220	4	1600	6	1600
35718	33	25971	232	4	1691	6	1691
35718	34	25971	244	4	1785	6	1785
35718	35	25971	256	4	1881	6	1881
35718	36	25971	268	4	1980	6	1980
35718	37	25971	280	4	2081	6	2081
35718	38	25971	292	4	2185	6	2185
35718	39	25971	304	4	2291	6	2291
35718	40	25971	316	4	2400	6	2400
35718	41	25971	328	4	2511	6	2511
35718	42	25971	340	4	2625	6	2625
35718	43	25971	352	4	2741	6	2741
35718	44	25971	364	4	2860	6	2860
35718	45	25971	376	4	2981	6	2981
35718	46	25971	388	4	3105	6	3105
35718	47	25971	400	4	3231	6	3231
35718	48	25971	412	4	3360	6	3360
35718	49	25971	424	4	3491	6	3491
35718	50	25971	436	4	3625	6	3625
35718	51	25971	448	4	3761	6	3761
35718	52	25971	460	4	3900	6	3900
35718	53	25971	472	4	4041	6	4041
35718	54	25971	484	4	4185	6	4185
35718	55	25971	496	4	4331	6	4331
35718	56	25971	508	4	4480	6	4480
35718	57	25971	520	4	4631	6	4631
35718	58	25971	532	4	4785	6	4785
35718	59	25971	544	4	4941	6	4941
35718	60	25971	556	4	5100	6	5100
35719	1	25971	1	4	11	6	11
35719	2	25971	2	4	25	6	25
35719	3	25971	3	4	41	6	41
35719	4	25971	4	4	60	6	60
35719	5	25971	5	4	81	6	81
35719	6	25971	6	4	105	6	105
35719	7	25971	8	4	131	6	131
35719	8	25971	9	4	160	6	160
35719	9	25971	13	4	191	6	191
35719	10	25971	14	4	225	6	225
35719	11	25971	16	4	261	6	261
35719	12	25971	22	4	300	6	300
35719	13	25971	28	4	341	6	341
35719	14	25971	34	4	385	6	385
35719	15	25971	40	4	431	6	431
35719	16	25971	48	4	480	6	480
35719	17	25971	56	4	531	6	531
35719	18	25971	64	4	585	6	585
35719	19	25971	72	4	641	6	641
35719	20	25971	80	4	700	6	700
35719	21	25971	88	4	761	6	761
35719	22	25971	100	4	825	6	825
35719	23	25971	112	4	891	6	891
35719	24	25971	124	4	960	6	960
35719	25	25971	136	4	1031	6	1031
35719	26	25971	148	4	1105	6	1105
35719	27	25971	160	4	1181	6	1181
35719	28	25971	172	4	1260	6	1260
35719	29	25971	184	4	1341	6	1341
35719	30	25971	196	4	1425	6	1425
35719	31	25971	208	4	1511	6	1511
35719	32	25971	220	4	1600	6	1600
35719	33	25971	232	4	1691	6	1691
35719	34	25971	244	4	1785	6	1785
35719	35	25971	256	4	1881	6	1881
35719	36	25971	268	4	1980	6	1980
35719	37	25971	280	4	2081	6	2081
35719	38	25971	292	4	2185	6	2185
35719	39	25971	304	4	2291	6	2291
35719	40	25971	316	4	2400	6	2400
35719	41	25971	328	4	2511	6	2511
35719	42	25971	340	4	2625	6	2625
35719	43	25971	352	4	2741	6	2741
35719	44	25971	364	4	2860	6	2860
35719	45	25971	376	4	2981	6	2981
35719	46	25971	388	4	3105	6	3105
35719	47	25971	400	4	3231	6	3231
35719	48	25971	412	4	3360	6	3360
35719	49	25971	424	4	3491	6	3491
35719	50	25971	436	4	3625	6	3625
35719	51	25971	448	4	3761	6	3761
35719	52	25971	460	4	3900	6	3900
35719	53	25971	472	4	4041	6	4041
35719	54	25971	484	4	4185	6	4185
35719	55	25971	496	4	4331	6	4331
35719	56	25971	508	4	4480	6	4480
35719	57	25971	520	4	4631	6	4631
35719	58	25971	532	4	4785	6	4785
35719	59	25971	544	4	4941	6	4941
35719	60	25971	556	4	5100	6	5100
35720	1	25971	1	4	11	6	11
35720	2	25971	2	4	25	6	25
35720	3	25971	3	4	41	6	41
35720	4	25971	4	4	60	6	60
35720	5	25971	5	4	81	6	81
35720	6	25971	6	4	105	6	105
35720	7	25971	8	4	131	6	131
35720	8	25971	9	4	160	6	160
35720	9	25971	13	4	191	6	191
35720	10	25971	14	4	225	6	225
35720	11	25971	16	4	261	6	261
35720	12	25971	22	4	300	6	300
35720	13	25971	28	4	341	6	341
35720	14	25971	34	4	385	6	385
35720	15	25971	40	4	431	6	431
35720	16	25971	48	4	480	6	480
35720	17	25971	56	4	531	6	531
35720	18	25971	64	4	585	6	585
35720	19	25971	72	4	641	6	641
35720	20	25971	80	4	700	6	700
35720	21	25971	88	4	761	6	761
35720	22	25971	100	4	825	6	825
35720	23	25971	112	4	891	6	891
35720	24	25971	124	4	960	6	960
35720	25	25971	136	4	1031	6	1031
35720	26	25971	148	4	1105	6	1105
35720	27	25971	160	4	1181	6	1181
35720	28	25971	172	4	1260	6	1260
35720	29	25971	184	4	1341	6	1341
35720	30	25971	196	4	1425	6	1425
35720	31	25971	208	4	1511	6	1511
35720	32	25971	220	4	1600	6	1600
35720	33	25971	232	4	1691	6	1691
35720	34	25971	244	4	1785	6	1785
35720	35	25971	256	4	1881	6	1881
35720	36	25971	268	4	1980	6	1980
35720	37	25971	280	4	2081	6	2081
35720	38	25971	292	4	2185	6	2185
35720	39	25971	304	4	2291	6	2291
35720	40	25971	316	4	2400	6	2400
35720	41	25971	328	4	2511	6	2511
35720	42	25971	340	4	2625	6	2625
35720	43	25971	352	4	2741	6	2741
35720	44	25971	364	4	2860	6	2860
35720	45	25971	376	4	2981	6	2981
35720	46	25971	388	4	3105	6	3105
35720	47	25971	400	4	3231	6	3231
35720	48	25971	412	4	3360	6	3360
35720	49	25971	424	4	3491	6	3491
35720	50	25971	436	4	3625	6	3625
35720	51	25971	448	4	3761	6	3761
35720	52	25971	460	4	3900	6	3900
35720	53	25971	472	4	4041	6	4041
35720	54	25971	484	4	4185	6	4185
35720	55	25971	496	4	4331	6	4331
35720	56	25971	508	4	4480	6	4480
35720	57	25971	520	4	4631	6	4631
35720	58	25971	532	4	4785	6	4785
35720	59	25971	544	4	4941	6	4941
35720	60	25971	556	4	5100	6	5100
35721	1	25971	1	1	33	0	0
35721	2	25971	2	1	74	0	0
35721	3	25971	3	1	122	0	0
35721	4	25971	4	1	178	0	0
35721	5	25971	5	1	241	0	0
35721	6	25971	6	1	312	0	0
35721	7	25971	8	1	390	0	0
35721	8	25971	9	1	476	0	0
35721	9	25971	13	1	569	0	0
35721	10	25971	14	1	670	0	0
35721	11	25971	16	1	778	0	0
35721	12	25971	22	1	894	0	0
35721	13	25971	28	1	1017	0	0
35721	14	25971	34	1	1148	0	0
35721	15	25971	40	1	1286	0	0
35721	16	25971	48	1	1432	0	0
35721	17	25971	56	1	1585	0	0
35721	18	25971	64	1	1746	0	0
35721	19	25971	72	1	1914	0	0
35721	20	25971	80	1	2090	0	0
35721	21	25971	88	1	2273	0	0
35721	22	25971	100	1	2464	0	0
35721	23	25971	112	1	2662	0	0
35721	24	25971	124	1	2868	0	0
35721	25	25971	136	1	3081	0	0
35721	26	25971	148	1	3302	0	0
35721	27	25971	160	1	3530	0	0
35721	28	25971	172	1	3766	0	0
35721	29	25971	184	1	4009	0	0
35721	30	25971	196	1	4260	0	0
35721	31	25971	208	1	4518	0	0
35721	32	25971	220	1	4784	0	0
35721	33	25971	232	1	5057	0	0
35721	34	25971	244	1	5338	0	0
35721	35	25971	256	1	5626	0	0
35721	36	25971	268	1	5922	0	0
35721	37	25971	280	1	6225	0	0
35721	38	25971	292	1	6536	0	0
35721	39	25971	304	1	6854	0	0
35721	40	25971	316	1	7180	0	0
35721	41	25971	328	1	7513	0	0
35721	42	25971	340	1	7854	0	0
35721	43	25971	352	1	8202	0	0
35721	44	25971	364	1	8558	0	0
35721	45	25971	376	1	8921	0	0
35721	46	25971	388	1	9292	0	0
35721	47	25971	400	1	9670	0	0
35721	48	25971	412	1	10056	0	0
35721	49	25971	424	1	10449	0	0
35721	50	25971	436	1	10850	0	0
35721	51	25971	448	1	11258	0	0
35721	52	25971	460	1	11674	0	0
35721	53	25971	472	1	12097	0	0
35721	54	25971	484	1	12528	0	0
35721	55	25971	496	1	12966	0	0
35721	56	25971	508	1	13412	0	0
35721	57	25971	520	1	13865	0	0
35721	58	25971	532	1	14326	0	0
35721	59	25971	544	1	14794	0	0
35721	60	25971	556	1	15270	0	0
35722	1	25971	1	1	33	0	0
35722	2	25971	2	1	74	0	0
35722	3	25971	3	1	122	0	0
35722	4	25971	4	1	178	0	0
35722	5	25971	5	1	241	0	0
35722	6	25971	6	1	312	0	0
35722	7	25971	8	1	390	0	0
35722	8	25971	9	1	476	0	0
35722	9	25971	13	1	569	0	0
35722	10	25971	14	1	670	0	0
35722	11	25971	16	1	778	0	0
35722	12	25971	22	1	894	0	0
35722	13	25971	28	1	1017	0	0
35722	14	25971	34	1	1148	0	0
35722	15	25971	40	1	1286	0	0
35722	16	25971	48	1	1432	0	0
35722	17	25971	56	1	1585	0	0
35722	18	25971	64	1	1746	0	0
35722	19	25971	72	1	1914	0	0
35722	20	25971	80	1	2090	0	0
35722	21	25971	88	1	2273	0	0
35722	22	25971	100	1	2464	0	0
35722	23	25971	112	1	2662	0	0
35722	24	25971	124	1	2868	0	0
35722	25	25971	136	1	3081	0	0
35722	26	25971	148	1	3302	0	0
35722	27	25971	160	1	3530	0	0
35722	28	25971	172	1	3766	0	0
35722	29	25971	184	1	4009	0	0
35722	30	25971	196	1	4260	0	0
35722	31	25971	208	1	4518	0	0
35722	32	25971	220	1	4784	0	0
35722	33	25971	232	1	5057	0	0
35722	34	25971	244	1	5338	0	0
35722	35	25971	256	1	5626	0	0
35722	36	25971	268	1	5922	0	0
35722	37	25971	280	1	6225	0	0
35722	38	25971	292	1	6536	0	0
35722	39	25971	304	1	6854	0	0
35722	40	25971	316	1	7180	0	0
35722	41	25971	328	1	7513	0	0
35722	42	25971	340	1	7854	0	0
35722	43	25971	352	1	8202	0	0
35722	44	25971	364	1	8558	0	0
35722	45	25971	376	1	8921	0	0
35722	46	25971	388	1	9292	0	0
35722	47	25971	400	1	9670	0	0
35722	48	25971	412	1	10056	0	0
35722	49	25971	424	1	10449	0	0
35722	50	25971	436	1	10850	0	0
35722	51	25971	448	1	11258	0	0
35722	52	25971	460	1	11674	0	0
35722	53	25971	472	1	12097	0	0
35722	54	25971	484	1	12528	0	0
35722	55	25971	496	1	12966	0	0
35722	56	25971	508	1	13412	0	0
35722	57	25971	520	1	13865	0	0
35722	58	25971	532	1	14326	0	0
35722	59	25971	544	1	14794	0	0
35722	60	25971	556	1	15270	0	0
35723	1	25971	1	1	33	0	0
35723	2	25971	2	1	74	0	0
35723	3	25971	3	1	122	0	0
35723	4	25971	4	1	178	0	0
35723	5	25971	5	1	241	0	0
35723	6	25971	6	1	312	0	0
35723	7	25971	8	1	390	0	0
35723	8	25971	9	1	476	0	0
35723	9	25971	13	1	569	0	0
35723	10	25971	14	1	670	0	0
35723	11	25971	16	1	778	0	0
35723	12	25971	22	1	894	0	0
35723	13	25971	28	1	1017	0	0
35723	14	25971	34	1	1148	0	0
35723	15	25971	40	1	1286	0	0
35723	16	25971	48	1	1432	0	0
35723	17	25971	56	1	1585	0	0
35723	18	25971	64	1	1746	0	0
35723	19	25971	72	1	1914	0	0
35723	20	25971	80	1	2090	0	0
35723	21	25971	88	1	2273	0	0
35723	22	25971	100	1	2464	0	0
35723	23	25971	112	1	2662	0	0
35723	24	25971	124	1	2868	0	0
35723	25	25971	136	1	3081	0	0
35723	26	25971	148	1	3302	0	0
35723	27	25971	160	1	3530	0	0
35723	28	25971	172	1	3766	0	0
35723	29	25971	184	1	4009	0	0
35723	30	25971	196	1	4260	0	0
35723	31	25971	208	1	4518	0	0
35723	32	25971	220	1	4784	0	0
35723	33	25971	232	1	5057	0	0
35723	34	25971	244	1	5338	0	0
35723	35	25971	256	1	5626	0	0
35723	36	25971	268	1	5922	0	0
35723	37	25971	280	1	6225	0	0
35723	38	25971	292	1	6536	0	0
35723	39	25971	304	1	6854	0	0
35723	40	25971	316	1	7180	0	0
35723	41	25971	328	1	7513	0	0
35723	42	25971	340	1	7854	0	0
35723	43	25971	352	1	8202	0	0
35723	44	25971	364	1	8558	0	0
35723	45	25971	376	1	8921	0	0
35723	46	25971	388	1	9292	0	0
35723	47	25971	400	1	9670	0	0
35723	48	25971	412	1	10056	0	0
35723	49	25971	424	1	10449	0	0
35723	50	25971	436	1	10850	0	0
35723	51	25971	448	1	11258	0	0
35723	52	25971	460	1	11674	0	0
35723	53	25971	472	1	12097	0	0
35723	54	25971	484	1	12528	0	0
35723	55	25971	496	1	12966	0	0
35723	56	25971	508	1	13412	0	0
35723	57	25971	520	1	13865	0	0
35723	58	25971	532	1	14326	0	0
35723	59	25971	544	1	14794	0	0
35723	60	25971	556	1	15270	0	0
35724	1	25971	1	4	11	6	11
35724	2	25971	2	4	25	6	25
35724	3	25971	3	4	41	6	41
35724	4	25971	4	4	60	6	60
35724	5	25971	5	4	81	6	81
35724	6	25971	6	4	104	6	104
35724	7	25971	8	4	130	6	130
35724	8	25971	9	4	158	6	158
35724	9	25971	13	4	188	6	188
35724	10	25971	14	4	220	6	220
35724	11	25971	16	4	255	6	255
35724	12	25971	22	4	292	6	292
35724	13	25971	28	4	331	6	331
35724	14	25971	34	4	373	6	373
35724	15	25971	40	4	417	6	417
35724	16	25971	48	4	463	6	463
35724	17	25971	56	4	512	6	512
35724	18	25971	64	4	563	6	563
35724	19	25971	72	4	616	6	616
35724	20	25971	80	4	671	6	671
35724	21	25971	88	4	729	6	729
35724	22	25971	100	4	789	6	789
35724	23	25971	112	4	851	6	851
35724	24	25971	124	4	916	6	916
35724	25	25971	136	4	983	6	983
35724	26	25971	148	4	1052	6	1052
35724	27	25971	160	4	1124	6	1124
35724	28	25971	172	4	1198	6	1198
35724	29	25971	184	4	1274	6	1274
35724	30	25971	196	4	1352	6	1352
35724	31	25971	208	4	1433	6	1433
35724	32	25971	220	4	1516	6	1516
35724	33	25971	232	4	1601	6	1601
35724	34	25971	244	4	1689	6	1689
35724	35	25971	256	4	1779	6	1779
35724	36	25971	268	4	1871	6	1871
35724	37	25971	280	4	1966	6	1966
35724	38	25971	292	4	2063	6	2063
35724	39	25971	304	4	2162	6	2162
35724	40	25971	316	4	2263	6	2263
35724	41	25971	328	4	2367	6	2367
35724	42	25971	340	4	2473	6	2473
35724	43	25971	352	4	2581	6	2581
35724	44	25971	364	4	2692	6	2692
35724	45	25971	376	4	2805	6	2805
35724	46	25971	388	4	2920	6	2920
35724	47	25971	400	4	3038	6	3038
35724	48	25971	412	4	3158	6	3158
35724	49	25971	424	4	3280	6	3280
35724	50	25971	436	4	3404	6	3404
35724	51	25971	448	4	3531	6	3531
35724	52	25971	460	4	3660	6	3660
35724	53	25971	472	4	3791	6	3791
35724	54	25971	484	4	3925	6	3925
35724	55	25971	496	4	4061	6	4061
35724	56	25971	508	4	4199	6	4199
35724	57	25971	520	4	4340	6	4340
35724	58	25971	532	4	4483	6	4483
35724	59	25971	544	4	4628	6	4628
35724	60	25971	556	4	4775	6	4775
35724	61	25971	568	4	4925	6	4925
35724	62	25971	580	4	5077	6	5077
35724	63	25971	592	4	5231	6	5231
35724	64	25971	604	4	5388	6	5388
35724	65	25971	616	4	5547	6	5547
35724	66	25971	628	4	5708	6	5708
35724	67	25971	640	4	5872	6	5872
35724	68	25971	652	4	6038	6	6038
35724	69	25971	664	4	6206	6	6206
35724	70	25971	676	4	6376	6	6376
35724	71	25971	688	4	6549	6	6549
35724	72	25971	700	4	6724	6	6724
35724	73	25971	712	4	6901	6	6901
35724	74	25971	724	4	7081	6	7081
35724	75	25971	736	4	7263	6	7263
35724	76	25971	748	4	7447	6	7447
35724	77	25971	760	4	7634	6	7634
35724	78	25971	772	4	7823	6	7823
35724	79	25971	784	4	8014	6	8014
35724	80	25971	796	4	8207	6	8207
35725	1	25971	1	4	11	6	11
35725	2	25971	2	4	25	6	25
35725	3	25971	3	4	41	6	41
35725	4	25971	4	4	60	6	60
35725	5	25971	5	4	81	6	81
35725	6	25971	6	4	104	6	104
35725	7	25971	8	4	130	6	130
35725	8	25971	9	4	158	6	158
35725	9	25971	13	4	188	6	188
35725	10	25971	14	4	220	6	220
35725	11	25971	16	4	255	6	255
35725	12	25971	22	4	292	6	292
35725	13	25971	28	4	331	6	331
35725	14	25971	34	4	373	6	373
35725	15	25971	40	4	417	6	417
35725	16	25971	48	4	463	6	463
35725	17	25971	56	4	512	6	512
35725	18	25971	64	4	563	6	563
35725	19	25971	72	4	616	6	616
35725	20	25971	80	4	671	6	671
35725	21	25971	88	4	729	6	729
35725	22	25971	100	4	789	6	789
35725	23	25971	112	4	851	6	851
35725	24	25971	124	4	916	6	916
35725	25	25971	136	4	983	6	983
35725	26	25971	148	4	1052	6	1052
35725	27	25971	160	4	1124	6	1124
35725	28	25971	172	4	1198	6	1198
35725	29	25971	184	4	1274	6	1274
35725	30	25971	196	4	1352	6	1352
35725	31	25971	208	4	1433	6	1433
35725	32	25971	220	4	1516	6	1516
35725	33	25971	232	4	1601	6	1601
35725	34	25971	244	4	1689	6	1689
35725	35	25971	256	4	1779	6	1779
35725	36	25971	268	4	1871	6	1871
35725	37	25971	280	4	1966	6	1966
35725	38	25971	292	4	2063	6	2063
35725	39	25971	304	4	2162	6	2162
35725	40	25971	316	4	2263	6	2263
35725	41	25971	328	4	2367	6	2367
35725	42	25971	340	4	2473	6	2473
35725	43	25971	352	4	2581	6	2581
35725	44	25971	364	4	2692	6	2692
35725	45	25971	376	4	2805	6	2805
35725	46	25971	388	4	2920	6	2920
35725	47	25971	400	4	3038	6	3038
35725	48	25971	412	4	3158	6	3158
35725	49	25971	424	4	3280	6	3280
35725	50	25971	436	4	3404	6	3404
35725	51	25971	448	4	3531	6	3531
35725	52	25971	460	4	3660	6	3660
35725	53	25971	472	4	3791	6	3791
35725	54	25971	484	4	3925	6	3925
35725	55	25971	496	4	4061	6	4061
35725	56	25971	508	4	4199	6	4199
35725	57	25971	520	4	4340	6	4340
35725	58	25971	532	4	4483	6	4483
35725	59	25971	544	4	4628	6	4628
35725	60	25971	556	4	4775	6	4775
35725	61	25971	568	4	4925	6	4925
35725	62	25971	580	4	5077	6	5077
35725	63	25971	592	4	5231	6	5231
35725	64	25971	604	4	5388	6	5388
35725	65	25971	616	4	5547	6	5547
35725	66	25971	628	4	5708	6	5708
35725	67	25971	640	4	5872	6	5872
35725	68	25971	652	4	6038	6	6038
35725	69	25971	664	4	6206	6	6206
35725	70	25971	676	4	6376	6	6376
35725	71	25971	688	4	6549	6	6549
35725	72	25971	700	4	6724	6	6724
35725	73	25971	712	4	6901	6	6901
35725	74	25971	724	4	7081	6	7081
35725	75	25971	736	4	7263	6	7263
35725	76	25971	748	4	7447	6	7447
35725	77	25971	760	4	7634	6	7634
35725	78	25971	772	4	7823	6	7823
35725	79	25971	784	4	8014	6	8014
35725	80	25971	796	4	8207	6	8207
35726	1	25971	1	4	11	6	11
35726	2	25971	2	4	25	6	25
35726	3	25971	3	4	41	6	41
35726	4	25971	4	4	60	6	60
35726	5	25971	5	4	81	6	81
35726	6	25971	6	4	104	6	104
35726	7	25971	8	4	130	6	130
35726	8	25971	9	4	158	6	158
35726	9	25971	13	4	188	6	188
35726	10	25971	14	4	220	6	220
35726	11	25971	16	4	255	6	255
35726	12	25971	22	4	292	6	292
35726	13	25971	28	4	331	6	331
35726	14	25971	34	4	373	6	373
35726	15	25971	40	4	417	6	417
35726	16	25971	48	4	463	6	463
35726	17	25971	56	4	512	6	512
35726	18	25971	64	4	563	6	563
35726	19	25971	72	4	616	6	616
35726	20	25971	80	4	671	6	671
35726	21	25971	88	4	729	6	729
35726	22	25971	100	4	789	6	789
35726	23	25971	112	4	851	6	851
35726	24	25971	124	4	916	6	916
35726	25	25971	136	4	983	6	983
35726	26	25971	148	4	1052	6	1052
35726	27	25971	160	4	1124	6	1124
35726	28	25971	172	4	1198	6	1198
35726	29	25971	184	4	1274	6	1274
35726	30	25971	196	4	1352	6	1352
35726	31	25971	208	4	1433	6	1433
35726	32	25971	220	4	1516	6	1516
35726	33	25971	232	4	1601	6	1601
35726	34	25971	244	4	1689	6	1689
35726	35	25971	256	4	1779	6	1779
35726	36	25971	268	4	1871	6	1871
35726	37	25971	280	4	1966	6	1966
35726	38	25971	292	4	2063	6	2063
35726	39	25971	304	4	2162	6	2162
35726	40	25971	316	4	2263	6	2263
35726	41	25971	328	4	2367	6	2367
35726	42	25971	340	4	2473	6	2473
35726	43	25971	352	4	2581	6	2581
35726	44	25971	364	4	2692	6	2692
35726	45	25971	376	4	2805	6	2805
35726	46	25971	388	4	2920	6	2920
35726	47	25971	400	4	3038	6	3038
35726	48	25971	412	4	3158	6	3158
35726	49	25971	424	4	3280	6	3280
35726	50	25971	436	4	3404	6	3404
35726	51	25971	448	4	3531	6	3531
35726	52	25971	460	4	3660	6	3660
35726	53	25971	472	4	3791	6	3791
35726	54	25971	484	4	3925	6	3925
35726	55	25971	496	4	4061	6	4061
35726	56	25971	508	4	4199	6	4199
35726	57	25971	520	4	4340	6	4340
35726	58	25971	532	4	4483	6	4483
35726	59	25971	544	4	4628	6	4628
35726	60	25971	556	4	4775	6	4775
35726	61	25971	568	4	4925	6	4925
35726	62	25971	580	4	5077	6	5077
35726	63	25971	592	4	5231	6	5231
35726	64	25971	604	4	5388	6	5388
35726	65	25971	616	4	5547	6	5547
35726	66	25971	628	4	5708	6	5708
35726	67	25971	640	4	5872	6	5872
35726	68	25971	652	4	6038	6	6038
35726	69	25971	664	4	6206	6	6206
35726	70	25971	676	4	6376	6	6376
35726	71	25971	688	4	6549	6	6549
35726	72	25971	700	4	6724	6	6724
35726	73	25971	712	4	6901	6	6901
35726	74	25971	724	4	7081	6	7081
35726	75	25971	736	4	7263	6	7263
35726	76	25971	748	4	7447	6	7447
35726	77	25971	760	4	7634	6	7634
35726	78	25971	772	4	7823	6	7823
35726	79	25971	784	4	8014	6	8014
35726	80	25971	796	4	8207	6	8207
35727	1	25971	1	1	33	0	0
35727	2	25971	2	1	74	0	0
35727	3	25971	3	1	122	0	0
35727	4	25971	4	1	177	0	0
35727	5	25971	5	1	239	0	0
35727	6	25971	6	1	308	0	0
35727	7	25971	8	1	384	0	0
35727	8	25971	9	1	467	0	0
35727	9	25971	13	1	556	0	0
35727	10	25971	14	1	652	0	0
35727	11	25971	16	1	755	0	0
35727	12	25971	22	1	865	0	0
35727	13	25971	28	1	982	0	0
35727	14	25971	34	1	1106	0	0
35727	15	25971	40	1	1237	0	0
35727	16	25971	48	1	1375	0	0
35727	17	25971	56	1	1520	0	0
35727	18	25971	64	1	1672	0	0
35727	19	25971	72	1	1830	0	0
35727	20	25971	80	1	1995	0	0
35727	21	25971	88	1	2167	0	0
35727	22	25971	100	1	2346	0	0
35727	23	25971	112	1	2532	0	0
35727	24	25971	124	1	2725	0	0
35727	25	25971	136	1	2925	0	0
35727	26	25971	148	1	3132	0	0
35727	27	25971	160	1	3346	0	0
35727	28	25971	172	1	3567	0	0
35727	29	25971	184	1	3794	0	0
35727	30	25971	196	1	4028	0	0
35727	31	25971	208	1	4269	0	0
35727	32	25971	220	1	4517	0	0
35727	33	25971	232	1	4772	0	0
35727	34	25971	244	1	5034	0	0
35727	35	25971	256	1	5303	0	0
35727	36	25971	268	1	5579	0	0
35727	37	25971	280	1	5862	0	0
35727	38	25971	292	1	6152	0	0
35727	39	25971	304	1	6448	0	0
35727	40	25971	316	1	6751	0	0
35727	41	25971	328	1	7061	0	0
35727	42	25971	340	1	7378	0	0
35727	43	25971	352	1	7702	0	0
35727	44	25971	364	1	8033	0	0
35727	45	25971	376	1	8371	0	0
35727	46	25971	388	1	8716	0	0
35727	47	25971	400	1	9068	0	0
35727	48	25971	412	1	9427	0	0
35727	49	25971	424	1	9792	0	0
35727	50	25971	436	1	10164	0	0
35727	51	25971	448	1	10543	0	0
35727	52	25971	460	1	10929	0	0
35727	53	25971	472	1	11322	0	0
35727	54	25971	484	1	11722	0	0
35727	55	25971	496	1	12129	0	0
35727	56	25971	508	1	12543	0	0
35727	57	25971	520	1	12964	0	0
35727	58	25971	532	1	13392	0	0
35727	59	25971	544	1	13826	0	0
35727	60	25971	556	1	14267	0	0
35727	61	25971	568	1	14715	0	0
35727	62	25971	580	1	15170	0	0
35727	63	25971	592	1	15632	0	0
35727	64	25971	604	1	16101	0	0
35727	65	25971	616	1	16577	0	0
35727	66	25971	628	1	17060	0	0
35727	67	25971	640	1	17550	0	0
35727	68	25971	652	1	18047	0	0
35727	69	25971	664	1	18550	0	0
35727	70	25971	676	1	19060	0	0
35727	71	25971	688	1	19577	0	0
35727	72	25971	700	1	20101	0	0
35727	73	25971	712	1	20632	0	0
35727	74	25971	724	1	21170	0	0
35727	75	25971	736	1	21715	0	0
35727	76	25971	748	1	22267	0	0
35727	77	25971	760	1	22826	0	0
35727	78	25971	772	1	23392	0	0
35727	79	25971	784	1	23964	0	0
35727	80	25971	796	1	24543	0	0
35728	1	25971	1	1	33	0	0
35728	2	25971	2	1	74	0	0
35728	3	25971	3	1	122	0	0
35728	4	25971	4	1	177	0	0
35728	5	25971	5	1	239	0	0
35728	6	25971	6	1	308	0	0
35728	7	25971	8	1	384	0	0
35728	8	25971	9	1	467	0	0
35728	9	25971	13	1	556	0	0
35728	10	25971	14	1	652	0	0
35728	11	25971	16	1	755	0	0
35728	12	25971	22	1	865	0	0
35728	13	25971	28	1	982	0	0
35728	14	25971	34	1	1106	0	0
35728	15	25971	40	1	1237	0	0
35728	16	25971	48	1	1375	0	0
35728	17	25971	56	1	1520	0	0
35728	18	25971	64	1	1672	0	0
35728	19	25971	72	1	1830	0	0
35728	20	25971	80	1	1995	0	0
35728	21	25971	88	1	2167	0	0
35728	22	25971	100	1	2346	0	0
35728	23	25971	112	1	2532	0	0
35728	24	25971	124	1	2725	0	0
35728	25	25971	136	1	2925	0	0
35728	26	25971	148	1	3132	0	0
35728	27	25971	160	1	3346	0	0
35728	28	25971	172	1	3567	0	0
35728	29	25971	184	1	3794	0	0
35728	30	25971	196	1	4028	0	0
35728	31	25971	208	1	4269	0	0
35728	32	25971	220	1	4517	0	0
35728	33	25971	232	1	4772	0	0
35728	34	25971	244	1	5034	0	0
35728	35	25971	256	1	5303	0	0
35728	36	25971	268	1	5579	0	0
35728	37	25971	280	1	5862	0	0
35728	38	25971	292	1	6152	0	0
35728	39	25971	304	1	6448	0	0
35728	40	25971	316	1	6751	0	0
35728	41	25971	328	1	7061	0	0
35728	42	25971	340	1	7378	0	0
35728	43	25971	352	1	7702	0	0
35728	44	25971	364	1	8033	0	0
35728	45	25971	376	1	8371	0	0
35728	46	25971	388	1	8716	0	0
35728	47	25971	400	1	9068	0	0
35728	48	25971	412	1	9427	0	0
35728	49	25971	424	1	9792	0	0
35728	50	25971	436	1	10164	0	0
35728	51	25971	448	1	10543	0	0
35728	52	25971	460	1	10929	0	0
35728	53	25971	472	1	11322	0	0
35728	54	25971	484	1	11722	0	0
35728	55	25971	496	1	12129	0	0
35728	56	25971	508	1	12543	0	0
35728	57	25971	520	1	12964	0	0
35728	58	25971	532	1	13392	0	0
35728	59	25971	544	1	13826	0	0
35728	60	25971	556	1	14267	0	0
35728	61	25971	568	1	14715	0	0
35728	62	25971	580	1	15170	0	0
35728	63	25971	592	1	15632	0	0
35728	64	25971	604	1	16101	0	0
35728	65	25971	616	1	16577	0	0
35728	66	25971	628	1	17060	0	0
35728	67	25971	640	1	17550	0	0
35728	68	25971	652	1	18047	0	0
35728	69	25971	664	1	18550	0	0
35728	70	25971	676	1	19060	0	0
35728	71	25971	688	1	19577	0	0
35728	72	25971	700	1	20101	0	0
35728	73	25971	712	1	20632	0	0
35728	74	25971	724	1	21170	0	0
35728	75	25971	736	1	21715	0	0
35728	76	25971	748	1	22267	0	0
35728	77	25971	760	1	22826	0	0
35728	78	25971	772	1	23392	0	0
35728	79	25971	784	1	23964	0	0
35728	80	25971	796	1	24543	0	0
35729	1	25971	1	1	33	0	0
35729	2	25971	2	1	74	0	0
35729	3	25971	3	1	122	0	0
35729	4	25971	4	1	177	0	0
35729	5	25971	5	1	239	0	0
35729	6	25971	6	1	308	0	0
35729	7	25971	8	1	384	0	0
35729	8	25971	9	1	467	0	0
35729	9	25971	13	1	556	0	0
35729	10	25971	14	1	652	0	0
35729	11	25971	16	1	755	0	0
35729	12	25971	22	1	865	0	0
35729	13	25971	28	1	982	0	0
35729	14	25971	34	1	1106	0	0
35729	15	25971	40	1	1237	0	0
35729	16	25971	48	1	1375	0	0
35729	17	25971	56	1	1520	0	0
35729	18	25971	64	1	1672	0	0
35729	19	25971	72	1	1830	0	0
35729	20	25971	80	1	1995	0	0
35729	21	25971	88	1	2167	0	0
35729	22	25971	100	1	2346	0	0
35729	23	25971	112	1	2532	0	0
35729	24	25971	124	1	2725	0	0
35729	25	25971	136	1	2925	0	0
35729	26	25971	148	1	3132	0	0
35729	27	25971	160	1	3346	0	0
35729	28	25971	172	1	3567	0	0
35729	29	25971	184	1	3794	0	0
35729	30	25971	196	1	4028	0	0
35729	31	25971	208	1	4269	0	0
35729	32	25971	220	1	4517	0	0
35729	33	25971	232	1	4772	0	0
35729	34	25971	244	1	5034	0	0
35729	35	25971	256	1	5303	0	0
35729	36	25971	268	1	5579	0	0
35729	37	25971	280	1	5862	0	0
35729	38	25971	292	1	6152	0	0
35729	39	25971	304	1	6448	0	0
35729	40	25971	316	1	6751	0	0
35729	41	25971	328	1	7061	0	0
35729	42	25971	340	1	7378	0	0
35729	43	25971	352	1	7702	0	0
35729	44	25971	364	1	8033	0	0
35729	45	25971	376	1	8371	0	0
35729	46	25971	388	1	8716	0	0
35729	47	25971	400	1	9068	0	0
35729	48	25971	412	1	9427	0	0
35729	49	25971	424	1	9792	0	0
35729	50	25971	436	1	10164	0	0
35729	51	25971	448	1	10543	0	0
35729	52	25971	460	1	10929	0	0
35729	53	25971	472	1	11322	0	0
35729	54	25971	484	1	11722	0	0
35729	55	25971	496	1	12129	0	0
35729	56	25971	508	1	12543	0	0
35729	57	25971	520	1	12964	0	0
35729	58	25971	532	1	13392	0	0
35729	59	25971	544	1	13826	0	0
35729	60	25971	556	1	14267	0	0
35729	61	25971	568	1	14715	0	0
35729	62	25971	580	1	15170	0	0
35729	63	25971	592	1	15632	0	0
35729	64	25971	604	1	16101	0	0
35729	65	25971	616	1	16577	0	0
35729	66	25971	628	1	17060	0	0
35729	67	25971	640	1	17550	0	0
35729	68	25971	652	1	18047	0	0
35729	69	25971	664	1	18550	0	0
35729	70	25971	676	1	19060	0	0
35729	71	25971	688	1	19577	0	0
35729	72	25971	700	1	20101	0	0
35729	73	25971	712	1	20632	0	0
35729	74	25971	724	1	21170	0	0
35729	75	25971	736	1	21715	0	0
35729	76	25971	748	1	22267	0	0
35729	77	25971	760	1	22826	0	0
35729	78	25971	772	1	23392	0	0
35729	79	25971	784	1	23964	0	0
35729	80	25971	796	1	24543	0	0
35730	1	25971	1	4	84	6	84
35730	2	25971	2	4	90	6	90
35730	3	25971	3	4	99	6	99
35730	4	25971	4	4	111	6	111
35730	5	25971	5	4	126	6	126
35730	6	25971	6	4	144	6	144
35730	7	25971	8	4	165	6	165
35730	8	25971	9	4	189	6	189
35730	9	25971	13	4	216	6	216
35730	10	25971	14	4	246	6	246
35730	11	25971	16	4	279	6	279
35730	12	25971	22	4	315	6	315
35730	13	25971	28	4	354	6	354
35730	14	25971	34	4	396	6	396
35730	15	25971	40	4	441	6	441
35730	16	25971	48	4	489	6	489
35730	17	25971	56	4	540	6	540
35730	18	25971	64	4	594	6	594
35730	19	25971	72	4	651	6	651
35730	20	25971	80	4	711	6	711
35730	21	25971	88	4	774	6	774
35730	22	25971	100	4	840	6	840
35730	23	25971	112	4	909	6	909
35730	24	25971	124	4	981	6	981
35730	25	25971	136	4	1056	6	1056
35730	26	25971	148	4	1134	6	1134
35730	27	25971	160	4	1215	6	1215
35730	28	25971	172	4	1299	6	1299
35730	29	25971	184	4	1386	6	1386
35730	30	25971	196	4	1476	6	1476
35730	31	25971	208	4	1569	6	1569
35730	32	25971	220	4	1665	6	1665
35730	33	25971	232	4	1764	6	1764
35730	34	25971	244	4	1866	6	1866
35730	35	25971	256	4	1971	6	1971
35730	36	25971	268	4	2079	6	2079
35730	37	25971	280	4	2190	6	2190
35730	38	25971	292	4	2304	6	2304
35730	39	25971	304	4	2421	6	2421
35730	40	25971	316	4	2541	6	2541
35730	41	25971	328	4	2664	6	2664
35730	42	25971	340	4	2790	6	2790
35730	43	25971	352	4	2919	6	2919
35730	44	25971	364	4	3051	6	3051
35730	45	25971	376	4	3186	6	3186
35730	46	25971	388	4	3324	6	3324
35730	47	25971	400	4	3465	6	3465
35730	48	25971	412	4	3609	6	3609
35730	49	25971	424	4	3756	6	3756
35730	50	25971	436	4	3906	6	3906
35730	51	25971	448	4	4059	6	4059
35730	52	25971	460	4	4215	6	4215
35730	53	25971	472	4	4374	6	4374
35730	54	25971	484	4	4536	6	4536
35730	55	25971	496	4	4701	6	4701
35730	56	25971	508	4	4869	6	4869
35730	57	25971	520	4	5040	6	5040
35730	58	25971	532	4	5214	6	5214
35730	59	25971	544	4	5391	6	5391
35730	60	25971	556	4	5571	6	5571
35730	61	25971	568	4	5754	6	5754
35730	62	25971	580	4	5940	6	5940
35730	63	25971	592	4	6129	6	6129
35730	64	25971	604	4	6321	6	6321
35730	65	25971	616	4	6516	6	6516
35730	66	25971	628	4	6714	6	6714
35730	67	25971	640	4	6915	6	6915
35730	68	25971	652	4	7119	6	7119
35730	69	25971	664	4	7326	6	7326
35730	70	25971	676	4	7536	6	7536
35730	71	25971	688	4	7749	6	7749
35730	72	25971	700	4	7965	6	7965
35730	73	25971	712	4	8184	6	8184
35730	74	25971	724	4	8406	6	8406
35730	75	25971	736	4	8631	6	8631
35730	76	25971	748	4	8859	6	8859
35730	77	25971	760	4	9090	6	9090
35730	78	25971	772	4	9324	6	9324
35730	79	25971	784	4	9561	6	9561
35730	80	25971	796	4	9801	6	9801
35730	81	25971	808	4	10044	6	10044
35730	82	25971	820	4	10290	6	10290
35730	83	25971	832	4	10539	6	10539
35730	84	25971	844	4	10791	6	10791
35730	85	25971	856	4	11046	6	11046
35730	86	25971	868	4	11304	6	11304
35730	87	25971	880	4	11565	6	11565
35730	88	25971	892	4	11829	6	11829
35730	89	25971	904	4	12096	6	12096
35730	90	25971	916	4	12366	6	12366
35730	91	25971	928	4	12639	6	12639
35730	92	25971	940	4	12915	6	12915
35730	93	25971	952	4	13194	6	13194
35730	94	25971	964	4	13476	6	13476
35730	95	25971	976	4	13713	6	13713
35730	96	25971	988	4	13972	6	13972
35730	97	25971	1000	4	14231	6	14231
35730	98	25971	1012	4	14490	6	14490
35730	99	25971	1024	4	14749	6	14749
35730	100	25971	1036	4	15008	6	15008
35731	1	25971	1	4	84	6	84
35731	2	25971	2	4	90	6	90
35731	3	25971	3	4	99	6	99
35731	4	25971	4	4	111	6	111
35731	5	25971	5	4	126	6	126
35731	6	25971	6	4	144	6	144
35731	7	25971	8	4	165	6	165
35731	8	25971	9	4	189	6	189
35731	9	25971	13	4	216	6	216
35731	10	25971	14	4	246	6	246
35731	11	25971	16	4	279	6	279
35731	12	25971	22	4	315	6	315
35731	13	25971	28	4	354	6	354
35731	14	25971	34	4	396	6	396
35731	15	25971	40	4	441	6	441
35731	16	25971	48	4	489	6	489
35731	17	25971	56	4	540	6	540
35731	18	25971	64	4	594	6	594
35731	19	25971	72	4	651	6	651
35731	20	25971	80	4	711	6	711
35731	21	25971	88	4	774	6	774
35731	22	25971	100	4	840	6	840
35731	23	25971	112	4	909	6	909
35731	24	25971	124	4	981	6	981
35731	25	25971	136	4	1056	6	1056
35731	26	25971	148	4	1134	6	1134
35731	27	25971	160	4	1215	6	1215
35731	28	25971	172	4	1299	6	1299
35731	29	25971	184	4	1386	6	1386
35731	30	25971	196	4	1476	6	1476
35731	31	25971	208	4	1569	6	1569
35731	32	25971	220	4	1665	6	1665
35731	33	25971	232	4	1764	6	1764
35731	34	25971	244	4	1866	6	1866
35731	35	25971	256	4	1971	6	1971
35731	36	25971	268	4	2079	6	2079
35731	37	25971	280	4	2190	6	2190
35731	38	25971	292	4	2304	6	2304
35731	39	25971	304	4	2421	6	2421
35731	40	25971	316	4	2541	6	2541
35731	41	25971	328	4	2664	6	2664
35731	42	25971	340	4	2790	6	2790
35731	43	25971	352	4	2919	6	2919
35731	44	25971	364	4	3051	6	3051
35731	45	25971	376	4	3186	6	3186
35731	46	25971	388	4	3324	6	3324
35731	47	25971	400	4	3465	6	3465
35731	48	25971	412	4	3609	6	3609
35731	49	25971	424	4	3756	6	3756
35731	50	25971	436	4	3906	6	3906
35731	51	25971	448	4	4059	6	4059
35731	52	25971	460	4	4215	6	4215
35731	53	25971	472	4	4374	6	4374
35731	54	25971	484	4	4536	6	4536
35731	55	25971	496	4	4701	6	4701
35731	56	25971	508	4	4869	6	4869
35731	57	25971	520	4	5040	6	5040
35731	58	25971	532	4	5214	6	5214
35731	59	25971	544	4	5391	6	5391
35731	60	25971	556	4	5571	6	5571
35731	61	25971	568	4	5754	6	5754
35731	62	25971	580	4	5940	6	5940
35731	63	25971	592	4	6129	6	6129
35731	64	25971	604	4	6321	6	6321
35731	65	25971	616	4	6516	6	6516
35731	66	25971	628	4	6714	6	6714
35731	67	25971	640	4	6915	6	6915
35731	68	25971	652	4	7119	6	7119
35731	69	25971	664	4	7326	6	7326
35731	70	25971	676	4	7536	6	7536
35731	71	25971	688	4	7749	6	7749
35731	72	25971	700	4	7965	6	7965
35731	73	25971	712	4	8184	6	8184
35731	74	25971	724	4	8406	6	8406
35731	75	25971	736	4	8631	6	8631
35731	76	25971	748	4	8859	6	8859
35731	77	25971	760	4	9090	6	9090
35731	78	25971	772	4	9324	6	9324
35731	79	25971	784	4	9561	6	9561
35731	80	25971	796	4	9801	6	9801
35731	81	25971	808	4	10044	6	10044
35731	82	25971	820	4	10290	6	10290
35731	83	25971	832	4	10539	6	10539
35731	84	25971	844	4	10791	6	10791
35731	85	25971	856	4	11046	6	11046
35731	86	25971	868	4	11304	6	11304
35731	87	25971	880	4	11565	6	11565
35731	88	25971	892	4	11829	6	11829
35731	89	25971	904	4	12096	6	12096
35731	90	25971	916	4	12366	6	12366
35731	91	25971	928	4	12639	6	12639
35731	92	25971	940	4	12915	6	12915
35731	93	25971	952	4	13194	6	13194
35731	94	25971	964	4	13476	6	13476
35731	95	25971	976	4	13713	6	13713
35731	96	25971	988	4	13972	6	13972
35731	97	25971	1000	4	14231	6	14231
35731	98	25971	1012	4	14490	6	14490
35731	99	25971	1024	4	14749	6	14749
35731	100	25971	1036	4	15008	6	15008
35732	1	25971	1	4	84	6	84
35732	2	25971	2	4	90	6	90
35732	3	25971	3	4	99	6	99
35732	4	25971	4	4	111	6	111
35732	5	25971	5	4	126	6	126
35732	6	25971	6	4	144	6	144
35732	7	25971	8	4	165	6	165
35732	8	25971	9	4	189	6	189
35732	9	25971	13	4	216	6	216
35732	10	25971	14	4	246	6	246
35732	11	25971	16	4	279	6	279
35732	12	25971	22	4	315	6	315
35732	13	25971	28	4	354	6	354
35732	14	25971	34	4	396	6	396
35732	15	25971	40	4	441	6	441
35732	16	25971	48	4	489	6	489
35732	17	25971	56	4	540	6	540
35732	18	25971	64	4	594	6	594
35732	19	25971	72	4	651	6	651
35732	20	25971	80	4	711	6	711
35732	21	25971	88	4	774	6	774
35732	22	25971	100	4	840	6	840
35732	23	25971	112	4	909	6	909
35732	24	25971	124	4	981	6	981
35732	25	25971	136	4	1056	6	1056
35732	26	25971	148	4	1134	6	1134
35732	27	25971	160	4	1215	6	1215
35732	28	25971	172	4	1299	6	1299
35732	29	25971	184	4	1386	6	1386
35732	30	25971	196	4	1476	6	1476
35732	31	25971	208	4	1569	6	1569
35732	32	25971	220	4	1665	6	1665
35732	33	25971	232	4	1764	6	1764
35732	34	25971	244	4	1866	6	1866
35732	35	25971	256	4	1971	6	1971
35732	36	25971	268	4	2079	6	2079
35732	37	25971	280	4	2190	6	2190
35732	38	25971	292	4	2304	6	2304
35732	39	25971	304	4	2421	6	2421
35732	40	25971	316	4	2541	6	2541
35732	41	25971	328	4	2664	6	2664
35732	42	25971	340	4	2790	6	2790
35732	43	25971	352	4	2919	6	2919
35732	44	25971	364	4	3051	6	3051
35732	45	25971	376	4	3186	6	3186
35732	46	25971	388	4	3324	6	3324
35732	47	25971	400	4	3465	6	3465
35732	48	25971	412	4	3609	6	3609
35732	49	25971	424	4	3756	6	3756
35732	50	25971	436	4	3906	6	3906
35732	51	25971	448	4	4059	6	4059
35732	52	25971	460	4	4215	6	4215
35732	53	25971	472	4	4374	6	4374
35732	54	25971	484	4	4536	6	4536
35732	55	25971	496	4	4701	6	4701
35732	56	25971	508	4	4869	6	4869
35732	57	25971	520	4	5040	6	5040
35732	58	25971	532	4	5214	6	5214
35732	59	25971	544	4	5391	6	5391
35732	60	25971	556	4	5571	6	5571
35732	61	25971	568	4	5754	6	5754
35732	62	25971	580	4	5940	6	5940
35732	63	25971	592	4	6129	6	6129
35732	64	25971	604	4	6321	6	6321
35732	65	25971	616	4	6516	6	6516
35732	66	25971	628	4	6714	6	6714
35732	67	25971	640	4	6915	6	6915
35732	68	25971	652	4	7119	6	7119
35732	69	25971	664	4	7326	6	7326
35732	70	25971	676	4	7536	6	7536
35732	71	25971	688	4	7749	6	7749
35732	72	25971	700	4	7965	6	7965
35732	73	25971	712	4	8184	6	8184
35732	74	25971	724	4	8406	6	8406
35732	75	25971	736	4	8631	6	8631
35732	76	25971	748	4	8859	6	8859
35732	77	25971	760	4	9090	6	9090
35732	78	25971	772	4	9324	6	9324
35732	79	25971	784	4	9561	6	9561
35732	80	25971	796	4	9801	6	9801
35732	81	25971	808	4	10044	6	10044
35732	82	25971	820	4	10290	6	10290
35732	83	25971	832	4	10539	6	10539
35732	84	25971	844	4	10791	6	10791
35732	85	25971	856	4	11046	6	11046
35732	86	25971	868	4	11304	6	11304
35732	87	25971	880	4	11565	6	11565
35732	88	25971	892	4	11829	6	11829
35732	89	25971	904	4	12096	6	12096
35732	90	25971	916	4	12366	6	12366
35732	91	25971	928	4	12639	6	12639
35732	92	25971	940	4	12915	6	12915
35732	93	25971	952	4	13194	6	13194
35732	94	25971	964	4	13476	6	13476
35732	95	25971	976	4	13713	6	13713
35732	96	25971	988	4	13972	6	13972
35732	97	25971	1000	4	14231	6	14231
35732	98	25971	1012	4	14490	6	14490
35732	99	25971	1024	4	14749	6	14749
35732	100	25971	1036	4	15008	6	15008
35733	1	25971	1	1	268	0	0
35733	2	25971	2	1	284	0	0
35733	3	25971	3	1	309	0	0
35733	4	25971	4	1	343	0	0
35733	5	25971	5	1	386	0	0
35733	6	25971	6	1	438	0	0
35733	7	25971	8	1	499	0	0
35733	8	25971	9	1	569	0	0
35733	9	25971	13	1	648	0	0
35733	10	25971	14	1	736	0	0
35733	11	25971	16	1	833	0	0
35733	12	25971	22	1	939	0	0
35733	13	25971	28	1	1054	0	0
35733	14	25971	34	1	1178	0	0
35733	15	25971	40	1	1311	0	0
35733	16	25971	48	1	1453	0	0
35733	17	25971	56	1	1604	0	0
35733	18	25971	64	1	1764	0	0
35733	19	25971	72	1	1933	0	0
35733	20	25971	80	1	2111	0	0
35733	21	25971	88	1	2298	0	0
35733	22	25971	100	1	2494	0	0
35733	23	25971	112	1	2699	0	0
35733	24	25971	124	1	2913	0	0
35733	25	25971	136	1	3136	0	0
35733	26	25971	148	1	3368	0	0
35733	27	25971	160	1	3609	0	0
35733	28	25971	172	1	3859	0	0
35733	29	25971	184	1	4118	0	0
35733	30	25971	196	1	4386	0	0
35733	31	25971	208	1	4663	0	0
35733	32	25971	220	1	4949	0	0
35733	33	25971	232	1	5244	0	0
35733	34	25971	244	1	5548	0	0
35733	35	25971	256	1	5861	0	0
35733	36	25971	268	1	6183	0	0
35733	37	25971	280	1	6514	0	0
35733	38	25971	292	1	6854	0	0
35733	39	25971	304	1	7203	0	0
35733	40	25971	316	1	7561	0	0
35733	41	25971	328	1	7928	0	0
35733	42	25971	340	1	8304	0	0
35733	43	25971	352	1	8689	0	0
35733	44	25971	364	1	9083	0	0
35733	45	25971	376	1	9486	0	0
35733	46	25971	388	1	9898	0	0
35733	47	25971	400	1	10319	0	0
35733	48	25971	412	1	10749	0	0
35733	49	25971	424	1	11188	0	0
35733	50	25971	436	1	11636	0	0
35733	51	25971	448	1	12093	0	0
35733	52	25971	460	1	12559	0	0
35733	53	25971	472	1	13034	0	0
35733	54	25971	484	1	13518	0	0
35733	55	25971	496	1	14011	0	0
35733	56	25971	508	1	14513	0	0
35733	57	25971	520	1	15024	0	0
35733	58	25971	532	1	15544	0	0
35733	59	25971	544	1	16073	0	0
35733	60	25971	556	1	16611	0	0
35733	61	25971	568	1	17158	0	0
35733	62	25971	580	1	17714	0	0
35733	63	25971	592	1	18279	0	0
35733	64	25971	604	1	18853	0	0
35733	65	25971	616	1	19436	0	0
35733	66	25971	628	1	20028	0	0
35733	67	25971	640	1	20629	0	0
35733	68	25971	652	1	21239	0	0
35733	69	25971	664	1	21858	0	0
35733	70	25971	676	1	22486	0	0
35733	71	25971	688	1	23123	0	0
35733	72	25971	700	1	23769	0	0
35733	73	25971	712	1	24424	0	0
35733	74	25971	724	1	25088	0	0
35733	75	25971	736	1	25761	0	0
35733	76	25971	748	1	26443	0	0
35733	77	25971	760	1	27134	0	0
35733	78	25971	772	1	27834	0	0
35733	79	25971	784	1	28543	0	0
35733	80	25971	796	1	29261	0	0
35733	81	25971	808	1	29988	0	0
35733	82	25971	820	1	30724	0	0
35733	83	25971	832	1	31469	0	0
35733	84	25971	844	1	32223	0	0
35733	85	25971	856	1	32986	0	0
35733	86	25971	868	1	33758	0	0
35733	87	25971	880	1	34539	0	0
35733	88	25971	892	1	35329	0	0
35733	89	25971	904	1	36128	0	0
35733	90	25971	916	1	36936	0	0
35733	91	25971	928	1	37753	0	0
35733	92	25971	940	1	38579	0	0
35733	93	25971	952	1	39414	0	0
35733	94	25971	964	1	40258	0	0
35733	95	25971	976	1	41111	0	0
35733	96	25971	988	1	41973	0	0
35733	97	25971	1000	1	42844	0	0
35733	98	25971	1012	1	43724	0	0
35733	99	25971	1024	1	44613	0	0
35733	100	25971	1036	1	45511	0	0
35734	1	25971	1	1	268	0	0
35734	2	25971	2	1	284	0	0
35734	3	25971	3	1	309	0	0
35734	4	25971	4	1	343	0	0
35734	5	25971	5	1	386	0	0
35734	6	25971	6	1	438	0	0
35734	7	25971	8	1	499	0	0
35734	8	25971	9	1	569	0	0
35734	9	25971	13	1	648	0	0
35734	10	25971	14	1	736	0	0
35734	11	25971	16	1	833	0	0
35734	12	25971	22	1	939	0	0
35734	13	25971	28	1	1054	0	0
35734	14	25971	34	1	1178	0	0
35734	15	25971	40	1	1311	0	0
35734	16	25971	48	1	1453	0	0
35734	17	25971	56	1	1604	0	0
35734	18	25971	64	1	1764	0	0
35734	19	25971	72	1	1933	0	0
35734	20	25971	80	1	2111	0	0
35734	21	25971	88	1	2298	0	0
35734	22	25971	100	1	2494	0	0
35734	23	25971	112	1	2699	0	0
35734	24	25971	124	1	2913	0	0
35734	25	25971	136	1	3136	0	0
35734	26	25971	148	1	3368	0	0
35734	27	25971	160	1	3609	0	0
35734	28	25971	172	1	3859	0	0
35734	29	25971	184	1	4118	0	0
35734	30	25971	196	1	4386	0	0
35734	31	25971	208	1	4663	0	0
35734	32	25971	220	1	4949	0	0
35734	33	25971	232	1	5244	0	0
35734	34	25971	244	1	5548	0	0
35734	35	25971	256	1	5861	0	0
35734	36	25971	268	1	6183	0	0
35734	37	25971	280	1	6514	0	0
35734	38	25971	292	1	6854	0	0
35734	39	25971	304	1	7203	0	0
35734	40	25971	316	1	7561	0	0
35734	41	25971	328	1	7928	0	0
35734	42	25971	340	1	8304	0	0
35734	43	25971	352	1	8689	0	0
35734	44	25971	364	1	9083	0	0
35734	45	25971	376	1	9486	0	0
35734	46	25971	388	1	9898	0	0
35734	47	25971	400	1	10319	0	0
35734	48	25971	412	1	10749	0	0
35734	49	25971	424	1	11188	0	0
35734	50	25971	436	1	11636	0	0
35734	51	25971	448	1	12093	0	0
35734	52	25971	460	1	12559	0	0
35734	53	25971	472	1	13034	0	0
35734	54	25971	484	1	13518	0	0
35734	55	25971	496	1	14011	0	0
35734	56	25971	508	1	14513	0	0
35734	57	25971	520	1	15024	0	0
35734	58	25971	532	1	15544	0	0
35734	59	25971	544	1	16073	0	0
35734	60	25971	556	1	16611	0	0
35734	61	25971	568	1	17158	0	0
35734	62	25971	580	1	17714	0	0
35734	63	25971	592	1	18279	0	0
35734	64	25971	604	1	18853	0	0
35734	65	25971	616	1	19436	0	0
35734	66	25971	628	1	20028	0	0
35734	67	25971	640	1	20629	0	0
35734	68	25971	652	1	21239	0	0
35734	69	25971	664	1	21858	0	0
35734	70	25971	676	1	22486	0	0
35734	71	25971	688	1	23123	0	0
35734	72	25971	700	1	23769	0	0
35734	73	25971	712	1	24424	0	0
35734	74	25971	724	1	25088	0	0
35734	75	25971	736	1	25761	0	0
35734	76	25971	748	1	26443	0	0
35734	77	25971	760	1	27134	0	0
35734	78	25971	772	1	27834	0	0
35734	79	25971	784	1	28543	0	0
35734	80	25971	796	1	29261	0	0
35734	81	25971	808	1	29988	0	0
35734	82	25971	820	1	30724	0	0
35734	83	25971	832	1	31469	0	0
35734	84	25971	844	1	32223	0	0
35734	85	25971	856	1	32986	0	0
35734	86	25971	868	1	33758	0	0
35734	87	25971	880	1	34539	0	0
35734	88	25971	892	1	35329	0	0
35734	89	25971	904	1	36128	0	0
35734	90	25971	916	1	36936	0	0
35734	91	25971	928	1	37753	0	0
35734	92	25971	940	1	38579	0	0
35734	93	25971	952	1	39414	0	0
35734	94	25971	964	1	40258	0	0
35734	95	25971	976	1	41111	0	0
35734	96	25971	988	1	41973	0	0
35734	97	25971	1000	1	42844	0	0
35734	98	25971	1012	1	43724	0	0
35734	99	25971	1024	1	44613	0	0
35734	100	25971	1036	1	45511	0	0
35735	1	25971	1	1	268	0	0
35735	2	25971	2	1	284	0	0
35735	3	25971	3	1	309	0	0
35735	4	25971	4	1	343	0	0
35735	5	25971	5	1	386	0	0
35735	6	25971	6	1	438	0	0
35735	7	25971	8	1	499	0	0
35735	8	25971	9	1	569	0	0
35735	9	25971	13	1	648	0	0
35735	10	25971	14	1	736	0	0
35735	11	25971	16	1	833	0	0
35735	12	25971	22	1	939	0	0
35735	13	25971	28	1	1054	0	0
35735	14	25971	34	1	1178	0	0
35735	15	25971	40	1	1311	0	0
35735	16	25971	48	1	1453	0	0
35735	17	25971	56	1	1604	0	0
35735	18	25971	64	1	1764	0	0
35735	19	25971	72	1	1933	0	0
35735	20	25971	80	1	2111	0	0
35735	21	25971	88	1	2298	0	0
35735	22	25971	100	1	2494	0	0
35735	23	25971	112	1	2699	0	0
35735	24	25971	124	1	2913	0	0
35735	25	25971	136	1	3136	0	0
35735	26	25971	148	1	3368	0	0
35735	27	25971	160	1	3609	0	0
35735	28	25971	172	1	3859	0	0
35735	29	25971	184	1	4118	0	0
35735	30	25971	196	1	4386	0	0
35735	31	25971	208	1	4663	0	0
35735	32	25971	220	1	4949	0	0
35735	33	25971	232	1	5244	0	0
35735	34	25971	244	1	5548	0	0
35735	35	25971	256	1	5861	0	0
35735	36	25971	268	1	6183	0	0
35735	37	25971	280	1	6514	0	0
35735	38	25971	292	1	6854	0	0
35735	39	25971	304	1	7203	0	0
35735	40	25971	316	1	7561	0	0
35735	41	25971	328	1	7928	0	0
35735	42	25971	340	1	8304	0	0
35735	43	25971	352	1	8689	0	0
35735	44	25971	364	1	9083	0	0
35735	45	25971	376	1	9486	0	0
35735	46	25971	388	1	9898	0	0
35735	47	25971	400	1	10319	0	0
35735	48	25971	412	1	10749	0	0
35735	49	25971	424	1	11188	0	0
35735	50	25971	436	1	11636	0	0
35735	51	25971	448	1	12093	0	0
35735	52	25971	460	1	12559	0	0
35735	53	25971	472	1	13034	0	0
35735	54	25971	484	1	13518	0	0
35735	55	25971	496	1	14011	0	0
35735	56	25971	508	1	14513	0	0
35735	57	25971	520	1	15024	0	0
35735	58	25971	532	1	15544	0	0
35735	59	25971	544	1	16073	0	0
35735	60	25971	556	1	16611	0	0
35735	61	25971	568	1	17158	0	0
35735	62	25971	580	1	17714	0	0
35735	63	25971	592	1	18279	0	0
35735	64	25971	604	1	18853	0	0
35735	65	25971	616	1	19436	0	0
35735	66	25971	628	1	20028	0	0
35735	67	25971	640	1	20629	0	0
35735	68	25971	652	1	21239	0	0
35735	69	25971	664	1	21858	0	0
35735	70	25971	676	1	22486	0	0
35735	71	25971	688	1	23123	0	0
35735	72	25971	700	1	23769	0	0
35735	73	25971	712	1	24424	0	0
35735	74	25971	724	1	25088	0	0
35735	75	25971	736	1	25761	0	0
35735	76	25971	748	1	26443	0	0
35735	77	25971	760	1	27134	0	0
35735	78	25971	772	1	27834	0	0
35735	79	25971	784	1	28543	0	0
35735	80	25971	796	1	29261	0	0
35735	81	25971	808	1	29988	0	0
35735	82	25971	820	1	30724	0	0
35735	83	25971	832	1	31469	0	0
35735	84	25971	844	1	32223	0	0
35735	85	25971	856	1	32986	0	0
35735	86	25971	868	1	33758	0	0
35735	87	25971	880	1	34539	0	0
35735	88	25971	892	1	35329	0	0
35735	89	25971	904	1	36128	0	0
35735	90	25971	916	1	36936	0	0
35735	91	25971	928	1	37753	0	0
35735	92	25971	940	1	38579	0	0
35735	93	25971	952	1	39414	0	0
35735	94	25971	964	1	40258	0	0
35735	95	25971	976	1	41111	0	0
35735	96	25971	988	1	41973	0	0
35735	97	25971	1000	1	42844	0	0
35735	98	25971	1012	1	43724	0	0
35735	99	25971	1024	1	44613	0	0
35735	100	25971	1036	1	45511	0	0
35736	1	25971	1	4	85	6	85
35736	2	25971	2	4	91	6	91
35736	3	25971	3	4	100	6	100
35736	4	25971	4	4	112	6	112
35736	5	25971	5	4	127	6	127
35736	6	25971	6	4	145	6	145
35736	7	25971	8	4	166	6	166
35736	8	25971	9	4	190	6	190
35736	9	25971	13	4	217	6	217
35736	10	25971	14	4	247	6	247
35736	11	25971	16	4	280	6	280
35736	12	25971	22	4	316	6	316
35736	13	25971	28	4	355	6	355
35736	14	25971	34	4	397	6	397
35736	15	25971	40	4	442	6	442
35736	16	25971	48	4	493	6	493
35736	17	25971	56	4	546	6	546
35736	18	25971	64	4	601	6	601
35736	19	25971	72	4	659	6	659
35736	20	25971	80	4	720	6	720
35736	21	25971	88	4	784	6	784
35736	22	25971	100	4	851	6	851
35736	23	25971	112	4	922	6	922
35736	24	25971	124	4	995	6	995
35736	25	25971	136	4	1072	6	1072
35736	26	25971	148	4	1152	6	1152
35736	27	25971	160	4	1235	6	1235
35736	28	25971	172	4	1321	6	1321
35736	29	25971	184	4	1410	6	1410
35736	30	25971	196	4	1503	6	1503
35736	31	25971	208	4	1598	6	1598
35736	32	25971	220	4	1697	6	1697
35736	33	25971	232	4	1799	6	1799
35736	34	25971	244	4	1904	6	1904
35736	35	25971	256	4	2013	6	2013
35736	36	25971	268	4	2124	6	2124
35736	37	25971	280	4	2239	6	2239
35736	38	25971	292	4	2357	6	2357
35736	39	25971	304	4	2478	6	2478
35736	40	25971	316	4	2602	6	2602
35736	41	25971	328	4	2730	6	2730
35736	42	25971	340	4	2860	6	2860
35736	43	25971	352	4	2994	6	2994
35736	44	25971	364	4	3132	6	3132
35736	45	25971	376	4	3272	6	3272
35736	46	25971	388	4	3416	6	3416
35736	47	25971	400	4	3563	6	3563
35736	48	25971	412	4	3713	6	3713
35736	49	25971	424	4	3866	6	3866
35736	50	25971	436	4	4023	6	4023
35736	51	25971	448	4	4183	6	4183
35736	52	25971	460	4	4346	6	4346
35736	53	25971	472	4	4513	6	4513
35736	54	25971	484	4	4683	6	4683
35736	55	25971	496	4	4856	6	4856
35736	56	25971	508	4	5032	6	5032
35736	57	25971	520	4	5212	6	5212
35736	58	25971	532	4	5395	6	5395
35736	59	25971	544	4	5582	6	5582
35736	60	25971	556	4	5771	6	5771
35736	61	25971	568	4	5964	6	5964
35736	62	25971	580	4	6161	6	6161
35736	63	25971	592	4	6360	6	6360
35736	64	25971	604	4	6563	6	6563
35736	65	25971	616	4	6770	6	6770
35736	66	25971	628	4	6979	6	6979
35736	67	25971	640	4	7192	6	7192
35736	68	25971	652	4	7409	6	7409
35736	69	25971	664	4	7629	6	7629
35736	70	25971	676	4	7852	6	7852
35736	71	25971	688	4	8078	6	8078
35736	72	25971	700	4	8308	6	8308
35736	73	25971	712	4	8542	6	8542
35736	74	25971	724	4	8778	6	8778
35736	75	25971	736	4	9019	6	9019
35736	76	25971	748	4	9262	6	9262
35736	77	25971	760	4	9509	6	9509
35736	78	25971	772	4	9759	6	9759
35736	79	25971	784	4	10013	6	10013
35736	80	25971	796	4	10303	6	10303
35736	81	25971	808	4	10584	6	10584
35736	82	25971	820	4	10866	6	10866
35736	83	25971	832	4	11149	6	11149
35736	84	25971	844	4	11432	6	11432
35736	85	25971	856	4	11716	6	11716
35736	86	25971	868	4	12000	6	12000
35736	87	25971	880	4	12285	6	12285
35736	88	25971	892	4	12570	6	12570
35736	89	25971	904	4	12856	6	12856
35736	90	25971	916	4	13142	6	13142
35736	91	25971	928	4	13429	6	13429
35736	92	25971	940	4	13716	6	13716
35736	93	25971	952	4	14004	6	14004
35736	94	25971	964	4	14292	6	14292
35736	95	25971	976	4	14581	6	14581
35736	96	25971	988	4	14870	6	14870
35736	97	25971	1000	4	15160	6	15160
35736	98	25971	1012	4	15450	6	15450
35736	99	25971	1024	4	15741	6	15741
35736	100	25971	1036	4	16033	6	16033
35736	101	25971	1048	4	16108	6	16108
35736	102	25971	1060	4	16183	6	16183
35736	103	25971	1072	4	16258	6	16258
35736	104	25971	1084	4	16333	6	16333
35736	105	25971	1096	4	16408	6	16408
35736	106	25971	1108	4	16483	6	16483
35736	107	25971	1120	4	16558	6	16558
35736	108	25971	1132	4	16633	6	16633
35736	109	25971	1144	4	16708	6	16708
35736	110	25971	1156	4	16783	6	16783
35736	111	25971	1168	4	16858	6	16858
35736	112	25971	1180	4	16933	6	16933
35736	113	25971	1192	4	17008	6	17008
35736	114	25971	1204	4	17083	6	17083
35736	115	25971	1216	4	17158	6	17158
35736	116	25971	1228	4	17233	6	17233
35736	117	25971	1240	4	17308	6	17308
35736	118	25971	1252	4	17384	6	17384
35736	119	25971	1264	4	17459	6	17459
35736	120	25971	1276	4	17534	6	17534
35737	1	25971	1	4	85	6	85
35737	2	25971	2	4	91	6	91
35737	3	25971	3	4	100	6	100
35737	4	25971	4	4	112	6	112
35737	5	25971	5	4	127	6	127
35737	6	25971	6	4	145	6	145
35737	7	25971	8	4	166	6	166
35737	8	25971	9	4	190	6	190
35737	9	25971	13	4	217	6	217
35737	10	25971	14	4	247	6	247
35737	11	25971	16	4	280	6	280
35737	12	25971	22	4	316	6	316
35737	13	25971	28	4	355	6	355
35737	14	25971	34	4	397	6	397
35737	15	25971	40	4	442	6	442
35737	16	25971	48	4	493	6	493
35737	17	25971	56	4	546	6	546
35737	18	25971	64	4	601	6	601
35737	19	25971	72	4	659	6	659
35737	20	25971	80	4	720	6	720
35737	21	25971	88	4	784	6	784
35737	22	25971	100	4	851	6	851
35737	23	25971	112	4	922	6	922
35737	24	25971	124	4	995	6	995
35737	25	25971	136	4	1072	6	1072
35737	26	25971	148	4	1152	6	1152
35737	27	25971	160	4	1235	6	1235
35737	28	25971	172	4	1321	6	1321
35737	29	25971	184	4	1410	6	1410
35737	30	25971	196	4	1503	6	1503
35737	31	25971	208	4	1598	6	1598
35737	32	25971	220	4	1697	6	1697
35737	33	25971	232	4	1799	6	1799
35737	34	25971	244	4	1904	6	1904
35737	35	25971	256	4	2013	6	2013
35737	36	25971	268	4	2124	6	2124
35737	37	25971	280	4	2239	6	2239
35737	38	25971	292	4	2357	6	2357
35737	39	25971	304	4	2478	6	2478
35737	40	25971	316	4	2602	6	2602
35737	41	25971	328	4	2730	6	2730
35737	42	25971	340	4	2860	6	2860
35737	43	25971	352	4	2994	6	2994
35737	44	25971	364	4	3132	6	3132
35737	45	25971	376	4	3272	6	3272
35737	46	25971	388	4	3416	6	3416
35737	47	25971	400	4	3563	6	3563
35737	48	25971	412	4	3713	6	3713
35737	49	25971	424	4	3866	6	3866
35737	50	25971	436	4	4023	6	4023
35737	51	25971	448	4	4183	6	4183
35737	52	25971	460	4	4346	6	4346
35737	53	25971	472	4	4513	6	4513
35737	54	25971	484	4	4683	6	4683
35737	55	25971	496	4	4856	6	4856
35737	56	25971	508	4	5032	6	5032
35737	57	25971	520	4	5212	6	5212
35737	58	25971	532	4	5395	6	5395
35737	59	25971	544	4	5582	6	5582
35737	60	25971	556	4	5771	6	5771
35737	61	25971	568	4	5964	6	5964
35737	62	25971	580	4	6161	6	6161
35737	63	25971	592	4	6360	6	6360
35737	64	25971	604	4	6563	6	6563
35737	65	25971	616	4	6770	6	6770
35737	66	25971	628	4	6979	6	6979
35737	67	25971	640	4	7192	6	7192
35737	68	25971	652	4	7409	6	7409
35737	69	25971	664	4	7629	6	7629
35737	70	25971	676	4	7852	6	7852
35737	71	25971	688	4	8078	6	8078
35737	72	25971	700	4	8308	6	8308
35737	73	25971	712	4	8542	6	8542
35737	74	25971	724	4	8778	6	8778
35737	75	25971	736	4	9019	6	9019
35737	76	25971	748	4	9262	6	9262
35737	77	25971	760	4	9509	6	9509
35737	78	25971	772	4	9759	6	9759
35737	79	25971	784	4	10013	6	10013
35737	80	25971	796	4	10303	6	10303
35737	81	25971	808	4	10584	6	10584
35737	82	25971	820	4	10866	6	10866
35737	83	25971	832	4	11149	6	11149
35737	84	25971	844	4	11432	6	11432
35737	85	25971	856	4	11716	6	11716
35737	86	25971	868	4	12000	6	12000
35737	87	25971	880	4	12285	6	12285
35737	88	25971	892	4	12570	6	12570
35737	89	25971	904	4	12856	6	12856
35737	90	25971	916	4	13142	6	13142
35737	91	25971	928	4	13429	6	13429
35737	92	25971	940	4	13716	6	13716
35737	93	25971	952	4	14004	6	14004
35737	94	25971	964	4	14292	6	14292
35737	95	25971	976	4	14581	6	14581
35737	96	25971	988	4	14870	6	14870
35737	97	25971	1000	4	15160	6	15160
35737	98	25971	1012	4	15450	6	15450
35737	99	25971	1024	4	15741	6	15741
35737	100	25971	1036	4	16033	6	16033
35737	101	25971	1048	4	16108	6	16108
35737	102	25971	1060	4	16183	6	16183
35737	103	25971	1072	4	16258	6	16258
35737	104	25971	1084	4	16333	6	16333
35737	105	25971	1096	4	16408	6	16408
35737	106	25971	1108	4	16483	6	16483
35737	107	25971	1120	4	16558	6	16558
35737	108	25971	1132	4	16633	6	16633
35737	109	25971	1144	4	16708	6	16708
35737	110	25971	1156	4	16783	6	16783
35737	111	25971	1168	4	16858	6	16858
35737	112	25971	1180	4	16933	6	16933
35737	113	25971	1192	4	17008	6	17008
35737	114	25971	1204	4	17083	6	17083
35737	115	25971	1216	4	17158	6	17158
35737	116	25971	1228	4	17233	6	17233
35737	117	25971	1240	4	17308	6	17308
35737	118	25971	1252	4	17384	6	17384
35737	119	25971	1264	4	17459	6	17459
35737	120	25971	1276	4	17534	6	17534
35738	1	25971	1	4	85	6	85
35738	2	25971	2	4	91	6	91
35738	3	25971	3	4	100	6	100
35738	4	25971	4	4	112	6	112
35738	5	25971	5	4	127	6	127
35738	6	25971	6	4	145	6	145
35738	7	25971	8	4	166	6	166
35738	8	25971	9	4	190	6	190
35738	9	25971	13	4	217	6	217
35738	10	25971	14	4	247	6	247
35738	11	25971	16	4	280	6	280
35738	12	25971	22	4	316	6	316
35738	13	25971	28	4	355	6	355
35738	14	25971	34	4	397	6	397
35738	15	25971	40	4	442	6	442
35738	16	25971	48	4	493	6	493
35738	17	25971	56	4	546	6	546
35738	18	25971	64	4	601	6	601
35738	19	25971	72	4	659	6	659
35738	20	25971	80	4	720	6	720
35738	21	25971	88	4	784	6	784
35738	22	25971	100	4	851	6	851
35738	23	25971	112	4	922	6	922
35738	24	25971	124	4	995	6	995
35738	25	25971	136	4	1072	6	1072
35738	26	25971	148	4	1152	6	1152
35738	27	25971	160	4	1235	6	1235
35738	28	25971	172	4	1321	6	1321
35738	29	25971	184	4	1410	6	1410
35738	30	25971	196	4	1503	6	1503
35738	31	25971	208	4	1598	6	1598
35738	32	25971	220	4	1697	6	1697
35738	33	25971	232	4	1799	6	1799
35738	34	25971	244	4	1904	6	1904
35738	35	25971	256	4	2013	6	2013
35738	36	25971	268	4	2124	6	2124
35738	37	25971	280	4	2239	6	2239
35738	38	25971	292	4	2357	6	2357
35738	39	25971	304	4	2478	6	2478
35738	40	25971	316	4	2602	6	2602
35738	41	25971	328	4	2730	6	2730
35738	42	25971	340	4	2860	6	2860
35738	43	25971	352	4	2994	6	2994
35738	44	25971	364	4	3132	6	3132
35738	45	25971	376	4	3272	6	3272
35738	46	25971	388	4	3416	6	3416
35738	47	25971	400	4	3563	6	3563
35738	48	25971	412	4	3713	6	3713
35738	49	25971	424	4	3866	6	3866
35738	50	25971	436	4	4023	6	4023
35738	51	25971	448	4	4183	6	4183
35738	52	25971	460	4	4346	6	4346
35738	53	25971	472	4	4513	6	4513
35738	54	25971	484	4	4683	6	4683
35738	55	25971	496	4	4856	6	4856
35738	56	25971	508	4	5032	6	5032
35738	57	25971	520	4	5212	6	5212
35738	58	25971	532	4	5395	6	5395
35738	59	25971	544	4	5582	6	5582
35738	60	25971	556	4	5771	6	5771
35738	61	25971	568	4	5964	6	5964
35738	62	25971	580	4	6161	6	6161
35738	63	25971	592	4	6360	6	6360
35738	64	25971	604	4	6563	6	6563
35738	65	25971	616	4	6770	6	6770
35738	66	25971	628	4	6979	6	6979
35738	67	25971	640	4	7192	6	7192
35738	68	25971	652	4	7409	6	7409
35738	69	25971	664	4	7629	6	7629
35738	70	25971	676	4	7852	6	7852
35738	71	25971	688	4	8078	6	8078
35738	72	25971	700	4	8308	6	8308
35738	73	25971	712	4	8542	6	8542
35738	74	25971	724	4	8778	6	8778
35738	75	25971	736	4	9019	6	9019
35738	76	25971	748	4	9262	6	9262
35738	77	25971	760	4	9509	6	9509
35738	78	25971	772	4	9759	6	9759
35738	79	25971	784	4	10013	6	10013
35738	80	25971	796	4	10303	6	10303
35738	81	25971	808	4	10584	6	10584
35738	82	25971	820	4	10866	6	10866
35738	83	25971	832	4	11149	6	11149
35738	84	25971	844	4	11432	6	11432
35738	85	25971	856	4	11716	6	11716
35738	86	25971	868	4	12000	6	12000
35738	87	25971	880	4	12285	6	12285
35738	88	25971	892	4	12570	6	12570
35738	89	25971	904	4	12856	6	12856
35738	90	25971	916	4	13142	6	13142
35738	91	25971	928	4	13429	6	13429
35738	92	25971	940	4	13716	6	13716
35738	93	25971	952	4	14004	6	14004
35738	94	25971	964	4	14292	6	14292
35738	95	25971	976	4	14581	6	14581
35738	96	25971	988	4	14870	6	14870
35738	97	25971	1000	4	15160	6	15160
35738	98	25971	1012	4	15450	6	15450
35738	99	25971	1024	4	15741	6	15741
35738	100	25971	1036	4	16033	6	16033
35738	101	25971	1048	4	16108	6	16108
35738	102	25971	1060	4	16183	6	16183
35738	103	25971	1072	4	16258	6	16258
35738	104	25971	1084	4	16333	6	16333
35738	105	25971	1096	4	16408	6	16408
35738	106	25971	1108	4	16483	6	16483
35738	107	25971	1120	4	16558	6	16558
35738	108	25971	1132	4	16633	6	16633
35738	109	25971	1144	4	16708	6	16708
35738	110	25971	1156	4	16783	6	16783
35738	111	25971	1168	4	16858	6	16858
35738	112	25971	1180	4	16933	6	16933
35738	113	25971	1192	4	17008	6	17008
35738	114	25971	1204	4	17083	6	17083
35738	115	25971	1216	4	17158	6	17158
35738	116	25971	1228	4	17233	6	17233
35738	117	25971	1240	4	17308	6	17308
35738	118	25971	1252	4	17384	6	17384
35738	119	25971	1264	4	17459	6	17459
35738	120	25971	1276	4	17534	6	17534
35739	1	25971	1	1	269	0	0
35739	2	25971	2	1	285	0	0
35739	3	25971	3	1	310	0	0
35739	4	25971	4	1	344	0	0
35739	5	25971	5	1	387	0	0
35739	6	25971	6	1	439	0	0
35739	7	25971	8	1	500	0	0
35739	8	25971	9	1	570	0	0
35739	9	25971	13	1	649	0	0
35739	10	25971	14	1	737	0	0
35739	11	25971	16	1	834	0	0
35739	12	25971	22	1	940	0	0
35739	13	25971	28	1	1055	0	0
35739	14	25971	34	1	1179	0	0
35739	15	25971	40	1	1312	0	0
35739	16	25971	48	1	1463	0	0
35739	17	25971	56	1	1619	0	0
35739	18	25971	64	1	1783	0	0
35739	19	25971	72	1	1955	0	0
35739	20	25971	80	1	2137	0	0
35739	21	25971	88	1	2327	0	0
35739	22	25971	100	1	2527	0	0
35739	23	25971	112	1	2736	0	0
35739	24	25971	124	1	2955	0	0
35739	25	25971	136	1	3183	0	0
35739	26	25971	148	1	3421	0	0
35739	27	25971	160	1	3667	0	0
35739	28	25971	172	1	3924	0	0
35739	29	25971	184	1	4190	0	0
35739	30	25971	196	1	4465	0	0
35739	31	25971	208	1	4750	0	0
35739	32	25971	220	1	5044	0	0
35739	33	25971	232	1	5348	0	0
35739	34	25971	244	1	5661	0	0
35739	35	25971	256	1	5984	0	0
35739	36	25971	268	1	6316	0	0
35739	37	25971	280	1	6658	0	0
35739	38	25971	292	1	7010	0	0
35739	39	25971	304	1	7371	0	0
35739	40	25971	316	1	7742	0	0
35739	41	25971	328	1	8122	0	0
35739	42	25971	340	1	8513	0	0
35739	43	25971	352	1	8912	0	0
35739	44	25971	364	1	9322	0	0
35739	45	25971	376	1	9741	0	0
35739	46	25971	388	1	10170	0	0
35739	47	25971	400	1	10609	0	0
35739	48	25971	412	1	11057	0	0
35739	49	25971	424	1	11516	0	0
35739	50	25971	436	1	11984	0	0
35739	51	25971	448	1	12462	0	0
35739	52	25971	460	1	12949	0	0
35739	53	25971	472	1	13447	0	0
35739	54	25971	484	1	13954	0	0
35739	55	25971	496	1	14472	0	0
35739	56	25971	508	1	14999	0	0
35739	57	25971	520	1	15536	0	0
35739	58	25971	532	1	16083	0	0
35739	59	25971	544	1	16640	0	0
35739	60	25971	556	1	17207	0	0
35739	61	25971	568	1	17784	0	0
35739	62	25971	580	1	18371	0	0
35739	63	25971	592	1	18968	0	0
35739	64	25971	604	1	19575	0	0
35739	65	25971	616	1	20192	0	0
35739	66	25971	628	1	20819	0	0
35739	67	25971	640	1	21456	0	0
35739	68	25971	652	1	22103	0	0
35739	69	25971	664	1	22760	0	0
35739	70	25971	676	1	23428	0	0
35739	71	25971	688	1	24105	0	0
35739	72	25971	700	1	24793	0	0
35739	73	25971	712	1	25491	0	0
35739	74	25971	724	1	26199	0	0
35739	75	25971	736	1	26917	0	0
35739	76	25971	748	1	27645	0	0
35739	77	25971	760	1	28384	0	0
35739	78	25971	772	1	29133	0	0
35739	79	25971	784	1	29892	0	0
35739	80	25971	796	1	30758	0	0
35739	81	25971	808	1	31603	0	0
35739	82	25971	820	1	32449	0	0
35739	83	25971	832	1	33297	0	0
35739	84	25971	844	1	34146	0	0
35739	85	25971	856	1	34997	0	0
35739	86	25971	868	1	35849	0	0
35739	87	25971	880	1	36703	0	0
35739	88	25971	892	1	37559	0	0
35739	89	25971	904	1	38416	0	0
35739	90	25971	916	1	39274	0	0
35739	91	25971	928	1	40134	0	0
35739	92	25971	940	1	40996	0	0
35739	93	25971	952	1	41859	0	0
35739	94	25971	964	1	42724	0	0
35739	95	25971	976	1	43591	0	0
35739	96	25971	988	1	44458	0	0
35739	97	25971	1000	1	45328	0	0
35739	98	25971	1012	1	46199	0	0
35739	99	25971	1024	1	47072	0	0
35739	100	25971	1036	1	47946	0	0
35739	101	25971	1048	1	48170	0	0
35739	102	25971	1060	1	48395	0	0
35739	103	25971	1072	1	48619	0	0
35739	104	25971	1084	1	48843	0	0
35739	105	25971	1096	1	49068	0	0
35739	106	25971	1108	1	49292	0	0
35739	107	25971	1120	1	49517	0	0
35739	108	25971	1132	1	49741	0	0
35739	109	25971	1144	1	49965	0	0
35739	110	25971	1156	1	50190	0	0
35739	111	25971	1168	1	50414	0	0
35739	112	25971	1180	1	50639	0	0
35739	113	25971	1192	1	50863	0	0
35739	114	25971	1204	1	51087	0	0
35739	115	25971	1216	1	51312	0	0
35739	116	25971	1228	1	51536	0	0
35739	117	25971	1240	1	51761	0	0
35739	118	25971	1252	1	51985	0	0
35739	119	25971	1264	1	52209	0	0
35739	120	25971	1276	1	52434	0	0
35740	1	25971	1	1	269	0	0
35740	2	25971	2	1	285	0	0
35740	3	25971	3	1	310	0	0
35740	4	25971	4	1	344	0	0
35740	5	25971	5	1	387	0	0
35740	6	25971	6	1	439	0	0
35740	7	25971	8	1	500	0	0
35740	8	25971	9	1	570	0	0
35740	9	25971	13	1	649	0	0
35740	10	25971	14	1	737	0	0
35740	11	25971	16	1	834	0	0
35740	12	25971	22	1	940	0	0
35740	13	25971	28	1	1055	0	0
35740	14	25971	34	1	1179	0	0
35740	15	25971	40	1	1312	0	0
35740	16	25971	48	1	1463	0	0
35740	17	25971	56	1	1619	0	0
35740	18	25971	64	1	1783	0	0
35740	19	25971	72	1	1955	0	0
35740	20	25971	80	1	2137	0	0
35740	21	25971	88	1	2327	0	0
35740	22	25971	100	1	2527	0	0
35740	23	25971	112	1	2736	0	0
35740	24	25971	124	1	2955	0	0
35740	25	25971	136	1	3183	0	0
35740	26	25971	148	1	3421	0	0
35740	27	25971	160	1	3667	0	0
35740	28	25971	172	1	3924	0	0
35740	29	25971	184	1	4190	0	0
35740	30	25971	196	1	4465	0	0
35740	31	25971	208	1	4750	0	0
35740	32	25971	220	1	5044	0	0
35740	33	25971	232	1	5348	0	0
35740	34	25971	244	1	5661	0	0
35740	35	25971	256	1	5984	0	0
35740	36	25971	268	1	6316	0	0
35740	37	25971	280	1	6658	0	0
35740	38	25971	292	1	7010	0	0
35740	39	25971	304	1	7371	0	0
35740	40	25971	316	1	7742	0	0
35740	41	25971	328	1	8122	0	0
35740	42	25971	340	1	8513	0	0
35740	43	25971	352	1	8912	0	0
35740	44	25971	364	1	9322	0	0
35740	45	25971	376	1	9741	0	0
35740	46	25971	388	1	10170	0	0
35740	47	25971	400	1	10609	0	0
35740	48	25971	412	1	11057	0	0
35740	49	25971	424	1	11516	0	0
35740	50	25971	436	1	11984	0	0
35740	51	25971	448	1	12462	0	0
35740	52	25971	460	1	12949	0	0
35740	53	25971	472	1	13447	0	0
35740	54	25971	484	1	13954	0	0
35740	55	25971	496	1	14472	0	0
35740	56	25971	508	1	14999	0	0
35740	57	25971	520	1	15536	0	0
35740	58	25971	532	1	16083	0	0
35740	59	25971	544	1	16640	0	0
35740	60	25971	556	1	17207	0	0
35740	61	25971	568	1	17784	0	0
35740	62	25971	580	1	18371	0	0
35740	63	25971	592	1	18968	0	0
35740	64	25971	604	1	19575	0	0
35740	65	25971	616	1	20192	0	0
35740	66	25971	628	1	20819	0	0
35740	67	25971	640	1	21456	0	0
35740	68	25971	652	1	22103	0	0
35740	69	25971	664	1	22760	0	0
35740	70	25971	676	1	23428	0	0
35740	71	25971	688	1	24105	0	0
35740	72	25971	700	1	24793	0	0
35740	73	25971	712	1	25491	0	0
35740	74	25971	724	1	26199	0	0
35740	75	25971	736	1	26917	0	0
35740	76	25971	748	1	27645	0	0
35740	77	25971	760	1	28384	0	0
35740	78	25971	772	1	29133	0	0
35740	79	25971	784	1	29892	0	0
35740	80	25971	796	1	30758	0	0
35740	81	25971	808	1	31603	0	0
35740	82	25971	820	1	32449	0	0
35740	83	25971	832	1	33297	0	0
35740	84	25971	844	1	34146	0	0
35740	85	25971	856	1	34997	0	0
35740	86	25971	868	1	35849	0	0
35740	87	25971	880	1	36703	0	0
35740	88	25971	892	1	37559	0	0
35740	89	25971	904	1	38416	0	0
35740	90	25971	916	1	39274	0	0
35740	91	25971	928	1	40134	0	0
35740	92	25971	940	1	40996	0	0
35740	93	25971	952	1	41859	0	0
35740	94	25971	964	1	42724	0	0
35740	95	25971	976	1	43591	0	0
35740	96	25971	988	1	44458	0	0
35740	97	25971	1000	1	45328	0	0
35740	98	25971	1012	1	46199	0	0
35740	99	25971	1024	1	47072	0	0
35740	100	25971	1036	1	47946	0	0
35740	101	25971	1048	1	48170	0	0
35740	102	25971	1060	1	48395	0	0
35740	103	25971	1072	1	48619	0	0
35740	104	25971	1084	1	48843	0	0
35740	105	25971	1096	1	49068	0	0
35740	106	25971	1108	1	49292	0	0
35740	107	25971	1120	1	49517	0	0
35740	108	25971	1132	1	49741	0	0
35740	109	25971	1144	1	49965	0	0
35740	110	25971	1156	1	50190	0	0
35740	111	25971	1168	1	50414	0	0
35740	112	25971	1180	1	50639	0	0
35740	113	25971	1192	1	50863	0	0
35740	114	25971	1204	1	51087	0	0
35740	115	25971	1216	1	51312	0	0
35740	116	25971	1228	1	51536	0	0
35740	117	25971	1240	1	51761	0	0
35740	118	25971	1252	1	51985	0	0
35740	119	25971	1264	1	52209	0	0
35740	120	25971	1276	1	52434	0	0
35741	1	25971	1	1	269	0	0
35741	2	25971	2	1	285	0	0
35741	3	25971	3	1	310	0	0
35741	4	25971	4	1	344	0	0
35741	5	25971	5	1	387	0	0
35741	6	25971	6	1	439	0	0
35741	7	25971	8	1	500	0	0
35741	8	25971	9	1	570	0	0
35741	9	25971	13	1	649	0	0
35741	10	25971	14	1	737	0	0
35741	11	25971	16	1	834	0	0
35741	12	25971	22	1	940	0	0
35741	13	25971	28	1	1055	0	0
35741	14	25971	34	1	1179	0	0
35741	15	25971	40	1	1312	0	0
35741	16	25971	48	1	1463	0	0
35741	17	25971	56	1	1619	0	0
35741	18	25971	64	1	1783	0	0
35741	19	25971	72	1	1955	0	0
35741	20	25971	80	1	2137	0	0
35741	21	25971	88	1	2327	0	0
35741	22	25971	100	1	2527	0	0
35741	23	25971	112	1	2736	0	0
35741	24	25971	124	1	2955	0	0
35741	25	25971	136	1	3183	0	0
35741	26	25971	148	1	3421	0	0
35741	27	25971	160	1	3667	0	0
35741	28	25971	172	1	3924	0	0
35741	29	25971	184	1	4190	0	0
35741	30	25971	196	1	4465	0	0
35741	31	25971	208	1	4750	0	0
35741	32	25971	220	1	5044	0	0
35741	33	25971	232	1	5348	0	0
35741	34	25971	244	1	5661	0	0
35741	35	25971	256	1	5984	0	0
35741	36	25971	268	1	6316	0	0
35741	37	25971	280	1	6658	0	0
35741	38	25971	292	1	7010	0	0
35741	39	25971	304	1	7371	0	0
35741	40	25971	316	1	7742	0	0
35741	41	25971	328	1	8122	0	0
35741	42	25971	340	1	8513	0	0
35741	43	25971	352	1	8912	0	0
35741	44	25971	364	1	9322	0	0
35741	45	25971	376	1	9741	0	0
35741	46	25971	388	1	10170	0	0
35741	47	25971	400	1	10609	0	0
35741	48	25971	412	1	11057	0	0
35741	49	25971	424	1	11516	0	0
35741	50	25971	436	1	11984	0	0
35741	51	25971	448	1	12462	0	0
35741	52	25971	460	1	12949	0	0
35741	53	25971	472	1	13447	0	0
35741	54	25971	484	1	13954	0	0
35741	55	25971	496	1	14472	0	0
35741	56	25971	508	1	14999	0	0
35741	57	25971	520	1	15536	0	0
35741	58	25971	532	1	16083	0	0
35741	59	25971	544	1	16640	0	0
35741	60	25971	556	1	17207	0	0
35741	61	25971	568	1	17784	0	0
35741	62	25971	580	1	18371	0	0
35741	63	25971	592	1	18968	0	0
35741	64	25971	604	1	19575	0	0
35741	65	25971	616	1	20192	0	0
35741	66	25971	628	1	20819	0	0
35741	67	25971	640	1	21456	0	0
35741	68	25971	652	1	22103	0	0
35741	69	25971	664	1	22760	0	0
35741	70	25971	676	1	23428	0	0
35741	71	25971	688	1	24105	0	0
35741	72	25971	700	1	24793	0	0
35741	73	25971	712	1	25491	0	0
35741	74	25971	724	1	26199	0	0
35741	75	25971	736	1	26917	0	0
35741	76	25971	748	1	27645	0	0
35741	77	25971	760	1	28384	0	0
35741	78	25971	772	1	29133	0	0
35741	79	25971	784	1	29892	0	0
35741	80	25971	796	1	30758	0	0
35741	81	25971	808	1	31603	0	0
35741	82	25971	820	1	32449	0	0
35741	83	25971	832	1	33297	0	0
35741	84	25971	844	1	34146	0	0
35741	85	25971	856	1	34997	0	0
35741	86	25971	868	1	35849	0	0
35741	87	25971	880	1	36703	0	0
35741	88	25971	892	1	37559	0	0
35741	89	25971	904	1	38416	0	0
35741	90	25971	916	1	39274	0	0
35741	91	25971	928	1	40134	0	0
35741	92	25971	940	1	40996	0	0
35741	93	25971	952	1	41859	0	0
35741	94	25971	964	1	42724	0	0
35741	95	25971	976	1	43591	0	0
35741	96	25971	988	1	44458	0	0
35741	97	25971	1000	1	45328	0	0
35741	98	25971	1012	1	46199	0	0
35741	99	25971	1024	1	47072	0	0
35741	100	25971	1036	1	47946	0	0
35741	101	25971	1048	1	48170	0	0
35741	102	25971	1060	1	48395	0	0
35741	103	25971	1072	1	48619	0	0
35741	104	25971	1084	1	48843	0	0
35741	105	25971	1096	1	49068	0	0
35741	106	25971	1108	1	49292	0	0
35741	107	25971	1120	1	49517	0	0
35741	108	25971	1132	1	49741	0	0
35741	109	25971	1144	1	49965	0	0
35741	110	25971	1156	1	50190	0	0
35741	111	25971	1168	1	50414	0	0
35741	112	25971	1180	1	50639	0	0
35741	113	25971	1192	1	50863	0	0
35741	114	25971	1204	1	51087	0	0
35741	115	25971	1216	1	51312	0	0
35741	116	25971	1228	1	51536	0	0
35741	117	25971	1240	1	51761	0	0
35741	118	25971	1252	1	51985	0	0
35741	119	25971	1264	1	52209	0	0
35741	120	25971	1276	1	52434	0	0
