srcType	desType	needLevel	itemType1	cnt1	itemType2	cnt2	itemType3	cnt3	itemType4	cnt4	srcTypename	desTypename
旧装备类型	新装备类型	需要角色等级	需要材料1	数量1	需要材料2	数量2	需要材料3	数量3	需要材料4	数量4	旧装备名字	新装备名字
3339	3333	20	28100	1	28101	4	28102	4	28103	0	勇者长剑	守护者长剑
3340	3334	20	28100	1	28101	4	28102	5	28103	1	勇者法杖	守护者法杖
3341	3335	20	28100	1	28101	4	28102	6	28103	2	勇者羽翼	守护者羽翼
3342	3336	20	28100	1	28101	4	28102	7	28103	3	勇者头盔	守护者头盔
3343	3337	20	28100	1	28101	4	28102	8	28103	4	勇者指环	守护者指环
3344	3338	20	28100	1	28101	4	28102	9	28103	5	勇者胸甲	守护者胸甲
35630	35636	40	25671	50	25661	240	25666	120	0	0	涌泉·魔魂剑	圣·魔魂剑
35631	35637	40	25671	20	25661	80	25666	40	0	0	涌泉·魔魂头盔	圣·魔魂头盔
35632	35638	40	25671	20	25661	80	25666	40	0	0	涌泉·魔魂铠甲	圣·魔魂铠甲
35633	35639	40	25671	20	25661	80	25666	40	0	0	涌泉·魔魂战靴	圣·魔魂战靴
35634	35640	40	25671	30	25661	120	25666	60	0	0	涌泉·魔魂戒指	圣·魔魂戒指
35635	35641	40	25671	30	25661	120	25666	60	0	0	涌泉·魔魂手镯	圣·魔魂手镯
35642	35648	60	25672	200	25662	960	25667	480	0	0	亮银·寒光剑	圣·寒光剑
35643	35649	60	25672	80	25662	320	25667	160	0	0	亮银·寒光头盔	圣·寒光头盔
35644	35650	60	25672	80	25662	320	25667	160	0	0	亮银·寒光铠甲	圣·寒光铠甲
35645	35651	60	25672	80	25662	320	25667	160	0	0	亮银·寒光战靴	圣·寒光战靴
35646	35652	60	25672	120	25662	480	25667	240	0	0	亮银·寒光戒指	圣·寒光戒指
35647	35653	60	25672	120	25662	480	25667	240	0	0	亮银·寒光手镯	圣·寒光手镯
35666	35672	80	25673	960	25663	1920	25668	960	0	0	末日·幻影剑	圣·幻影剑
35667	35673	80	25673	320	25663	640	25668	320	0	0	末日·幻影头盔	圣·幻影头盔
35668	35674	80	25673	320	25663	640	25668	320	0	0	末日·幻影铠甲	圣·幻影铠甲
35669	35675	80	25673	320	25663	640	25668	320	0	0	末日·幻影战靴	圣·幻影战靴
35670	35676	80	25673	480	25663	960	25668	480	0	0	末日·幻影戒指	圣·幻影戒指
35671	35677	80	25673	480	25663	960	25668	480	0	0	末日·幻影手镯	圣·幻影手镯
35678	35684	100	25674	2880	25664	5760	25669	2880	0	0	炽灼·曙光剑	圣·曙光剑
35679	35685	100	25674	960	25664	1920	25669	960	0	0	炽灼·曙光头盔	圣·曙光头盔
35680	35686	100	25674	960	25664	1920	25669	960	0	0	炽灼·曙光铠甲	圣·曙光铠甲
35681	35687	100	25674	960	25664	1920	25669	960	0	0	炽灼·曙光战靴	圣·曙光战靴
35682	35688	100	25674	1440	25664	2880	25669	1440	0	0	炽灼·曙光戒指	圣·曙光戒指
35683	35689	100	25674	1440	25664	2880	25669	1440	0	0	炽灼·曙光手镯	圣·曙光手镯
35618	35624	30	25672	480	25662	1440	25667	720	0	0	混沌·炼狱剑	圣·炼狱剑
35619	35625	30	25672	160	25662	480	25667	240	0	0	混沌·炼狱头盔	圣·炼狱头盔
35620	35626	30	25672	160	25662	480	25667	240	0	0	混沌·炼狱铠甲	圣·炼狱铠甲
35621	35627	30	25672	160	25662	480	25667	240	0	0	混沌·炼狱战靴	圣·炼狱战靴
35622	35628	30	25672	240	25662	720	25667	360	0	0	混沌·炼狱戒指	圣·炼狱戒指
35623	35629	30	25672	240	25662	720	25667	360	0	0	混沌·炼狱手镯	圣·炼狱手镯
35654	35660	60	25674	2880	25664	5760	25669	2880	0	0	远古·贤者剑	圣·贤者剑
35655	35661	60	25674	960	25664	1920	25669	960	0	0	远古·贤者头盔	圣·贤者头盔
35656	35662	60	25674	960	25664	1920	25669	960	0	0	远古·贤者铠甲	圣·贤者铠甲
35657	35663	60	25674	960	25664	1920	25669	960	0	0	远古·贤者战靴	圣·贤者战靴
35658	35664	60	25674	1440	25664	2880	25669	1440	0	0	远古·贤者戒指	圣·贤者戒指
35659	35665	60	25674	1440	25664	2880	25669	1440	0	0	远古·贤者手镯	圣·贤者手镯
36000	36006	120	25675	2880	25665	5760	25670	2880	0	0	炎雷·灭世剑	圣·灭世剑
36001	36007	120	25675	960	25665	1920	25670	960	0	0	炎雷·灭世头盔	圣·灭世头盔
36002	36008	120	25675	960	25665	1920	25670	960	0	0	炎雷·灭世铠甲	圣·灭世铠甲
36003	36009	120	25675	960	25665	1920	25670	960	0	0	炎雷·灭世战靴	圣·灭世战靴
36004	36010	120	25675	1440	25665	2880	25670	1440	0	0	炎雷·灭世戒指	圣·灭世戒指
36005	36011	120	25675	1440	25665	2880	25670	1440	0	0	炎雷·灭世手镯	圣·灭世手镯
36018	36024	140	27050	2880	27048	5760	27049	2880	0	0	140武器	圣·140武器
36019	36025	140	27050	960	27048	1920	27049	960	0	0	140头盔	圣·140头盔
36020	36026	140	27050	960	27048	1920	27049	960	0	0	140衣服	圣·140衣服
36021	36027	140	27050	960	27048	1920	27049	960	0	0	140靴子	圣·140靴子
36022	36028	140	27050	1440	27048	2880	27049	1440	0	0	140戒指	圣·140戒指
36023	36029	140	27050	1440	27048	2880	27049	1440	0	0	140手镯	圣·140手镯
36030	36036	160	27906	2880	27904	5760	27905	2880	0	0	银魂·耀光剑	圣·耀光剑
36031	36037	160	27906	960	27904	1920	27905	960	0	0	银魂·耀光头盔	圣·耀光头盔
36032	36038	160	27906	960	27904	1920	27905	960	0	0	银魂·耀光铠甲	圣·耀光铠甲
36033	36039	160	27906	960	27904	1920	27905	960	0	0	银魂·耀光战靴	圣·耀光战靴
36034	36040	160	27906	1440	27904	2880	27905	1440	0	0	银魂·耀光戒指	圣·耀光戒指
36035	36041	160	27906	1440	27904	2880	27905	1440	0	0	银魂·耀光手镯	圣·耀光手镯
