coding	name	icon	bigIcon	bigIcon70	iconBackgroundColor	needlevel	grade	posType	suitId	StrengthRate	sortLevel	Strength	UpGrade	forging	ZhuanShengLevel	needZhuanSheng	evolve	zhuanSheng	canSell	salePrice	pt1	pv1	pt2	pv2	needLog	kinds	propsType	use	nameColor	showGoods	holeNum	Mosaic	IsRole	jiaMi	FreeWash	UnlockWash	WashLevel
物品编码	物品名字	道具图标	大图标	70*70图标	图标背景颜色（1、绿色2、蓝色、3、紫色、4、黄色、5、橙色）	佩戴需要等级	装备品阶	装备部位	拥有的套装属性ID	强化系数	排序优先级，越大越靠前	是否可强化（1、可，0、否）	是否可进阶（1.可以，0.不可以）	是否可神铸（1可以，0不可以）	装备转生等级	佩戴需要英雄转生等级	是否可以进化（1可以，0不可以）	是否可以转生（1可以，0不可以）	物品是否可以出售(0:不可以，1:可以)	价钱	属性类型1	属性值1	属性类型2	属性值2	是否记录日志(0：不记录   1：记录)	物品类型：7=装备	道具类型(1=消耗品，2=武器，3=防具，4=饰品)	物品详细用途描述	物品名称颜色	是否可以展示	装备孔数	是否可镶嵌	是否只有主角能穿戴（1：是，0：不是）	是否需要加密	免费的洗练条数	可额外解锁的洗练条数	洗练等级，用于继承
35600	骑士剑	20lanwuqi			2	20	2	1	0	0	14	0	0	0	0	0	0	0	1	500	4	160	6	160	1	7	2	相传是帝国最英勇的骑士所佩之剑，削铁如泥	蓝色	1	0	0	0	0	2	0	20
35601	重装头盔	20lantoukui			2	20	2	2	0	0	15	0	0	0	0	0	0	0	1	500	1	60	5	200	1	7	3	用稀有材料打造的头盔，分量十足，坚实无比	蓝色	1	0	0	0	0	2	0	20
35602	烈风铠甲	20lanyifu			2	20	2	4	0	0	16	0	0	0	0	0	0	0	1	500	1	60	7	200	1	7	3	用稀有材料打造的铠甲，坚实而又不失机动性	蓝色	1	0	0	0	0	2	0	20
35603	凌动战靴	20lanxuezi			2	20	2	6	0	0	17	0	0	0	0	0	0	0	1	500	1	280	0	0	1	7	3	锻造者从疾风中得到灵感，穿着它行走有如脚下踏着风	蓝色	1	0	0	0	0	2	0	20
35604	日炎戒指	20lanjiezhi			2	20	2	5	0	0	18	0	0	0	0	0	0	0	1	500	1	100	6	40	1	7	4	汲取了日光之精华打造的戒指，其内流淌着日炎之力	蓝色	1	0	0	0	0	2	0	20
35605	夜光手镯	20lanshouzu			2	20	2	3	0	0	19	0	0	0	0	0	0	0	1	500	1	100	4	40	1	7	4	汲取了月光之精华打造的手镯，佩戴者会受到月之恩泽	蓝色	1	0	0	0	0	2	0	20
35606	烈火·光辉剑	20ziwuqi	20ziwuqida		3	20	3	1	[2,3]	300	20	1	1	0	0	0	0	0	1	1000	4	400	6	400	1	7	2	与烈火相互融合，散发着太阳的光辉	紫色	1	2	1	0	1	2	0	20
35607	烈火·光辉头盔	20zitoukui	20zitoukuida		3	20	3	2	[2,3]	300	21	1	1	0	0	0	0	0	1	1000	1	150	5	500	1	7	3	与烈火相互融合，散发着太阳的光辉	紫色	1	2	1	0	1	2	0	20
35608	烈火·光辉铠甲	20ziyifu	20ziyifuda		3	20	3	4	[2,3]	300	22	1	1	0	0	0	0	0	1	1000	1	150	7	500	1	7	3	与烈火相互融合，散发着太阳的光辉	紫色	1	2	1	0	1	2	0	20
35609	烈火·光辉战靴	20zixuezi	20zixuezida		3	20	3	6	[2,3]	300	23	1	1	0	0	0	0	0	1	1000	1	700	0	0	1	7	3	与烈火相互融合，散发着太阳的光辉	紫色	1	2	1	0	1	2	0	20
35610	烈火·光辉戒指	20zijiezhi	20zijiezhida		3	20	3	5	[1]	300	24	1	1	0	0	0	0	0	1	1000	1	250	6	100	1	7	4	与烈火相互融合，散发着太阳的光辉	紫色	1	2	1	0	1	2	0	20
35611	烈火·光辉手镯	20zishouzu	20zishouzuda		3	20	3	3	[1]	300	25	1	1	0	0	0	0	0	1	1000	1	250	4	100	1	7	4	与烈火相互融合，散发着太阳的光辉	紫色	1	2	1	0	1	2	0	20
35612	圣·光辉剑	20hwuqi	20hwuqida		4	20	4	1	[2,3]	500	26	1	1	0	0	0	0	0	1	1000	4	640	6	640	1	7	2	与烈火相互融合，散发着太阳的光辉	黄色	1	3	1	0	1	2	0	20
35613	圣·光辉头盔	20htoukui	20htoukuida		4	20	4	2	[2,3]	500	27	1	1	0	0	0	0	0	1	1000	1	240	5	800	1	7	3	与烈火相互融合，散发着太阳的光辉	黄色	1	3	1	0	1	2	0	20
35614	圣·光辉铠甲	20hyifu	20hyifuda		4	20	4	4	[2,3]	500	28	1	1	0	0	0	0	0	1	1000	1	240	7	800	1	7	3	与烈火相互融合，散发着太阳的光辉	黄色	1	3	1	0	1	2	0	20
35615	圣·光辉战靴	20hxuezi	20hxuezida		4	20	4	6	[2,3]	500	29	1	1	0	0	0	0	0	1	1000	1	1120	0	0	1	7	3	与烈火相互融合，散发着太阳的光辉	黄色	1	3	1	0	1	2	0	20
35616	圣·光辉戒指	20hjiezhi	20hjiezhida		4	20	4	5	[1]	500	30	1	1	0	0	0	0	0	1	1000	1	400	6	160	1	7	4	与烈火相互融合，散发着太阳的光辉	黄色	1	3	1	0	1	2	0	20
35617	圣·光辉手镯	20hshouzu	20hshouzuda		4	20	4	3	[1]	500	31	1	1	0	0	0	0	0	1	1000	1	400	4	160	1	7	4	与烈火相互融合，散发着太阳的光辉	黄色	1	3	1	0	1	2	0	20
35618	混沌·炼狱剑	30hwuqi	30hwuqida		4	30	4	1	[5,6]	1200	32	1	1	1	0	0	0	0	1	50000	4	1840	6	1840	1	7	2	由于沉寂于炼狱之中多年，常年被邪气所环绕，若使用者不够强大，极易被其反噬	橙色	1	8	1	0	1	2	0	30
35619	混沌·炼狱头盔	30htoukui	30htoukuida		4	30	4	2	[5,6]	1200	33	1	1	1	0	0	0	0	1	50000	1	690	5	2300	1	7	3	由于沉寂于炼狱之中多年，常年被邪气所环绕，若使用者不够强大，极易被其反噬	橙色	1	8	1	0	1	2	0	30
35620	混沌·炼狱铠甲	30hyifu	30hyifuda		4	30	4	4	[5,6]	1200	34	1	1	1	0	0	0	0	1	50000	1	690	7	2300	1	7	3	由于沉寂于炼狱之中多年，常年被邪气所环绕，若使用者不够强大，极易被其反噬	橙色	1	8	1	0	1	2	0	30
35621	混沌·炼狱战靴	30hxuezi	30hxuezida		4	30	4	6	[5,6]	1200	35	1	1	1	0	0	0	0	1	50000	1	3220	0	0	1	7	3	由于沉寂于炼狱之中多年，常年被邪气所环绕，若使用者不够强大，极易被其反噬	橙色	1	8	1	0	1	2	0	30
35622	混沌·炼狱戒指	30hjiezhi	30hjiezhida		4	30	4	5	[4]	1200	36	1	1	1	0	0	0	0	1	50000	1	1150	6	460	1	7	4	由于沉寂于炼狱之中多年，常年被邪气所环绕，若使用者不够强大，极易被其反噬	橙色	1	8	1	0	1	2	0	30
35623	混沌·炼狱手镯	30hshouzu	30hshouzuda		4	30	4	3	[4]	1200	37	1	1	1	0	0	0	0	1	50000	1	1150	4	460	1	7	4	由于沉寂于炼狱之中多年，常年被邪气所环绕，若使用者不够强大，极易被其反噬	橙色	1	8	1	0	1	2	0	30
35624	圣·炼狱剑	30chwuqi	30chwuqida	30chwuqibig	5	30	5	1	[5,6]	1350	38	1	1	0	0	0	0	0	1	50000	4	2160	6	2160	1	7	2	由于沉寂于炼狱之中多年，常年被邪气所环绕，若使用者不够强大，极易被其反噬	橙色	1	8	1	0	1	2	0	30
35625	圣·炼狱头盔	30chtoukui	30chtoukuida	30chtoukuibig	5	30	5	2	[5,6]	1350	39	1	1	0	0	0	0	0	1	50000	1	810	5	2700	1	7	3	由于沉寂于炼狱之中多年，常年被邪气所环绕，若使用者不够强大，极易被其反噬	橙色	1	8	1	0	1	2	0	30
35626	圣·炼狱铠甲	30chyifu	30chyifuda	30chyifubig	5	30	5	4	[5,6]	1350	40	1	1	0	0	0	0	0	1	50000	1	810	7	2700	1	7	3	由于沉寂于炼狱之中多年，常年被邪气所环绕，若使用者不够强大，极易被其反噬	橙色	1	8	1	0	1	2	0	30
35627	圣·炼狱战靴	30chxuezi	30chxuezida	30chxuezibig	5	30	5	6	[5,6]	1350	41	1	1	0	0	0	0	0	1	50000	1	3780	0	0	1	7	3	由于沉寂于炼狱之中多年，常年被邪气所环绕，若使用者不够强大，极易被其反噬	橙色	1	8	1	0	1	2	0	30
35628	圣·炼狱戒指	30chjiezhi	30chjiezhida		5	30	5	5	[4]	1350	42	1	1	0	0	0	0	0	1	50000	1	1350	6	540	1	7	4	由于沉寂于炼狱之中多年，常年被邪气所环绕，若使用者不够强大，极易被其反噬	橙色	1	8	1	0	1	2	0	30
35629	圣·炼狱手镯	30chshouzu	30chshouzuda		5	30	5	3	[4]	1350	43	1	1	0	0	0	0	0	1	50000	1	1350	4	540	1	7	4	由于沉寂于炼狱之中多年，常年被邪气所环绕，若使用者不够强大，极易被其反噬	橙色	1	8	1	0	1	2	0	30
35630	涌泉·魔魂剑	40ziwuqi	40ziwuqida		3	40	3	1	[8,9]	600	44	1	1	1	0	0	0	0	1	6000	4	800	6	800	1	7	2	为魔界所奉养，汲取了魔界魂魄之力，并可与之通灵	紫色	1	4	1	0	1	2	0	40
35631	涌泉·魔魂头盔	40zitoukui	40zitoukuida		3	40	3	2	[8,9]	600	45	1	1	1	0	0	0	0	1	6000	1	300	5	1000	1	7	3	为魔界所奉养，汲取了魔界魂魄之力，并可与之通灵	紫色	1	4	1	0	1	2	0	40
35632	涌泉·魔魂铠甲	40ziyifu	40ziyifuda		3	40	3	4	[8,9]	600	46	1	1	1	0	0	0	0	1	6000	1	300	7	1000	1	7	3	为魔界所奉养，汲取了魔界魂魄之力，并可与之通灵	紫色	1	4	1	0	1	2	0	40
35633	涌泉·魔魂战靴	40zixuezi	40zixuezida		3	40	3	6	[8,9]	600	47	1	1	1	0	0	0	0	1	6000	1	1400	0	0	1	7	3	为魔界所奉养，汲取了魔界魂魄之力，并可与之通灵	紫色	1	4	1	0	1	2	0	40
35634	涌泉·魔魂戒指	40zijiezhi	40zijiezhida		3	40	3	5	[7]	600	48	1	1	1	0	0	0	0	1	6000	1	500	6	200	1	7	4	为魔界所奉养，汲取了魔界魂魄之力，并可与之通灵	紫色	1	4	1	0	1	2	0	40
35635	涌泉·魔魂手镯	40zishouzu	40zishouzuda		3	40	3	3	[7]	600	49	1	1	1	0	0	0	0	1	6000	1	500	4	200	1	7	4	为魔界所奉养，汲取了魔界魂魄之力，并可与之通灵	紫色	1	4	1	0	1	2	0	40
35636	圣·魔魂剑	40hwuqi	40hwuqida		4	40	4	1	[8,9]	800	50	1	1	0	0	0	0	0	1	6000	4	1120	6	1120	1	7	2	为魔界所奉养，汲取了魔界魂魄之力，并可与之通灵	黄色	1	5	1	0	1	2	0	40
35637	圣·魔魂头盔	40htoukui	40htoukuida		4	40	4	2	[8,9]	800	51	1	1	0	0	0	0	0	1	6000	1	420	5	1400	1	7	3	为魔界所奉养，汲取了魔界魂魄之力，并可与之通灵	黄色	1	5	1	0	1	2	0	40
35638	圣·魔魂铠甲	40hyifu	40hyifuda		4	40	4	4	[8,9]	800	52	1	1	0	0	0	0	0	1	6000	1	420	7	1400	1	7	3	为魔界所奉养，汲取了魔界魂魄之力，并可与之通灵	黄色	1	5	1	0	1	2	0	40
35639	圣·魔魂战靴	40hxuezi	40hxuezida		4	40	4	6	[8,9]	800	53	1	1	0	0	0	0	0	1	6000	1	1960	0	0	1	7	3	为魔界所奉养，汲取了魔界魂魄之力，并可与之通灵	黄色	1	5	1	0	1	2	0	40
35640	圣·魔魂戒指	40hjiezhi	40hjiezhida		4	40	4	5	[7]	800	54	1	1	0	0	0	0	0	1	6000	1	700	6	280	1	7	4	为魔界所奉养，汲取了魔界魂魄之力，并可与之通灵	黄色	1	5	1	0	1	2	0	40
35641	圣·魔魂手镯	40hshouzu	40hshouzuda		4	40	4	3	[7]	800	55	1	1	0	0	0	0	0	1	6000	1	700	4	280	1	7	4	为魔界所奉养，汲取了魔界魂魄之力，并可与之通灵	黄色	1	5	1	0	1	2	0	40
35642	亮银·寒光剑	60ziwuqi	60ziwuqida		3	60	3	1	[11,12]	900	56	1	1	1	0	0	0	0	1	10000	4	1200	6	1200	1	7	2	屹立于雪山之中，通身寒气逼人，散发着阵阵的寒光	紫色	1	6	1	0	1	2	0	60
35643	亮银·寒光头盔	60zitoukui	60zitoukuida		3	60	3	2	[11,12]	900	57	1	1	1	0	0	0	0	1	10000	1	450	5	1500	1	7	3	屹立于雪山之中，通身寒气逼人，散发着阵阵的寒光	紫色	1	6	1	0	1	2	0	60
35644	亮银·寒光铠甲	60ziyifu	60ziyifuda		3	60	3	4	[11,12]	900	58	1	1	1	0	0	0	0	1	10000	1	450	7	1500	1	7	3	屹立于雪山之中，通身寒气逼人，散发着阵阵的寒光	紫色	1	6	1	0	1	2	0	60
35645	亮银·寒光战靴	60zixuezi	60zixuezida		3	60	3	6	[11,12]	900	59	1	1	1	0	0	0	0	1	10000	1	2100	0	0	1	7	3	屹立于雪山之中，通身寒气逼人，散发着阵阵的寒光	紫色	1	6	1	0	1	2	0	60
35646	亮银·寒光戒指	60zijiezhi	60zijiezhida		3	60	3	5	[10]	900	60	1	1	1	0	0	0	0	1	10000	1	750	6	300	1	7	4	屹立于雪山之中，通身寒气逼人，散发着阵阵的寒光	紫色	1	6	1	0	1	2	0	60
35647	亮银·寒光手镯	60zishouzu	60zishouzuda		3	60	3	3	[10]	900	61	1	1	1	0	0	0	0	1	10000	1	750	4	300	1	7	4	屹立于雪山之中，通身寒气逼人，散发着阵阵的寒光	紫色	1	6	1	0	1	2	0	60
35648	圣·寒光剑	60hwuqi	60hwuqida		4	60	4	1	[11,12]	1100	62	1	1	0	0	0	0	0	1	20000	4	1600	6	1600	1	7	2	屹立于雪山之中，通身寒气逼人，散发着阵阵的寒光	黄色	1	7	1	0	1	2	0	60
35649	圣·寒光头盔	60htoukui	60htoukuida		4	60	4	2	[11,12]	1100	63	1	1	0	0	0	0	0	1	20000	1	600	5	2000	1	7	3	屹立于雪山之中，通身寒气逼人，散发着阵阵的寒光	黄色	1	7	1	0	1	2	0	60
35650	圣·寒光铠甲	60hyifu	60hyifuda		4	60	4	4	[11,12]	1100	64	1	1	0	0	0	0	0	1	20000	1	600	7	2000	1	7	3	屹立于雪山之中，通身寒气逼人，散发着阵阵的寒光	黄色	1	7	1	0	1	2	0	60
35651	圣·寒光战靴	60hxuezi	60hxuezida		4	60	4	6	[11,12]	1100	65	1	1	0	0	0	0	0	1	20000	1	2800	0	0	1	7	3	屹立于雪山之中，通身寒气逼人，散发着阵阵的寒光	黄色	1	7	1	0	1	2	0	60
35652	圣·寒光戒指	60hjiezhi	60hjiezhida		4	60	4	5	[10]	1100	66	1	1	0	0	0	0	0	1	20000	1	1000	6	400	1	7	4	屹立于雪山之中，通身寒气逼人，散发着阵阵的寒光	黄色	1	7	1	0	1	2	0	60
35653	圣·寒光手镯	60hshouzu	60hshouzuda		4	60	4	3	[10]	1100	67	1	1	0	0	0	0	0	1	20000	1	1000	4	400	1	7	4	屹立于雪山之中，通身寒气逼人，散发着阵阵的寒光	黄色	1	7	1	0	1	2	0	60
35654	远古·贤者剑	60chwuqi	60chwuqida		4	60	5	1	[14,15]	1850	68	1	1	1	0	0	0	0	1	50000	4	3280	6	3280	1	7	2	远古的贤者所使用的宝物，象征着智慧与正义，可净化一切邪恶之气	橙色	1	8	1	0	1	2	4	120
35655	远古·贤者头盔	60chtoukui	60chtoukuida		4	60	5	2	[14,15]	1850	69	1	1	1	0	0	0	0	1	50000	1	1230	5	4100	1	7	3	远古的贤者所使用的宝物，象征着智慧与正义，可净化一切邪恶之气	橙色	1	8	1	0	1	2	4	120
35656	远古·贤者铠甲	60chyifu	60chyifuda		4	60	5	4	[14,15]	1850	70	1	1	1	0	0	0	0	1	50000	1	1230	7	4100	1	7	3	远古的贤者所使用的宝物，象征着智慧与正义，可净化一切邪恶之气	橙色	1	8	1	0	1	2	4	120
35657	远古·贤者战靴	60chxuezi	60chxuezida		4	60	5	6	[14,15]	1850	71	1	1	1	0	0	0	0	1	50000	1	5740	0	0	1	7	3	远古的贤者所使用的宝物，象征着智慧与正义，可净化一切邪恶之气	橙色	1	8	1	0	1	2	4	120
35658	远古·贤者戒指	60chjiezhi	60chjiezhida		4	60	5	5	[13]	1850	72	1	1	1	0	0	0	0	1	50000	1	2050	6	820	1	7	4	远古的贤者所使用的宝物，象征着智慧与正义，可净化一切邪恶之气	橙色	1	8	1	0	1	2	4	120
35659	远古·贤者手镯	60chshouzhuo	60chshouzhuoda		4	60	5	3	[13]	1850	73	1	1	1	0	0	0	0	1	50000	1	2050	4	820	1	7	4	远古的贤者所使用的宝物，象征着智慧与正义，可净化一切邪恶之气	橙色	1	8	1	0	1	2	4	120
35660	圣·贤者剑	60hchwuqi	60hchwuqida		5	60	5	1	[14,15]	2000	74	1	1	0	0	0	0	0	1	50000	4	3520	6	3520	1	7	2	远古的贤者所使用的宝物，象征着智慧与正义，可净化一切邪恶之气	橙色	1	8	1	0	1	2	4	120
35661	圣·贤者头盔	60hchtoukui	60hchtoukuida		5	60	5	2	[14,15]	2000	75	1	1	0	0	0	0	0	1	50000	1	1320	5	4400	1	7	3	远古的贤者所使用的宝物，象征着智慧与正义，可净化一切邪恶之气	橙色	1	8	1	0	1	2	4	120
35662	圣·贤者铠甲	60hchyifu	60hchyifuda		5	60	5	4	[14,15]	2000	76	1	1	0	0	0	0	0	1	50000	1	1320	7	4400	1	7	3	远古的贤者所使用的宝物，象征着智慧与正义，可净化一切邪恶之气	橙色	1	8	1	0	1	2	4	120
35663	圣·贤者战靴	60hchxuezi	60hchxuezida		5	60	5	6	[14,15]	2000	77	1	1	0	0	0	0	0	1	50000	1	6160	0	0	1	7	3	远古的贤者所使用的宝物，象征着智慧与正义，可净化一切邪恶之气	橙色	1	8	1	0	1	2	4	120
35664	圣·贤者戒指	60hchjiezhi	60hchjiezhida		5	60	5	5	[13]	2000	78	1	1	0	0	0	0	0	1	50000	1	2200	6	880	1	7	4	远古的贤者所使用的宝物，象征着智慧与正义，可净化一切邪恶之气	橙色	1	8	1	0	1	2	4	120
35665	圣·贤者手镯	60hchshouzhuo	60hchshouzhuoda		5	60	5	3	[13]	2000	79	1	1	0	0	0	0	0	1	50000	1	2200	4	880	1	7	4	远古的贤者所使用的宝物，象征着智慧与正义，可净化一切邪恶之气	橙色	1	8	1	0	1	2	4	120
35666	末日·幻影剑	80ziwuqi	80ziwuqida		3	80	3	1	[17,18]	1300	80	1	1	1	0	0	0	0	1	15000	4	2000	6	2000	1	7	2	能够感知末日的宝物，拥有毁天灭地之神力，相传连其残留的影像也具有灵力	紫色	1	8	1	0	1	2	0	80
35667	末日·幻影头盔	80zitoukui	80zitoukuida		3	80	3	2	[17,18]	1300	81	1	1	1	0	0	0	0	1	15000	1	750	5	2500	1	7	3	能够感知末日的宝物，拥有毁天灭地之神力，相传连其残留的影像也具有灵力	紫色	1	8	1	0	1	2	0	80
35668	末日·幻影铠甲	80ziyifu	80ziyifuda		3	80	3	4	[17,18]	1300	82	1	1	1	0	0	0	0	1	15000	1	750	7	2500	1	7	3	能够感知末日的宝物，拥有毁天灭地之神力，相传连其残留的影像也具有灵力	紫色	1	8	1	0	1	2	0	80
35669	末日·幻影战靴	80zixuezi	80zixuezida		3	80	3	6	[17,18]	1300	83	1	1	1	0	0	0	0	1	15000	1	3500	0	0	1	7	3	能够感知末日的宝物，拥有毁天灭地之神力，相传连其残留的影像也具有灵力	紫色	1	8	1	0	1	2	0	80
35670	末日·幻影戒指	80zijiezhi	80zijiezhida		3	80	3	5	[16]	1300	84	1	1	1	0	0	0	0	1	15000	1	1250	6	500	1	7	4	能够感知末日的宝物，拥有毁天灭地之神力，相传连其残留的影像也具有灵力	紫色	1	8	1	0	1	2	0	80
35671	末日·幻影手镯	80zishouzuo	80zishouzuoda		3	80	3	3	[16]	1300	85	1	1	1	0	0	0	0	1	15000	1	1250	4	500	1	7	4	能够感知末日的宝物，拥有毁天灭地之神力，相传连其残留的影像也具有灵力	紫色	1	8	1	0	1	2	0	80
35672	圣·幻影剑	80hwuqi	80hwuqida		4	80	4	1	[17,18]	1500	86	1	1	0	0	0	0	0	1	30000	4	2400	6	2400	1	7	2	能够感知末日的宝物，拥有毁天灭地之神力，相传连其残留的影像也具有灵力	黄色	1	8	1	0	1	2	0	80
35673	圣·幻影头盔	80htoukui	80htoukuida		4	80	4	2	[17,18]	1500	87	1	1	0	0	0	0	0	1	30000	1	900	5	3000	1	7	3	能够感知末日的宝物，拥有毁天灭地之神力，相传连其残留的影像也具有灵力	黄色	1	8	1	0	1	2	0	80
35674	圣·幻影铠甲	80hyifu	80hyifuda		4	80	4	4	[17,18]	1500	88	1	1	0	0	0	0	0	1	30000	1	900	7	3000	1	7	3	能够感知末日的宝物，拥有毁天灭地之神力，相传连其残留的影像也具有灵力	黄色	1	8	1	0	1	2	0	80
35675	圣·幻影战靴	80hxuezi	80hxuezida		4	80	4	6	[17,18]	1500	89	1	1	0	0	0	0	0	1	30000	1	4200	0	0	1	7	3	能够感知末日的宝物，拥有毁天灭地之神力，相传连其残留的影像也具有灵力	黄色	1	8	1	0	1	2	0	80
35676	圣·幻影戒指	80hjiezhi	80hjiezhida		4	80	4	5	[16]	1500	90	1	1	0	0	0	0	0	1	30000	1	1500	6	600	1	7	4	能够感知末日的宝物，拥有毁天灭地之神力，相传连其残留的影像也具有灵力	黄色	1	8	1	0	1	2	0	80
35677	圣·幻影手镯	80hshouzuo	80hshouzuoda		4	80	4	3	[16]	1500	91	1	1	0	0	0	0	0	1	30000	1	1500	4	600	1	7	4	能够感知末日的宝物，拥有毁天灭地之神力，相传连其残留的影像也具有灵力	黄色	1	8	1	0	1	2	0	80
35678	炽灼·曙光剑	100ziwuqi	100ziwuqida		3	100	3	1	[20,21]	1600	92	1	1	1	0	0	0	0	1	15000	4	2560	6	2560	1	7	2	常年保持着灼烧的状态，非凡人所能靠近，其散发的光芒如烈日般耀眼，即便是光芒也能伤人	紫色	1	8	1	0	1	2	2	100
35679	炽灼·曙光头盔	100zitoukui	100zitoukuida		3	100	3	2	[20,21]	1600	93	1	1	1	0	0	0	0	1	15000	1	960	5	3200	1	7	3	常年保持着灼烧的状态，非凡人所能靠近，其散发的光芒如烈日般耀眼，即便是光芒也能伤人	紫色	1	8	1	0	1	2	2	100
35680	炽灼·曙光铠甲	100ziyifu	100ziyifuda		3	100	3	4	[20,21]	1600	94	1	1	1	0	0	0	0	1	15000	1	960	7	3200	1	7	3	常年保持着灼烧的状态，非凡人所能靠近，其散发的光芒如烈日般耀眼，即便是光芒也能伤人	紫色	1	8	1	0	1	2	2	100
35681	炽灼·曙光战靴	100zixuezi	100zixuezida		3	100	3	6	[20,21]	1600	95	1	1	1	0	0	0	0	1	15000	1	4480	0	0	1	7	3	常年保持着灼烧的状态，非凡人所能靠近，其散发的光芒如烈日般耀眼，即便是光芒也能伤人	紫色	1	8	1	0	1	2	2	100
35682	炽灼·曙光戒指	100zijiezhi	100zijiezhida		3	100	3	5	[19]	1600	96	1	1	1	0	0	0	0	1	15000	1	1600	6	640	1	7	4	常年保持着灼烧的状态，非凡人所能靠近，其散发的光芒如烈日般耀眼，即便是光芒也能伤人	紫色	1	8	1	0	1	2	2	100
35683	炽灼·曙光手镯	100zishouzu	100zishouzuda		3	100	3	3	[19]	1600	97	1	1	1	0	0	0	0	1	15000	1	1600	4	640	1	7	4	常年保持着灼烧的状态，非凡人所能靠近，其散发的光芒如烈日般耀眼，即便是光芒也能伤人	紫色	1	8	1	0	1	2	2	100
35684	圣·曙光剑	100hwuqi	100hwuqida		4	100	4	1	[20,21]	1800	98	1	1	0	0	0	0	0	1	30000	4	2800	6	2800	1	7	2	常年保持着灼烧的状态，非凡人所能靠近，其散发的光芒如烈日般耀眼，即便是光芒也能伤人	黄色	1	8	1	0	1	2	2	100
35685	圣·曙光头盔	100htoukui	100htoukuida		4	100	4	2	[20,21]	1800	99	1	1	0	0	0	0	0	1	30000	1	1050	5	3500	1	7	3	常年保持着灼烧的状态，非凡人所能靠近，其散发的光芒如烈日般耀眼，即便是光芒也能伤人	黄色	1	8	1	0	1	2	2	100
35686	圣·曙光铠甲	100hyifu	100hyifuda		4	100	4	4	[20,21]	1800	100	1	1	0	0	0	0	0	1	30000	1	1050	7	3500	1	7	3	常年保持着灼烧的状态，非凡人所能靠近，其散发的光芒如烈日般耀眼，即便是光芒也能伤人	黄色	1	8	1	0	1	2	2	100
35687	圣·曙光战靴	100hxuezi	100hxuezida		4	100	4	6	[20,21]	1800	101	1	1	0	0	0	0	0	1	30000	1	4900	0	0	1	7	3	常年保持着灼烧的状态，非凡人所能靠近，其散发的光芒如烈日般耀眼，即便是光芒也能伤人	黄色	1	8	1	0	1	2	2	100
35688	圣·曙光戒指	100hjiezhi	100hjiezhida		4	100	4	5	[19]	1800	102	1	1	0	0	0	0	0	1	30000	1	1750	6	700	1	7	4	常年保持着灼烧的状态，非凡人所能靠近，其散发的光芒如烈日般耀眼，即便是光芒也能伤人	黄色	1	8	1	0	1	2	2	100
35689	圣·曙光手镯	100hshouzu	100hshouzuda		4	100	4	3	[19]	1800	103	1	1	0	0	0	0	0	1	30000	1	1750	4	700	1	7	4	常年保持着灼烧的状态，非凡人所能靠近，其散发的光芒如烈日般耀眼，即便是光芒也能伤人	黄色	1	8	1	0	1	2	2	100
36000	炎雷·灭世剑	120ziwuqi	120ziwuqida		3	120	3	1	[23,24]	1900	104	1	1	1	0	0	0	0	1	40000	4	2960	6	2960	1	7	2	其现世之时伴随着赤焰惊雷，其声势之大仿佛要吞噬这天地	紫色	1	8	1	0	1	2	4	120
36001	炎雷·灭世头盔	120zitoukui	120zitoukuida		3	120	3	2	[23,24]	1900	105	1	1	1	0	0	0	0	1	40000	1	1110	5	3700	1	7	3	其现世之时伴随着赤焰惊雷，其声势之大仿佛要吞噬这天地	紫色	1	8	1	0	1	2	4	120
36002	炎雷·灭世铠甲	120ziyifu	120ziyifuda		3	120	3	4	[23,24]	1900	106	1	1	1	0	0	0	0	1	40000	1	1110	7	3700	1	7	3	其现世之时伴随着赤焰惊雷，其声势之大仿佛要吞噬这天地	紫色	1	8	1	0	1	2	4	120
36003	炎雷·灭世战靴	120zixuezi	120zixuezida		3	120	3	6	[23,24]	1900	107	1	1	1	0	0	0	0	1	40000	1	5180	0	0	1	7	3	其现世之时伴随着赤焰惊雷，其声势之大仿佛要吞噬这天地	紫色	1	8	1	0	1	2	4	120
36004	炎雷·灭世戒指	120zijiezhi	120zijiezhida		3	120	3	5	[22]	1900	108	1	1	1	0	0	0	0	1	40000	1	1850	6	740	1	7	4	其现世之时伴随着赤焰惊雷，其声势之大仿佛要吞噬这天地	紫色	1	8	1	0	1	2	4	120
36005	炎雷·灭世手镯	120zishouzu	120zishouzuda		3	120	3	3	[22]	1900	109	1	1	1	0	0	0	0	1	40000	1	1850	4	740	1	7	4	其现世之时伴随着赤焰惊雷，其声势之大仿佛要吞噬这天地	紫色	1	8	1	0	1	2	4	120
36006	圣·灭世剑	120hwuqi	120hwuqida		4	120	4	1	[23,24]	2100	110	1	1	0	0	0	0	0	1	50000	4	3600	6	3600	1	7	2	其现世之时伴随着赤焰惊雷，其声势之大仿佛要吞噬这天地	黄色	1	8	1	0	1	2	4	120
36007	圣·灭世头盔	120htoukui	120htoukuida		4	120	4	2	[23,24]	2100	111	1	1	0	0	0	0	0	1	50000	1	1350	5	4500	1	7	3	其现世之时伴随着赤焰惊雷，其声势之大仿佛要吞噬这天地	黄色	1	8	1	0	1	2	4	120
36008	圣·灭世铠甲	120hyifu	120hyifuda		4	120	4	4	[23,24]	2100	112	1	1	0	0	0	0	0	1	50000	1	1350	7	4500	1	7	3	其现世之时伴随着赤焰惊雷，其声势之大仿佛要吞噬这天地	黄色	1	8	1	0	1	2	4	120
36009	圣·灭世战靴	120hxuezi	120hxuezida		4	120	4	6	[23,24]	2100	113	1	1	0	0	0	0	0	1	50000	1	6300	0	0	1	7	3	其现世之时伴随着赤焰惊雷，其声势之大仿佛要吞噬这天地	黄色	1	8	1	0	1	2	4	120
36010	圣·灭世戒指	120hjiezhi	120hjiezhida		4	120	4	5	[22]	2100	114	1	1	0	0	0	0	0	1	50000	1	2250	6	900	1	7	4	其现世之时伴随着赤焰惊雷，其声势之大仿佛要吞噬这天地	黄色	1	8	1	0	1	2	4	120
36011	圣·灭世手镯	120hshouzu	120hshouzuda		4	120	4	3	[22]	2100	115	1	1	0	0	0	0	0	1	50000	1	2250	4	900	1	7	4	其现世之时伴随着赤焰惊雷，其声势之大仿佛要吞噬这天地	黄色	1	8	1	0	1	2	4	120
36012	幻·灭神剑	80chwuqi	80chwuqida		5	80	5	1	[27,28]	2750	116	1	1	0	0	0	0	1	1	50000	4	4480	6	4480	1	7	2	问天地之势，谁与争锋？唯弑神之力，敢与天争	橙色	1	8	1	1	1	2	6	140
36013	幻·灭神头盔	80chtoukui	80chtoukuida		5	80	5	2	[27,28]	2750	117	1	1	0	0	0	0	1	1	50000	1	1680	5	5600	1	7	3	问天地之势，谁与争锋？唯弑神之力，敢与天争	橙色	1	8	1	1	1	2	6	140
36014	幻·灭神铠甲	80chyifu	80chyifuda		5	80	5	4	[27,28]	2750	118	1	1	0	0	0	0	1	1	50000	1	1680	7	5600	1	7	3	问天地之势，谁与争锋？唯弑神之力，敢与天争	橙色	1	8	1	1	1	2	6	140
36015	幻·灭神战靴	80chxuezi	80chxuezida		5	80	5	6	[27,28]	2750	119	1	1	0	0	0	0	1	1	50000	1	7840	0	0	1	7	3	问天地之势，谁与争锋？唯弑神之力，敢与天争	橙色	1	8	1	1	1	2	6	140
36016	幻·灭神戒指	80chjiezhi	80chjiezhida		5	80	5	5	[25,26]	2750	120	1	1	0	0	0	0	1	1	50000	1	2800	6	1120	1	7	4	问天地之势，谁与争锋？唯弑神之力，敢与天争	橙色	1	8	1	1	1	2	6	140
36017	幻·灭神手镯	80chshouzhuo	80chshouzhuoda		5	80	5	3	[25,26]	2750	121	1	1	0	0	0	0	1	1	50000	1	2800	4	1120	1	7	4	问天地之势，谁与争锋？唯弑神之力，敢与天争	橙色	1	8	1	1	1	2	6	140
36018	狂暴·龙魂剑	140ziwuqi	140ziwuqida		3	140	3	1	[30,31]	2200	122	1	1	1	0	0	0	0	1	50000	4	3760	6	3760	1	7	2	蕴含着上古恶龙灵魂，经常发出狂暴的龙吼，凡人完全无法驾驭龙的灵魂。	紫色	1	8	1	0	1	2	6	140
36019	狂暴·龙魂头盔	140zitoukui	140zitoukuida		3	140	3	2	[30,31]	2200	123	1	1	1	0	0	0	0	1	50000	1	1410	5	4700	1	7	3	蕴含着上古恶龙灵魂，经常发出狂暴的龙吼，凡人完全无法驾驭龙的灵魂。	紫色	1	8	1	0	1	2	6	140
36020	狂暴·龙魂铠甲	140ziyifu	140ziyifuda		3	140	3	4	[30,31]	2200	124	1	1	1	0	0	0	0	1	50000	1	1410	7	4700	1	7	3	蕴含着上古恶龙灵魂，经常发出狂暴的龙吼，凡人完全无法驾驭龙的灵魂。	紫色	1	8	1	0	1	2	6	140
36021	狂暴·龙魂战靴	140zixuezi	140zixuezida		3	140	3	6	[30,31]	2200	125	1	1	1	0	0	0	0	1	50000	1	6580	0	0	1	7	3	蕴含着上古恶龙灵魂，经常发出狂暴的龙吼，凡人完全无法驾驭龙的灵魂。	紫色	1	8	1	0	1	2	6	140
36022	狂暴·龙魂戒指	140zijiezhi	140zijiezhida		3	140	3	5	[29]	2200	126	1	1	1	0	0	0	0	1	50000	1	2350	6	940	1	7	4	蕴含着上古恶龙灵魂，经常发出狂暴的龙吼，凡人完全无法驾驭龙的灵魂。	紫色	1	8	1	0	1	2	6	140
36023	狂暴·龙魂手镯	140zishouzu	140zishouzuda		3	140	3	3	[29]	2200	127	1	1	1	0	0	0	0	1	50000	1	2350	4	940	1	7	4	蕴含着上古恶龙灵魂，经常发出狂暴的龙吼，凡人完全无法驾驭龙的灵魂。	紫色	1	8	1	0	1	2	6	140
36024	圣·龙魂剑	140hwuqi	140hwuqida		4	140	4	1	[30,31]	2400	128	1	1	0	0	0	0	0	1	50000	4	4000	6	4000	1	7	2	蕴含着上古恶龙灵魂，经常发出狂暴的龙吼，凡人完全无法驾驭龙的灵魂。	黄色	1	8	1	0	1	2	6	140
36025	圣·龙魂头盔	140htoukui	140htoukuida		4	140	4	2	[30,31]	2400	129	1	1	0	0	0	0	0	1	50000	1	1500	5	5000	1	7	3	蕴含着上古恶龙灵魂，经常发出狂暴的龙吼，凡人完全无法驾驭龙的灵魂。	黄色	1	8	1	0	1	2	6	140
36026	圣·龙魂铠甲	140hyifu	140hyifuda		4	140	4	4	[30,31]	2400	130	1	1	0	0	0	0	0	1	50000	1	1500	7	5000	1	7	3	蕴含着上古恶龙灵魂，经常发出狂暴的龙吼，凡人完全无法驾驭龙的灵魂。	黄色	1	8	1	0	1	2	6	140
36027	圣·龙魂战靴	140hxuezi	140hxuezida		4	140	4	6	[30,31]	2400	131	1	1	0	0	0	0	0	1	50000	1	7000	0	0	1	7	3	蕴含着上古恶龙灵魂，经常发出狂暴的龙吼，凡人完全无法驾驭龙的灵魂。	黄色	1	8	1	0	1	2	6	140
36028	圣·龙魂戒指	140hjiezhi	140hjiezhida		4	140	4	5	[29]	2400	132	1	1	0	0	0	0	0	1	50000	1	2500	6	1000	1	7	4	蕴含着上古恶龙灵魂，经常发出狂暴的龙吼，凡人完全无法驾驭龙的灵魂。	黄色	1	8	1	0	1	2	6	140
36029	圣·龙魂手镯	140hshouzu	140hshouzuda		4	140	4	3	[29]	2400	133	1	1	0	0	0	0	0	1	50000	1	2500	4	1000	1	7	4	蕴含着上古恶龙灵魂，经常发出狂暴的龙吼，凡人完全无法驾驭龙的灵魂。	黄色	1	8	1	0	1	2	6	140
36030	银魂·耀光剑	160ziwuqi	160ziwuqida		3	160	3	1	[33,34]	2500	134	1	0	1	0	0	0	1	1	50000	4	4160	6	4160	1	7	2	无所畏惧，充满一往无前的勇气	紫色	1	8	1	0	1	2	8	160
36031	银魂·耀光头盔	160zitoukui	160zitoukuida		3	160	3	2	[33,34]	2500	135	1	0	1	0	0	0	1	1	50000	1	1560	5	5200	1	7	3	无所畏惧，充满一往无前的勇气	紫色	1	8	1	0	1	2	8	160
36032	银魂·耀光铠甲	160ziyifu	160ziyifuda		3	160	3	4	[33,34]	2500	136	1	0	1	0	0	0	1	1	50000	1	1560	7	5200	1	7	3	无所畏惧，充满一往无前的勇气	紫色	1	8	1	0	1	2	8	160
36033	银魂·耀光战靴	160zixuezi	160zixuezida		3	160	3	6	[33,34]	2500	137	1	0	1	0	0	0	1	1	50000	1	7280	0	0	1	7	3	无所畏惧，充满一往无前的勇气	紫色	1	8	1	0	1	2	8	160
36034	银魂·耀光戒指	160zijiezhi	160zijiezhida		3	160	3	5	[32]	2500	138	1	0	1	0	0	0	1	1	50000	1	2600	6	1040	1	7	4	无所畏惧，充满一往无前的勇气	紫色	1	8	1	0	1	2	8	160
36035	银魂·耀光手镯	160zishouzu	160zishouzuda		3	160	3	3	[32]	2500	139	1	0	1	0	0	0	1	1	50000	1	2600	4	1040	1	7	4	无所畏惧，充满一往无前的勇气	紫色	1	8	1	0	1	2	8	160
36036	圣·耀光剑	160hwuqi	160hwuqida		4	160	4	1	[33,34]	2700	140	1	0	0	0	0	0	1	1	50000	4	4400	6	4400	1	7	2	无所畏惧，充满一往无前的勇气	黄色	1	8	1	0	1	2	8	160
36037	圣·耀光头盔	160htoukui	160htoukuida		4	160	4	2	[33,34]	2700	141	1	0	0	0	0	0	1	1	50000	1	1650	5	5500	1	7	3	无所畏惧，充满一往无前的勇气	黄色	1	8	1	0	1	2	8	160
36038	圣·耀光铠甲	160hyifu	160hyifuda		4	160	4	4	[33,34]	2700	142	1	0	0	0	0	0	1	1	50000	1	1650	7	5500	1	7	3	无所畏惧，充满一往无前的勇气	黄色	1	8	1	0	1	2	8	160
36039	圣·耀光战靴	160hxuezi	160hxuezida		4	160	4	6	[33,34]	2700	143	1	0	0	0	0	0	1	1	50000	1	7700	0	0	1	7	3	无所畏惧，充满一往无前的勇气	黄色	1	8	1	0	1	2	8	160
36040	圣·耀光戒指	160hjiezhi	160hjiezhida		4	160	4	5	[32]	2700	144	1	0	0	0	0	0	1	1	50000	1	2750	6	1100	1	7	4	无所畏惧，充满一往无前的勇气	黄色	1	8	1	0	1	2	8	160
36041	圣·耀光手镯	160hshouzu	160hshouzuda		4	160	4	3	[32]	2700	145	1	0	0	0	0	0	1	1	50000	1	2750	4	1100	1	7	4	无所畏惧，充满一往无前的勇气	黄色	1	8	1	0	1	2	8	160
36042	一转·魔殒剑	1zhuanziwuqi	1zhuanziwuqida		3	179	3	1	[33,34]	2750	146	1	0	0	1	1	1	1	1	50000	4	4960	6	4960	1	7	2	九星连珠，日月同现，傲世独立，魔殒于天	紫色	1	8	1	0	1	2	8	160
36043	一转·魔殒头盔	1zhuanzitoukui	1zhuanzitoukuida		3	179	3	2	[33,34]	2750	147	1	0	0	1	1	1	1	1	50000	1	1860	5	6200	1	7	3	九星连珠，日月同现，傲世独立，魔殒于天	紫色	1	8	1	0	1	2	8	160
36044	一转·魔殒铠甲	1zhuanziyifu	1zhuanziyifuda		3	179	3	4	[33,34]	2750	148	1	0	0	1	1	1	1	1	50000	1	1860	7	6200	1	7	3	九星连珠，日月同现，傲世独立，魔殒于天	紫色	1	8	1	0	1	2	8	160
36045	一转·魔殒战靴	1zhuanzixuezi	1zhuanzixuezida		3	179	3	6	[33,34]	2750	149	1	0	0	1	1	1	1	1	50000	1	9300	0	0	1	7	3	九星连珠，日月同现，傲世独立，魔殒于天	紫色	1	8	1	0	1	2	8	160
36046	一转·魔殒戒指	1zhuanzijiezhi	1zhuanzijiezhida		3	179	3	5	[32]	2750	150	1	0	0	1	1	1	1	1	50000	1	3100	6	1240	1	7	4	九星连珠，日月同现，傲世独立，魔殒于天	紫色	1	8	1	0	1	2	8	160
36047	一转·魔殒手镯	1zhuanzishouzu	1zhuanzishouzuda		3	179	3	3	[32]	2750	151	1	0	0	1	1	1	1	1	50000	1	3100	4	1240	1	7	4	九星连珠，日月同现，傲世独立，魔殒于天	紫色	1	8	1	0	1	2	8	160
36048	神·魔殒剑	1zhuanhwuqi	1zhuanhwuqida		4	179	4	1	[33,34]	2850	152	1	0	0	1	1	0	1	1	50000	4	5200	6	5200	1	7	2	九星连珠，日月同现，傲世独立，魔殒于天	黄色	1	8	1	0	1	2	8	160
36049	神·魔殒头盔	1zhuanhtoukui	1zhuanhtoukuida		4	179	4	2	[33,34]	2850	153	1	0	0	1	1	0	1	1	50000	1	1950	5	6500	1	7	3	九星连珠，日月同现，傲世独立，魔殒于天	黄色	1	8	1	0	1	2	8	160
36050	神·魔殒铠甲	1zhuanhyifu	1zhuanhyifuda		4	179	4	4	[33,34]	2850	154	1	0	0	1	1	0	1	1	50000	1	1950	7	6500	1	7	3	九星连珠，日月同现，傲世独立，魔殒于天	黄色	1	8	1	0	1	2	8	160
36051	神·魔殒战靴	1zhuanhxueh	1zhuanhxuehda		4	179	4	6	[33,34]	2850	155	1	0	0	1	1	0	1	1	50000	1	9750	0	0	1	7	3	九星连珠，日月同现，傲世独立，魔殒于天	黄色	1	8	1	0	1	2	8	160
36052	神·魔殒戒指	1zhuanhjiezhi	1zhuanhjiezhida		4	179	4	5	[32]	2850	156	1	0	0	1	1	0	1	1	50000	1	3250	6	1300	1	7	4	九星连珠，日月同现，傲世独立，魔殒于天	黄色	1	8	1	0	1	2	8	160
36053	神·魔殒手镯	1zhuanhshouzu	1zhuanhshouzuda		4	179	4	3	[32]	2850	157	1	0	0	1	1	0	1	1	50000	1	3250	4	1300	1	7	4	九星连珠，日月同现，傲世独立，魔殒于天	黄色	1	8	1	0	1	2	8	160
36054	幻·诛魔剑	1zhuanchwuqi	1zhuanchwuqida		5	179	5	1	[27,28]	2900	158	1	0	0	1	1	0	1	1	50000	4	5600	6	5600	1	7	2	星空之下，唯我独尊，神挡灭神，魔挡诛魔	橙色	1	8	1	1	1	2	8	160
36055	幻·诛魔头盔	1zhuanchtoukui	1zhuanchtoukuida		5	179	5	2	[27,28]	2900	159	1	0	0	1	1	0	1	1	50000	1	2100	5	7000	1	7	3	星空之下，唯我独尊，神挡灭神，魔挡诛魔	橙色	1	8	1	1	1	2	8	160
36056	幻·诛魔铠甲	1zhuanchyifu	1zhuanchyifuda		5	179	5	4	[27,28]	2900	160	1	0	0	1	1	0	1	1	50000	1	2100	7	7000	1	7	3	星空之下，唯我独尊，神挡灭神，魔挡诛魔	橙色	1	8	1	1	1	2	8	160
36057	幻·诛魔战靴	1zhuanchxuezi	1zhuanchxuezida		5	179	5	6	[27,28]	2900	161	1	0	0	1	1	0	1	1	50000	1	10500	0	0	1	7	3	星空之下，唯我独尊，神挡灭神，魔挡诛魔	橙色	1	8	1	1	1	2	8	160
36058	幻·诛魔戒指	1zhuanchjiezhi	1zhuanchjiezhida		5	179	5	5	[25,26]	2900	162	1	0	0	1	1	0	1	1	50000	1	3500	6	1400	1	7	4	星空之下，唯我独尊，神挡灭神，魔挡诛魔	橙色	1	8	1	1	1	2	8	160
36059	幻·诛魔手镯	1zhuanchshouzhuo	1zhuanchshouzhuoda		5	179	5	3	[25,26]	2900	163	1	0	0	1	1	0	1	1	50000	1	3500	4	1400	1	7	4	星空之下，唯我独尊，神挡灭神，魔挡诛魔	橙色	1	8	1	1	1	2	8	160
36060	二转·圣魂剑	2zhuanziwuqi	2zhuanziwuqida		3	179	3	1	[33,34]	2900	164	1	0	0	2	2	1	0	1	50000	4	5760	6	5760	1	7	2	浴火重生，圣魂重铸	紫色	1	8	1	0	1	2	8	160
36061	二转·圣魂头盔	2zhuanzitoukui	2zhuanzitoukuida		3	179	3	2	[33,34]	2900	165	1	0	0	2	2	1	0	1	50000	1	2160	5	7200	1	7	3	浴火重生，圣魂重铸	紫色	1	8	1	0	1	2	8	160
36062	二转·圣魂铠甲	2zhuanziyifu	2zhuanziyifuda		3	179	3	4	[33,34]	2900	166	1	0	0	2	2	1	0	1	50000	1	2160	7	7200	1	7	3	浴火重生，圣魂重铸	紫色	1	8	1	0	1	2	8	160
36063	二转·圣魂战靴	2zhuanzixuezi	2zhuanzixuezida		3	179	3	6	[33,34]	2900	167	1	0	0	2	2	1	0	1	50000	1	10800	0	0	1	7	3	浴火重生，圣魂重铸	紫色	1	8	1	0	1	2	8	160
36064	二转·圣魂戒指	2zhuanzijiezhi	2zhuanzijiezhida		3	179	3	5	[32]	2900	168	1	0	0	2	2	1	0	1	50000	1	3600	6	1440	1	7	4	浴火重生，圣魂重铸	紫色	1	8	1	0	1	2	8	160
36065	二转·圣魂手镯	2zhuanzishouzu	2zhuanzishouzuda		3	179	3	3	[32]	2900	169	1	0	0	2	2	1	0	1	50000	1	3600	4	1440	1	7	4	浴火重生，圣魂重铸	紫色	1	8	1	0	1	2	8	160
36066	神·圣魂剑	2zhuanhwuqi	2zhuanhwuqida		4	179	4	1	[33,34]	3000	170	1	0	0	2	2	0	0	1	50000	4	6000	6	6000	1	7	2	浴火重生，圣魂重铸	黄色	1	8	1	0	1	2	8	160
36067	神·圣魂头盔	2zhuanhtoukui	2zhuanhtoukuida		4	179	4	2	[33,34]	3000	171	1	0	0	2	2	0	0	1	50000	1	2250	5	7500	1	7	3	浴火重生，圣魂重铸	黄色	1	8	1	0	1	2	8	160
36068	神·圣魂铠甲	2zhuanhyifu	2zhuanhyifuda		4	179	4	4	[33,34]	3000	172	1	0	0	2	2	0	0	1	50000	1	2250	7	7500	1	7	3	浴火重生，圣魂重铸	黄色	1	8	1	0	1	2	8	160
36069	神·圣魂战靴	2zhuanhxueh	2zhuanhxuehda		4	179	4	6	[33,34]	3000	173	1	0	0	2	2	0	0	1	50000	1	11250	0	0	1	7	3	浴火重生，圣魂重铸	黄色	1	8	1	0	1	2	8	160
36070	神·圣魂戒指	2zhuanhjiezhi	2zhuanhjiezhida		4	179	4	5	[32]	3000	174	1	0	0	2	2	0	0	1	50000	1	3750	6	1500	1	7	4	浴火重生，圣魂重铸	黄色	1	8	1	0	1	2	8	160
36071	神·圣魂手镯	2zhuanhshouzu	2zhuanhshouzuda		4	179	4	3	[32]	3000	175	1	0	0	2	2	0	0	1	50000	1	3750	4	1500	1	7	4	浴火重生，圣魂重铸	黄色	1	8	1	0	1	2	8	160
36072	幻·弑天剑	2zhuanchwuqi	2zhuanchwuqida		5	179	5	1	[27,28]	3050	176	1	0	0	2	2	0	0	1	50000	4	6720	6	6720	1	7	2	守望千年，只为一朝迸发，弑天毁地	橙色	1	8	1	1	1	2	8	160
36073	幻·弑天头盔	2zhuanchtoukui	2zhuanchtoukuida		5	179	5	2	[27,28]	3050	177	1	0	0	2	2	0	0	1	50000	1	2520	5	8400	1	7	3	守望千年，只为一朝迸发，弑天毁地	橙色	1	8	1	1	1	2	8	160
36074	幻·弑天铠甲	2zhuanchyifu	2zhuanchyifuda		5	179	5	4	[27,28]	3050	178	1	0	0	2	2	0	0	1	50000	1	2520	7	8400	1	7	3	守望千年，只为一朝迸发，弑天毁地	橙色	1	8	1	1	1	2	8	160
36075	幻·弑天战靴	2zhuanchxuezi	2zhuanchxuezida		5	179	5	6	[27,28]	3050	179	1	0	0	2	2	0	0	1	50000	1	12600	0	0	1	7	3	守望千年，只为一朝迸发，弑天毁地	橙色	1	8	1	1	1	2	8	160
36076	幻·弑天戒指	2zhuanchjiezhi	2zhuanchjiezhida		5	179	5	5	[25,26]	3050	180	1	0	0	2	2	0	0	1	50000	1	4200	6	1680	1	7	4	守望千年，只为一朝迸发，弑天毁地	橙色	1	8	1	1	1	2	8	160
36077	幻·弑天手镯	2zhuanchshouzhuo	2zhuanchshouzhuoda		5	179	5	3	[25,26]	3050	181	1	0	0	2	2	0	0	1	50000	1	4200	4	1680	1	7	4	守望千年，只为一朝迸发，弑天毁地	橙色	1	8	1	1	1	2	8	160
