index	leaveStep	point
索引(对应2048Game表index)	剩余步数	对应积分
1	1	5
1	2	10
1	3	15
1	4	20
1	5	25
1	6	30
1	7	35
1	8	40
1	9	45
1	10	50
1	11	55
1	12	60
1	13	65
1	14	70
1	15	75
1	16	80
1	17	85
1	18	90
1	19	95
1	20	100
1	21	105
1	22	110
1	23	115
1	24	120
1	25	125
1	26	130
1	27	135
1	28	140
1	29	145
1	30	150
1	31	155
1	32	160
1	33	165
1	34	170
1	35	175
1	36	180
1	37	185
1	38	190
1	39	195
1	40	200
1	41	205
1	42	210
1	43	215
1	44	220
1	45	225
1	46	230
1	47	235
1	48	240
1	49	245
1	50	250
1	51	255
1	52	260
1	53	265
1	54	270
1	55	275
1	56	280
1	57	285
1	58	290
1	59	295
1	60	300
1	61	305
1	62	310
1	63	315
1	64	320
1	65	325
1	66	330
1	67	335
1	68	340
1	69	345
1	70	350
1	71	355
1	72	360
1	73	365
1	74	370
1	75	375
1	76	380
1	77	385
1	78	390
1	79	395
1	80	400
1	81	405
1	82	410
1	83	415
1	84	420
1	85	425
1	86	430
1	87	435
1	88	440
1	89	445
1	90	450
1	91	455
1	92	460
1	93	465
1	94	470
1	95	475
1	96	480
1	97	485
1	98	490
1	99	495
1	100	500
1	101	505
1	102	510
1	103	515
1	104	520
1	105	525
1	106	530
1	107	535
1	108	540
1	109	545
1	110	550
1	111	555
1	112	560
1	113	565
1	114	570
1	115	575
1	116	580
1	117	585
1	118	590
1	119	595
1	120	600
1	121	605
1	122	610
1	123	615
1	124	620
1	125	625
1	126	630
1	127	635
1	128	640
1	129	645
1	130	650
1	131	655
1	132	660
1	133	665
1	134	670
1	135	675
1	136	680
1	137	685
1	138	690
1	139	695
1	140	700
1	141	705
1	142	710
1	143	715
1	144	720
1	145	725
1	146	730
1	147	735
1	148	740
1	149	745
1	150	750
1	151	755
1	152	760
1	153	765
1	154	770
1	155	775
1	156	780
1	157	785
1	158	790
1	159	795
1	160	800
1	161	805
1	162	810
1	163	815
1	164	820
1	165	825
1	166	830
1	167	835
1	168	840
1	169	845
1	170	850
1	171	855
1	172	860
1	173	865
1	174	870
1	175	875
2	1	5
2	2	10
2	3	15
2	4	20
2	5	25
2	6	30
2	7	35
2	8	40
2	9	45
2	10	50
2	11	55
2	12	60
2	13	65
2	14	70
2	15	75
2	16	80
2	17	85
2	18	90
2	19	95
2	20	100
2	21	105
2	22	110
2	23	115
2	24	120
2	25	125
2	26	130
2	27	135
2	28	140
2	29	145
2	30	150
2	31	155
2	32	160
2	33	165
2	34	170
2	35	175
2	36	180
2	37	185
2	38	190
2	39	195
2	40	200
2	41	205
2	42	210
2	43	215
2	44	220
2	45	225
2	46	230
2	47	235
2	48	240
2	49	245
2	50	250
2	51	255
2	52	260
2	53	265
2	54	270
2	55	275
2	56	280
2	57	285
2	58	290
2	59	295
2	60	300
2	61	305
2	62	310
2	63	315
2	64	320
2	65	325
2	66	330
2	67	335
2	68	340
2	69	345
2	70	350
2	71	355
2	72	360
2	73	365
2	74	370
2	75	375
2	76	380
2	77	385
2	78	390
2	79	395
2	80	400
2	81	405
2	82	410
2	83	415
2	84	420
2	85	425
2	86	430
2	87	435
2	88	440
2	89	445
2	90	450
2	91	455
2	92	460
2	93	465
2	94	470
2	95	475
2	96	480
2	97	485
2	98	490
2	99	495
2	100	500
2	101	505
2	102	510
2	103	515
2	104	520
2	105	525
2	106	530
2	107	535
2	108	540
2	109	545
2	110	550
2	111	555
2	112	560
2	113	565
2	114	570
2	115	575
2	116	580
2	117	585
2	118	590
2	119	595
2	120	600
2	121	605
2	122	610
2	123	615
2	124	620
2	125	625
2	126	630
2	127	635
2	128	640
2	129	645
2	130	650
2	131	655
2	132	660
2	133	665
2	134	670
2	135	675
2	136	680
2	137	685
2	138	690
2	139	695
2	140	700
2	141	705
2	142	710
2	143	715
2	144	720
2	145	725
2	146	730
2	147	735
2	148	740
2	149	745
2	150	750
2	151	755
2	152	760
2	153	765
2	154	770
2	155	775
2	156	780
2	157	785
2	158	790
2	159	795
2	160	800
2	161	805
2	162	810
2	163	815
2	164	820
2	165	825
2	166	830
2	167	835
2	168	840
2	169	845
2	170	850
2	171	855
2	172	860
2	173	865
2	174	870
2	175	875
3	1	5
3	2	10
3	3	15
3	4	20
3	5	25
3	6	30
3	7	35
3	8	40
3	9	45
3	10	50
3	11	55
3	12	60
3	13	65
3	14	70
3	15	75
3	16	80
3	17	85
3	18	90
3	19	95
3	20	100
3	21	105
3	22	110
3	23	115
3	24	120
3	25	125
3	26	130
3	27	135
3	28	140
3	29	145
3	30	150
3	31	155
3	32	160
3	33	165
3	34	170
3	35	175
3	36	180
3	37	185
3	38	190
3	39	195
3	40	200
3	41	205
3	42	210
3	43	215
3	44	220
3	45	225
3	46	230
3	47	235
3	48	240
3	49	245
3	50	250
3	51	255
3	52	260
3	53	265
3	54	270
3	55	275
3	56	280
3	57	285
3	58	290
3	59	295
3	60	300
3	61	305
3	62	310
3	63	315
3	64	320
3	65	325
3	66	330
3	67	335
3	68	340
3	69	345
3	70	350
3	71	355
3	72	360
3	73	365
3	74	370
3	75	375
3	76	380
3	77	385
3	78	390
3	79	395
3	80	400
3	81	405
3	82	410
3	83	415
3	84	420
3	85	425
3	86	430
3	87	435
3	88	440
3	89	445
3	90	450
3	91	455
3	92	460
3	93	465
3	94	470
3	95	475
3	96	480
3	97	485
3	98	490
3	99	495
3	100	500
3	101	505
3	102	510
3	103	515
3	104	520
3	105	525
3	106	530
3	107	535
3	108	540
3	109	545
3	110	550
3	111	555
3	112	560
3	113	565
3	114	570
3	115	575
3	116	580
3	117	585
3	118	590
3	119	595
3	120	600
3	121	605
3	122	610
3	123	615
3	124	620
3	125	625
3	126	630
3	127	635
3	128	640
3	129	645
3	130	650
3	131	655
3	132	660
3	133	665
3	134	670
3	135	675
3	136	680
3	137	685
3	138	690
3	139	695
3	140	700
3	141	705
3	142	710
3	143	715
3	144	720
3	145	725
3	146	730
3	147	735
3	148	740
3	149	745
3	150	750
3	151	755
3	152	760
3	153	765
3	154	770
3	155	775
3	156	780
3	157	785
3	158	790
3	159	795
3	160	800
3	161	805
3	162	810
3	163	815
3	164	820
3	165	825
3	166	830
3	167	835
3	168	840
3	169	845
3	170	850
3	171	855
3	172	860
3	173	865
3	174	870
3	175	875
4	1	5
4	2	10
4	3	15
4	4	20
4	5	25
4	6	30
4	7	35
4	8	40
4	9	45
4	10	50
4	11	55
4	12	60
4	13	65
4	14	70
4	15	75
4	16	80
4	17	85
4	18	90
4	19	95
4	20	100
4	21	105
4	22	110
4	23	115
4	24	120
4	25	125
4	26	130
4	27	135
4	28	140
4	29	145
4	30	150
4	31	155
4	32	160
4	33	165
4	34	170
4	35	175
4	36	180
4	37	185
4	38	190
4	39	195
4	40	200
4	41	205
4	42	210
4	43	215
4	44	220
4	45	225
4	46	230
4	47	235
4	48	240
4	49	245
4	50	250
4	51	255
4	52	260
4	53	265
4	54	270
4	55	275
4	56	280
4	57	285
4	58	290
4	59	295
4	60	300
4	61	305
4	62	310
4	63	315
4	64	320
4	65	325
4	66	330
4	67	335
4	68	340
4	69	345
4	70	350
4	71	355
4	72	360
4	73	365
4	74	370
4	75	375
4	76	380
4	77	385
4	78	390
4	79	395
4	80	400
4	81	405
4	82	410
4	83	415
4	84	420
4	85	425
4	86	430
4	87	435
4	88	440
4	89	445
4	90	450
4	91	455
4	92	460
4	93	465
4	94	470
4	95	475
4	96	480
4	97	485
4	98	490
4	99	495
4	100	500
4	101	505
4	102	510
4	103	515
4	104	520
4	105	525
4	106	530
4	107	535
4	108	540
4	109	545
4	110	550
4	111	555
4	112	560
4	113	565
4	114	570
4	115	575
4	116	580
4	117	585
4	118	590
4	119	595
4	120	600
4	121	605
4	122	610
4	123	615
4	124	620
4	125	625
4	126	630
4	127	635
4	128	640
4	129	645
4	130	650
4	131	655
4	132	660
4	133	665
4	134	670
4	135	675
4	136	680
4	137	685
4	138	690
4	139	695
4	140	700
4	141	705
4	142	710
4	143	715
4	144	720
4	145	725
4	146	730
4	147	735
4	148	740
4	149	745
4	150	750
4	151	755
4	152	760
4	153	765
4	154	770
4	155	775
4	156	780
4	157	785
4	158	790
4	159	795
4	160	800
4	161	805
4	162	810
4	163	815
4	164	820
4	165	825
4	166	830
4	167	835
4	168	840
4	169	845
4	170	850
4	171	855
4	172	860
4	173	865
4	174	870
4	175	875
4	176	880
4	177	885
4	178	890
4	179	895
4	180	900
4	181	905
4	182	910
4	183	915
4	184	920
4	185	925
4	186	930
4	187	935
4	188	940
4	189	945
4	190	950
4	191	955
4	192	960
4	193	965
4	194	970
4	195	975
4	196	980
4	197	985
4	198	990
4	199	995
4	200	1000
4	201	1005
4	202	1010
4	203	1015
4	204	1020
4	205	1025
4	206	1030
4	207	1035
4	208	1040
4	209	1045
4	210	1050
4	211	1055
4	212	1060
4	213	1065
4	214	1070
4	215	1075
4	216	1080
4	217	1085
4	218	1090
4	219	1095
4	220	1100
4	221	1105
4	222	1110
4	223	1115
4	224	1120
4	225	1125
4	226	1130
4	227	1135
4	228	1140
4	229	1145
4	230	1150
4	231	1155
4	232	1160
4	233	1165
4	234	1170
4	235	1175
4	236	1180
4	237	1185
4	238	1190
4	239	1195
4	240	1200
4	241	1205
4	242	1210
4	243	1215
4	244	1220
4	245	1225
4	246	1230
4	247	1235
4	248	1240
4	249	1245
4	250	1250
4	251	1255
4	252	1260
4	253	1265
4	254	1270
4	255	1275
4	256	1280
4	257	1285
4	258	1290
4	259	1295
4	260	1300
4	261	1305
4	262	1310
4	263	1315
4	264	1320
4	265	1325
4	266	1330
4	267	1335
4	268	1340
4	269	1345
4	270	1350
4	271	1355
4	272	1360
4	273	1365
4	274	1370
4	275	1375
4	276	1380
4	277	1385
4	278	1390
4	279	1395
4	280	1400
4	281	1405
4	282	1410
4	283	1415
4	284	1420
4	285	1425
4	286	1430
4	287	1435
4	288	1440
4	289	1445
4	290	1450
4	291	1455
4	292	1460
4	293	1465
4	294	1470
4	295	1475
4	296	1480
4	297	1485
4	298	1490
4	299	1495
4	300	1500
4	301	1505
4	302	1510
4	303	1515
4	304	1520
4	305	1525
4	306	1530
4	307	1535
4	308	1540
4	309	1545
4	310	1550
4	311	1555
4	312	1560
4	313	1565
4	314	1570
4	315	1575
4	316	1580
4	317	1585
4	318	1590
4	319	1595
4	320	1600
4	321	1605
4	322	1610
4	323	1615
4	324	1620
4	325	1625
4	326	1630
4	327	1635
4	328	1640
4	329	1645
4	330	1650
4	331	1655
4	332	1660
4	333	1665
4	334	1670
4	335	1675
4	336	1680
4	337	1685
4	338	1690
4	339	1695
4	340	1700
4	341	1705
4	342	1710
4	343	1715
4	344	1720
4	345	1725
4	346	1730
4	347	1735
4	348	1740
4	349	1745
4	350	1750
4	351	1755
4	352	1760
4	353	1765
4	354	1770
4	355	1775
4	356	1780
4	357	1785
4	358	1790
4	359	1795
4	360	1800
4	361	1805
4	362	1810
4	363	1815
4	364	1820
4	365	1825
4	366	1830
4	367	1835
4	368	1840
4	369	1845
4	370	1850
4	371	1855
4	372	1860
4	373	1865
4	374	1870
4	375	1875
4	376	1880
4	377	1885
4	378	1890
4	379	1895
4	380	1900
4	381	1905
4	382	1910
4	383	1915
4	384	1920
4	385	1925
4	386	1930
4	387	1935
4	388	1940
4	389	1945
4	390	1950
4	391	1955
4	392	1960
4	393	1965
4	394	1970
4	395	1975
4	396	1980
4	397	1985
4	398	1990
4	399	1995
4	400	2000
4	401	2005
4	402	2010
4	403	2015
4	404	2020
4	405	2025
4	406	2030
4	407	2035
4	408	2040
4	409	2045
4	410	2050
4	411	2055
4	412	2060
4	413	2065
4	414	2070
4	415	2075
4	416	2080
4	417	2085
4	418	2090
4	419	2095
4	420	2100
4	421	2105
4	422	2110
4	423	2115
4	424	2120
4	425	2125
4	426	2130
4	427	2135
4	428	2140
4	429	2145
4	430	2150
4	431	2155
4	432	2160
4	433	2165
4	434	2170
4	435	2175
5	1	5
5	2	10
5	3	15
5	4	20
5	5	25
5	6	30
5	7	35
5	8	40
5	9	45
5	10	50
5	11	55
5	12	60
5	13	65
5	14	70
5	15	75
5	16	80
5	17	85
5	18	90
5	19	95
5	20	100
5	21	105
5	22	110
5	23	115
5	24	120
5	25	125
5	26	130
5	27	135
5	28	140
5	29	145
5	30	150
5	31	155
5	32	160
5	33	165
5	34	170
5	35	175
5	36	180
5	37	185
5	38	190
5	39	195
5	40	200
5	41	205
5	42	210
5	43	215
5	44	220
5	45	225
5	46	230
5	47	235
5	48	240
5	49	245
5	50	250
5	51	255
5	52	260
5	53	265
5	54	270
5	55	275
5	56	280
5	57	285
5	58	290
5	59	295
5	60	300
5	61	305
5	62	310
5	63	315
5	64	320
5	65	325
5	66	330
5	67	335
5	68	340
5	69	345
5	70	350
5	71	355
5	72	360
5	73	365
5	74	370
5	75	375
5	76	380
5	77	385
5	78	390
5	79	395
5	80	400
5	81	405
5	82	410
5	83	415
5	84	420
5	85	425
5	86	430
5	87	435
5	88	440
5	89	445
5	90	450
5	91	455
5	92	460
5	93	465
5	94	470
5	95	475
5	96	480
5	97	485
5	98	490
5	99	495
5	100	500
5	101	505
5	102	510
5	103	515
5	104	520
5	105	525
5	106	530
5	107	535
5	108	540
5	109	545
5	110	550
5	111	555
5	112	560
5	113	565
5	114	570
5	115	575
5	116	580
5	117	585
5	118	590
5	119	595
5	120	600
5	121	605
5	122	610
5	123	615
5	124	620
5	125	625
5	126	630
5	127	635
5	128	640
5	129	645
5	130	650
5	131	655
5	132	660
5	133	665
5	134	670
5	135	675
5	136	680
5	137	685
5	138	690
5	139	695
5	140	700
5	141	705
5	142	710
5	143	715
5	144	720
5	145	725
5	146	730
5	147	735
5	148	740
5	149	745
5	150	750
5	151	755
5	152	760
5	153	765
5	154	770
5	155	775
5	156	780
5	157	785
5	158	790
5	159	795
5	160	800
5	161	805
5	162	810
5	163	815
5	164	820
5	165	825
5	166	830
5	167	835
5	168	840
5	169	845
5	170	850
5	171	855
5	172	860
5	173	865
5	174	870
5	175	875
5	176	880
5	177	885
5	178	890
5	179	895
5	180	900
5	181	905
5	182	910
5	183	915
5	184	920
5	185	925
5	186	930
5	187	935
5	188	940
5	189	945
5	190	950
5	191	955
5	192	960
5	193	965
5	194	970
5	195	975
5	196	980
5	197	985
5	198	990
5	199	995
5	200	1000
5	201	1005
5	202	1010
5	203	1015
5	204	1020
5	205	1025
5	206	1030
5	207	1035
5	208	1040
5	209	1045
5	210	1050
5	211	1055
5	212	1060
5	213	1065
5	214	1070
5	215	1075
5	216	1080
5	217	1085
5	218	1090
5	219	1095
5	220	1100
5	221	1105
5	222	1110
5	223	1115
5	224	1120
5	225	1125
5	226	1130
5	227	1135
5	228	1140
5	229	1145
5	230	1150
5	231	1155
5	232	1160
5	233	1165
5	234	1170
5	235	1175
5	236	1180
5	237	1185
5	238	1190
5	239	1195
5	240	1200
5	241	1205
5	242	1210
5	243	1215
5	244	1220
5	245	1225
5	246	1230
5	247	1235
5	248	1240
5	249	1245
5	250	1250
5	251	1255
5	252	1260
5	253	1265
5	254	1270
5	255	1275
5	256	1280
5	257	1285
5	258	1290
5	259	1295
5	260	1300
5	261	1305
5	262	1310
5	263	1315
5	264	1320
5	265	1325
5	266	1330
5	267	1335
5	268	1340
5	269	1345
5	270	1350
5	271	1355
5	272	1360
5	273	1365
5	274	1370
5	275	1375
5	276	1380
5	277	1385
5	278	1390
5	279	1395
5	280	1400
5	281	1405
5	282	1410
5	283	1415
5	284	1420
5	285	1425
5	286	1430
5	287	1435
5	288	1440
5	289	1445
5	290	1450
5	291	1455
5	292	1460
5	293	1465
5	294	1470
5	295	1475
5	296	1480
5	297	1485
5	298	1490
5	299	1495
5	300	1500
5	301	1505
5	302	1510
5	303	1515
5	304	1520
5	305	1525
5	306	1530
5	307	1535
5	308	1540
5	309	1545
5	310	1550
5	311	1555
5	312	1560
5	313	1565
5	314	1570
5	315	1575
5	316	1580
5	317	1585
5	318	1590
5	319	1595
5	320	1600
5	321	1605
5	322	1610
5	323	1615
5	324	1620
5	325	1625
5	326	1630
5	327	1635
5	328	1640
5	329	1645
5	330	1650
5	331	1655
5	332	1660
5	333	1665
5	334	1670
5	335	1675
5	336	1680
5	337	1685
5	338	1690
5	339	1695
5	340	1700
5	341	1705
5	342	1710
5	343	1715
5	344	1720
5	345	1725
5	346	1730
5	347	1735
5	348	1740
5	349	1745
5	350	1750
5	351	1755
5	352	1760
5	353	1765
5	354	1770
5	355	1775
5	356	1780
5	357	1785
5	358	1790
5	359	1795
5	360	1800
5	361	1805
5	362	1810
5	363	1815
5	364	1820
5	365	1825
5	366	1830
5	367	1835
5	368	1840
5	369	1845
5	370	1850
5	371	1855
5	372	1860
5	373	1865
5	374	1870
5	375	1875
5	376	1880
5	377	1885
5	378	1890
5	379	1895
5	380	1900
5	381	1905
5	382	1910
5	383	1915
5	384	1920
5	385	1925
5	386	1930
5	387	1935
5	388	1940
5	389	1945
5	390	1950
5	391	1955
5	392	1960
5	393	1965
5	394	1970
5	395	1975
5	396	1980
5	397	1985
5	398	1990
5	399	1995
5	400	2000
5	401	2005
5	402	2010
5	403	2015
5	404	2020
5	405	2025
5	406	2030
5	407	2035
5	408	2040
5	409	2045
5	410	2050
5	411	2055
5	412	2060
5	413	2065
5	414	2070
5	415	2075
5	416	2080
5	417	2085
5	418	2090
5	419	2095
5	420	2100
5	421	2105
5	422	2110
5	423	2115
5	424	2120
5	425	2125
5	426	2130
5	427	2135
5	428	2140
5	429	2145
5	430	2150
5	431	2155
5	432	2160
5	433	2165
5	434	2170
5	435	2175
6	1	5
6	2	10
6	3	15
6	4	20
6	5	25
6	6	30
6	7	35
6	8	40
6	9	45
6	10	50
6	11	55
6	12	60
6	13	65
6	14	70
6	15	75
6	16	80
6	17	85
6	18	90
6	19	95
6	20	100
6	21	105
6	22	110
6	23	115
6	24	120
6	25	125
6	26	130
6	27	135
6	28	140
6	29	145
6	30	150
6	31	155
6	32	160
6	33	165
6	34	170
6	35	175
6	36	180
6	37	185
6	38	190
6	39	195
6	40	200
6	41	205
6	42	210
6	43	215
6	44	220
6	45	225
6	46	230
6	47	235
6	48	240
6	49	245
6	50	250
6	51	255
6	52	260
6	53	265
6	54	270
6	55	275
6	56	280
6	57	285
6	58	290
6	59	295
6	60	300
6	61	305
6	62	310
6	63	315
6	64	320
6	65	325
6	66	330
6	67	335
6	68	340
6	69	345
6	70	350
6	71	355
6	72	360
6	73	365
6	74	370
6	75	375
6	76	380
6	77	385
6	78	390
6	79	395
6	80	400
6	81	405
6	82	410
6	83	415
6	84	420
6	85	425
6	86	430
6	87	435
6	88	440
6	89	445
6	90	450
6	91	455
6	92	460
6	93	465
6	94	470
6	95	475
6	96	480
6	97	485
6	98	490
6	99	495
6	100	500
6	101	505
6	102	510
6	103	515
6	104	520
6	105	525
6	106	530
6	107	535
6	108	540
6	109	545
6	110	550
6	111	555
6	112	560
6	113	565
6	114	570
6	115	575
6	116	580
6	117	585
6	118	590
6	119	595
6	120	600
6	121	605
6	122	610
6	123	615
6	124	620
6	125	625
6	126	630
6	127	635
6	128	640
6	129	645
6	130	650
6	131	655
6	132	660
6	133	665
6	134	670
6	135	675
6	136	680
6	137	685
6	138	690
6	139	695
6	140	700
6	141	705
6	142	710
6	143	715
6	144	720
6	145	725
6	146	730
6	147	735
6	148	740
6	149	745
6	150	750
6	151	755
6	152	760
6	153	765
6	154	770
6	155	775
6	156	780
6	157	785
6	158	790
6	159	795
6	160	800
6	161	805
6	162	810
6	163	815
6	164	820
6	165	825
6	166	830
6	167	835
6	168	840
6	169	845
6	170	850
6	171	855
6	172	860
6	173	865
6	174	870
6	175	875
6	176	880
6	177	885
6	178	890
6	179	895
6	180	900
6	181	905
6	182	910
6	183	915
6	184	920
6	185	925
6	186	930
6	187	935
6	188	940
6	189	945
6	190	950
6	191	955
6	192	960
6	193	965
6	194	970
6	195	975
6	196	980
6	197	985
6	198	990
6	199	995
6	200	1000
6	201	1005
6	202	1010
6	203	1015
6	204	1020
6	205	1025
6	206	1030
6	207	1035
6	208	1040
6	209	1045
6	210	1050
6	211	1055
6	212	1060
6	213	1065
6	214	1070
6	215	1075
6	216	1080
6	217	1085
6	218	1090
6	219	1095
6	220	1100
6	221	1105
6	222	1110
6	223	1115
6	224	1120
6	225	1125
6	226	1130
6	227	1135
6	228	1140
6	229	1145
6	230	1150
6	231	1155
6	232	1160
6	233	1165
6	234	1170
6	235	1175
6	236	1180
6	237	1185
6	238	1190
6	239	1195
6	240	1200
6	241	1205
6	242	1210
6	243	1215
6	244	1220
6	245	1225
6	246	1230
6	247	1235
6	248	1240
6	249	1245
6	250	1250
6	251	1255
6	252	1260
6	253	1265
6	254	1270
6	255	1275
6	256	1280
6	257	1285
6	258	1290
6	259	1295
6	260	1300
6	261	1305
6	262	1310
6	263	1315
6	264	1320
6	265	1325
6	266	1330
6	267	1335
6	268	1340
6	269	1345
6	270	1350
6	271	1355
6	272	1360
6	273	1365
6	274	1370
6	275	1375
6	276	1380
6	277	1385
6	278	1390
6	279	1395
6	280	1400
6	281	1405
6	282	1410
6	283	1415
6	284	1420
6	285	1425
6	286	1430
6	287	1435
6	288	1440
6	289	1445
6	290	1450
6	291	1455
6	292	1460
6	293	1465
6	294	1470
6	295	1475
6	296	1480
6	297	1485
6	298	1490
6	299	1495
6	300	1500
6	301	1505
6	302	1510
6	303	1515
6	304	1520
6	305	1525
6	306	1530
6	307	1535
6	308	1540
6	309	1545
6	310	1550
6	311	1555
6	312	1560
6	313	1565
6	314	1570
6	315	1575
6	316	1580
6	317	1585
6	318	1590
6	319	1595
6	320	1600
6	321	1605
6	322	1610
6	323	1615
6	324	1620
6	325	1625
6	326	1630
6	327	1635
6	328	1640
6	329	1645
6	330	1650
6	331	1655
6	332	1660
6	333	1665
6	334	1670
6	335	1675
6	336	1680
6	337	1685
6	338	1690
6	339	1695
6	340	1700
6	341	1705
6	342	1710
6	343	1715
6	344	1720
6	345	1725
6	346	1730
6	347	1735
6	348	1740
6	349	1745
6	350	1750
6	351	1755
6	352	1760
6	353	1765
6	354	1770
6	355	1775
6	356	1780
6	357	1785
6	358	1790
6	359	1795
6	360	1800
6	361	1805
6	362	1810
6	363	1815
6	364	1820
6	365	1825
6	366	1830
6	367	1835
6	368	1840
6	369	1845
6	370	1850
6	371	1855
6	372	1860
6	373	1865
6	374	1870
6	375	1875
6	376	1880
6	377	1885
6	378	1890
6	379	1895
6	380	1900
6	381	1905
6	382	1910
6	383	1915
6	384	1920
6	385	1925
6	386	1930
6	387	1935
6	388	1940
6	389	1945
6	390	1950
6	391	1955
6	392	1960
6	393	1965
6	394	1970
6	395	1975
6	396	1980
6	397	1985
6	398	1990
6	399	1995
6	400	2000
6	401	2005
6	402	2010
6	403	2015
6	404	2020
6	405	2025
6	406	2030
6	407	2035
6	408	2040
6	409	2045
6	410	2050
6	411	2055
6	412	2060
6	413	2065
6	414	2070
6	415	2075
6	416	2080
6	417	2085
6	418	2090
6	419	2095
6	420	2100
6	421	2105
6	422	2110
6	423	2115
6	424	2120
6	425	2125
6	426	2130
6	427	2135
6	428	2140
6	429	2145
6	430	2150
6	431	2155
6	432	2160
6	433	2165
6	434	2170
6	435	2175
7	1	5
7	2	10
7	3	15
7	4	20
7	5	25
7	6	30
7	7	35
7	8	40
7	9	45
7	10	50
7	11	55
7	12	60
7	13	65
7	14	70
7	15	75
7	16	80
7	17	85
7	18	90
7	19	95
7	20	100
7	21	105
7	22	110
7	23	115
7	24	120
7	25	125
7	26	130
7	27	135
7	28	140
7	29	145
7	30	150
7	31	155
7	32	160
7	33	165
7	34	170
7	35	175
7	36	180
7	37	185
7	38	190
7	39	195
7	40	200
7	41	205
7	42	210
7	43	215
7	44	220
7	45	225
7	46	230
7	47	235
7	48	240
7	49	245
7	50	250
7	51	255
7	52	260
7	53	265
7	54	270
7	55	275
7	56	280
7	57	285
7	58	290
7	59	295
7	60	300
7	61	305
7	62	310
7	63	315
7	64	320
7	65	325
7	66	330
7	67	335
7	68	340
7	69	345
7	70	350
7	71	355
7	72	360
7	73	365
7	74	370
7	75	375
7	76	380
7	77	385
7	78	390
7	79	395
7	80	400
7	81	405
7	82	410
7	83	415
7	84	420
7	85	425
7	86	430
7	87	435
7	88	440
7	89	445
7	90	450
7	91	455
7	92	460
7	93	465
7	94	470
7	95	475
7	96	480
7	97	485
7	98	490
7	99	495
7	100	500
7	101	505
7	102	510
7	103	515
7	104	520
7	105	525
7	106	530
7	107	535
7	108	540
7	109	545
7	110	550
7	111	555
7	112	560
7	113	565
7	114	570
7	115	575
7	116	580
7	117	585
7	118	590
7	119	595
7	120	600
7	121	605
7	122	610
7	123	615
7	124	620
7	125	625
7	126	630
7	127	635
7	128	640
7	129	645
7	130	650
7	131	655
7	132	660
7	133	665
7	134	670
7	135	675
7	136	680
7	137	685
7	138	690
7	139	695
7	140	700
7	141	705
7	142	710
7	143	715
7	144	720
7	145	725
7	146	730
7	147	735
7	148	740
7	149	745
7	150	750
7	151	755
7	152	760
7	153	765
7	154	770
7	155	775
7	156	780
7	157	785
7	158	790
7	159	795
7	160	800
7	161	805
7	162	810
7	163	815
7	164	820
7	165	825
7	166	830
7	167	835
7	168	840
7	169	845
7	170	850
7	171	855
7	172	860
7	173	865
7	174	870
7	175	875
7	176	880
7	177	885
7	178	890
7	179	895
7	180	900
7	181	905
7	182	910
7	183	915
7	184	920
7	185	925
7	186	930
7	187	935
7	188	940
7	189	945
7	190	950
7	191	955
7	192	960
7	193	965
7	194	970
7	195	975
7	196	980
7	197	985
7	198	990
7	199	995
7	200	1000
7	201	1005
7	202	1010
7	203	1015
7	204	1020
7	205	1025
7	206	1030
7	207	1035
7	208	1040
7	209	1045
7	210	1050
7	211	1055
7	212	1060
7	213	1065
7	214	1070
7	215	1075
7	216	1080
7	217	1085
7	218	1090
7	219	1095
7	220	1100
7	221	1105
7	222	1110
7	223	1115
7	224	1120
7	225	1125
7	226	1130
7	227	1135
7	228	1140
7	229	1145
7	230	1150
7	231	1155
7	232	1160
7	233	1165
7	234	1170
7	235	1175
7	236	1180
7	237	1185
7	238	1190
7	239	1195
7	240	1200
7	241	1205
7	242	1210
7	243	1215
7	244	1220
7	245	1225
7	246	1230
7	247	1235
7	248	1240
7	249	1245
7	250	1250
7	251	1255
7	252	1260
7	253	1265
7	254	1270
7	255	1275
7	256	1280
7	257	1285
7	258	1290
7	259	1295
7	260	1300
7	261	1305
7	262	1310
7	263	1315
7	264	1320
7	265	1325
7	266	1330
7	267	1335
7	268	1340
7	269	1345
7	270	1350
7	271	1355
7	272	1360
7	273	1365
7	274	1370
7	275	1375
7	276	1380
7	277	1385
7	278	1390
7	279	1395
7	280	1400
7	281	1405
7	282	1410
7	283	1415
7	284	1420
7	285	1425
7	286	1430
7	287	1435
7	288	1440
7	289	1445
7	290	1450
7	291	1455
7	292	1460
7	293	1465
7	294	1470
7	295	1475
7	296	1480
7	297	1485
7	298	1490
7	299	1495
7	300	1500
7	301	1505
7	302	1510
7	303	1515
7	304	1520
7	305	1525
7	306	1530
7	307	1535
7	308	1540
7	309	1545
7	310	1550
7	311	1555
7	312	1560
7	313	1565
7	314	1570
7	315	1575
7	316	1580
7	317	1585
7	318	1590
7	319	1595
7	320	1600
7	321	1605
7	322	1610
7	323	1615
7	324	1620
7	325	1625
7	326	1630
7	327	1635
7	328	1640
7	329	1645
7	330	1650
7	331	1655
7	332	1660
7	333	1665
7	334	1670
7	335	1675
7	336	1680
7	337	1685
7	338	1690
7	339	1695
7	340	1700
7	341	1705
7	342	1710
7	343	1715
7	344	1720
7	345	1725
7	346	1730
7	347	1735
7	348	1740
7	349	1745
7	350	1750
7	351	1755
7	352	1760
7	353	1765
7	354	1770
7	355	1775
7	356	1780
7	357	1785
7	358	1790
7	359	1795
7	360	1800
7	361	1805
7	362	1810
7	363	1815
7	364	1820
7	365	1825
7	366	1830
7	367	1835
7	368	1840
7	369	1845
7	370	1850
7	371	1855
7	372	1860
7	373	1865
7	374	1870
7	375	1875
7	376	1880
7	377	1885
7	378	1890
7	379	1895
7	380	1900
7	381	1905
7	382	1910
7	383	1915
7	384	1920
7	385	1925
7	386	1930
7	387	1935
7	388	1940
7	389	1945
7	390	1950
7	391	1955
7	392	1960
7	393	1965
7	394	1970
7	395	1975
7	396	1980
7	397	1985
7	398	1990
7	399	1995
7	400	2000
7	401	2005
7	402	2010
7	403	2015
7	404	2020
7	405	2025
7	406	2030
7	407	2035
7	408	2040
7	409	2045
7	410	2050
7	411	2055
7	412	2060
7	413	2065
7	414	2070
7	415	2075
7	416	2080
7	417	2085
7	418	2090
7	419	2095
7	420	2100
7	421	2105
7	422	2110
7	423	2115
7	424	2120
7	425	2125
7	426	2130
7	427	2135
7	428	2140
7	429	2145
7	430	2150
7	431	2155
7	432	2160
7	433	2165
7	434	2170
7	435	2175
7	436	2180
7	437	2185
7	438	2190
7	439	2195
7	440	2200
7	441	2205
7	442	2210
7	443	2215
7	444	2220
7	445	2225
7	446	2230
7	447	2235
7	448	2240
7	449	2245
7	450	2250
7	451	2255
7	452	2260
7	453	2265
7	454	2270
7	455	2275
7	456	2280
7	457	2285
7	458	2290
7	459	2295
7	460	2300
7	461	2305
7	462	2310
7	463	2315
7	464	2320
7	465	2325
7	466	2330
7	467	2335
7	468	2340
7	469	2345
7	470	2350
7	471	2355
7	472	2360
7	473	2365
7	474	2370
7	475	2375
7	476	2380
7	477	2385
7	478	2390
7	479	2395
7	480	2400
7	481	2405
7	482	2410
7	483	2415
7	484	2420
7	485	2425
7	486	2430
7	487	2435
7	488	2440
7	489	2445
7	490	2450
7	491	2455
7	492	2460
7	493	2465
7	494	2470
7	495	2475
7	496	2480
7	497	2485
7	498	2490
7	499	2495
7	500	2500
7	501	2505
7	502	2510
7	503	2515
7	504	2520
7	505	2525
7	506	2530
7	507	2535
7	508	2540
7	509	2545
7	510	2550
7	511	2555
7	512	2560
7	513	2565
7	514	2570
7	515	2575
7	516	2580
7	517	2585
7	518	2590
7	519	2595
7	520	2600
7	521	2605
7	522	2610
7	523	2615
7	524	2620
7	525	2625
7	526	2630
7	527	2635
7	528	2640
7	529	2645
7	530	2650
7	531	2655
7	532	2660
7	533	2665
7	534	2670
7	535	2675
7	536	2680
7	537	2685
7	538	2690
7	539	2695
7	540	2700
7	541	2705
7	542	2710
7	543	2715
7	544	2720
7	545	2725
7	546	2730
7	547	2735
7	548	2740
7	549	2745
7	550	2750
7	551	2755
7	552	2760
7	553	2765
7	554	2770
7	555	2775
7	556	2780
7	557	2785
7	558	2790
7	559	2795
7	560	2800
7	561	2805
7	562	2810
7	563	2815
7	564	2820
7	565	2825
7	566	2830
7	567	2835
7	568	2840
7	569	2845
7	570	2850
7	571	2855
7	572	2860
7	573	2865
7	574	2870
7	575	2875
7	576	2880
7	577	2885
7	578	2890
7	579	2895
7	580	2900
7	581	2905
7	582	2910
7	583	2915
7	584	2920
7	585	2925
7	586	2930
7	587	2935
7	588	2940
7	589	2945
7	590	2950
7	591	2955
7	592	2960
7	593	2965
7	594	2970
7	595	2975
7	596	2980
7	597	2985
7	598	2990
7	599	2995
7	600	3000
7	601	3005
7	602	3010
7	603	3015
7	604	3020
7	605	3025
7	606	3030
7	607	3035
7	608	3040
7	609	3045
7	610	3050
7	611	3055
7	612	3060
7	613	3065
7	614	3070
7	615	3075
7	616	3080
7	617	3085
7	618	3090
7	619	3095
7	620	3100
7	621	3105
7	622	3110
7	623	3115
7	624	3120
7	625	3125
7	626	3130
7	627	3135
7	628	3140
7	629	3145
7	630	3150
7	631	3155
7	632	3160
7	633	3165
7	634	3170
7	635	3175
7	636	3180
7	637	3185
7	638	3190
7	639	3195
7	640	3200
7	641	3205
7	642	3210
7	643	3215
7	644	3220
7	645	3225
7	646	3230
7	647	3235
7	648	3240
7	649	3245
7	650	3250
7	651	3255
7	652	3260
7	653	3265
7	654	3270
7	655	3275
7	656	3280
7	657	3285
7	658	3290
7	659	3295
7	660	3300
7	661	3305
7	662	3310
7	663	3315
7	664	3320
7	665	3325
7	666	3330
7	667	3335
7	668	3340
7	669	3345
7	670	3350
7	671	3355
7	672	3360
7	673	3365
7	674	3370
7	675	3375
7	676	3380
7	677	3385
7	678	3390
7	679	3395
7	680	3400
7	681	3405
7	682	3410
7	683	3415
7	684	3420
7	685	3425
7	686	3430
7	687	3435
7	688	3440
7	689	3445
7	690	3450
7	691	3455
7	692	3460
7	693	3465
7	694	3470
7	695	3475
7	696	3480
7	697	3485
7	698	3490
7	699	3495
7	700	3500
7	701	3505
7	702	3510
7	703	3515
7	704	3520
7	705	3525
7	706	3530
7	707	3535
7	708	3540
7	709	3545
7	710	3550
7	711	3555
7	712	3560
7	713	3565
7	714	3570
7	715	3575
7	716	3580
7	717	3585
7	718	3590
7	719	3595
7	720	3600
7	721	3605
7	722	3610
7	723	3615
7	724	3620
7	725	3625
7	726	3630
7	727	3635
7	728	3640
7	729	3645
7	730	3650
7	731	3655
7	732	3660
7	733	3665
7	734	3670
7	735	3675
7	736	3680
7	737	3685
7	738	3690
7	739	3695
7	740	3700
7	741	3705
7	742	3710
7	743	3715
7	744	3720
7	745	3725
7	746	3730
7	747	3735
7	748	3740
7	749	3745
7	750	3750
7	751	3755
7	752	3760
7	753	3765
7	754	3770
7	755	3775
7	756	3780
7	757	3785
7	758	3790
7	759	3795
7	760	3800
7	761	3805
7	762	3810
7	763	3815
7	764	3820
7	765	3825
7	766	3830
7	767	3835
7	768	3840
7	769	3845
7	770	3850
7	771	3855
7	772	3860
7	773	3865
7	774	3870
7	775	3875
7	776	3880
7	777	3885
7	778	3890
7	779	3895
7	780	3900
7	781	3905
7	782	3910
7	783	3915
7	784	3920
7	785	3925
7	786	3930
7	787	3935
7	788	3940
7	789	3945
7	790	3950
7	791	3955
7	792	3960
7	793	3965
7	794	3970
7	795	3975
7	796	3980
7	797	3985
7	798	3990
7	799	3995
7	800	4000
7	801	4005
7	802	4010
7	803	4015
7	804	4020
7	805	4025
7	806	4030
7	807	4035
7	808	4040
7	809	4045
7	810	4050
7	811	4055
7	812	4060
7	813	4065
7	814	4070
7	815	4075
7	816	4080
7	817	4085
7	818	4090
7	819	4095
7	820	4100
7	821	4105
7	822	4110
7	823	4115
7	824	4120
7	825	4125
7	826	4130
7	827	4135
7	828	4140
7	829	4145
7	830	4150
7	831	4155
7	832	4160
7	833	4165
7	834	4170
7	835	4175
7	836	4180
7	837	4185
7	838	4190
7	839	4195
7	840	4200
7	841	4205
7	842	4210
7	843	4215
7	844	4220
7	845	4225
7	846	4230
7	847	4235
7	848	4240
7	849	4245
7	850	4250
7	851	4255
7	852	4260
7	853	4265
7	854	4270
7	855	4275
7	856	4280
7	857	4285
7	858	4290
7	859	4295
7	860	4300
7	861	4305
7	862	4310
7	863	4315
7	864	4320
7	865	4325
7	866	4330
7	867	4335
7	868	4340
7	869	4345
7	870	4350
7	871	4355
7	872	4360
7	873	4365
7	874	4370
7	875	4375
7	876	4380
7	877	4385
7	878	4390
7	879	4395
7	880	4400
7	881	4405
7	882	4410
7	883	4415
7	884	4420
7	885	4425
7	886	4430
7	887	4435
7	888	4440
7	889	4445
7	890	4450
7	891	4455
7	892	4460
7	893	4465
7	894	4470
7	895	4475
7	896	4480
7	897	4485
7	898	4490
7	899	4495
7	900	4500
7	901	4505
7	902	4510
7	903	4515
7	904	4520
7	905	4525
7	906	4530
7	907	4535
7	908	4540
7	909	4545
7	910	4550
7	911	4555
7	912	4560
7	913	4565
7	914	4570
7	915	4575
7	916	4580
7	917	4585
7	918	4590
7	919	4595
7	920	4600
7	921	4605
7	922	4610
7	923	4615
7	924	4620
7	925	4625
7	926	4630
7	927	4635
7	928	4640
7	929	4645
7	930	4650
7	931	4655
7	932	4660
7	933	4665
7	934	4670
7	935	4675
7	936	4680
7	937	4685
7	938	4690
7	939	4695
7	940	4700
7	941	4705
7	942	4710
7	943	4715
7	944	4720
7	945	4725
7	946	4730
7	947	4735
7	948	4740
7	949	4745
7	950	4750
7	951	4755
7	952	4760
7	953	4765
7	954	4770
7	955	4775
7	956	4780
7	957	4785
7	958	4790
7	959	4795
7	960	4800
7	961	4805
7	962	4810
7	963	4815
7	964	4820
7	965	4825
7	966	4830
7	967	4835
7	968	4840
7	969	4845
7	970	4850
7	971	4855
7	972	4860
7	973	4865
7	974	4870
7	975	4875
7	976	4880
7	977	4885
7	978	4890
7	979	4895
7	980	4900
7	981	4905
7	982	4910
7	983	4915
7	984	4920
7	985	4925
7	986	4930
7	987	4935
7	988	4940
7	989	4945
7	990	4950
7	991	4955
7	992	4960
7	993	4965
7	994	4970
7	995	4975
7	996	4980
7	997	4985
7	998	4990
7	999	4995
7	1000	5000
7	1001	5005
7	1002	5010
7	1003	5015
7	1004	5020
7	1005	5025
7	1006	5030
7	1007	5035
7	1008	5040
7	1009	5045
7	1010	5050
7	1011	5055
7	1012	5060
7	1013	5065
7	1014	5070
7	1015	5075
7	1016	5080
7	1017	5085
7	1018	5090
7	1019	5095
7	1020	5100
7	1021	5105
7	1022	5110
7	1023	5115
7	1024	5120
7	1025	5125
7	1026	5130
7	1027	5135
7	1028	5140
7	1029	5145
7	1030	5150
7	1031	5155
7	1032	5160
7	1033	5165
7	1034	5170
7	1035	5175
7	1036	5180
7	1037	5185
7	1038	5190
7	1039	5195
7	1040	5200
7	1041	5205
7	1042	5210
7	1043	5215
7	1044	5220
7	1045	5225
7	1046	5230
7	1047	5235
7	1048	5240
7	1049	5245
7	1050	5250
7	1051	5255
7	1052	5260
7	1053	5265
7	1054	5270
7	1055	5275
7	1056	5280
7	1057	5285
7	1058	5290
7	1059	5295
7	1060	5300
7	1061	5305
7	1062	5310
7	1063	5315
7	1064	5320
7	1065	5325
7	1066	5330
7	1067	5335
7	1068	5340
7	1069	5345
7	1070	5350
7	1071	5355
7	1072	5360
7	1073	5365
7	1074	5370
7	1075	5375
7	1076	5380
7	1077	5385
7	1078	5390
7	1079	5395
7	1080	5400
7	1081	5405
7	1082	5410
7	1083	5415
7	1084	5420
7	1085	5425
7	1086	5430
7	1087	5435
7	1088	5440
7	1089	5445
7	1090	5450
7	1091	5455
7	1092	5460
7	1093	5465
7	1094	5470
7	1095	5475
7	1096	5480
7	1097	5485
7	1098	5490
7	1099	5495
7	1100	5500
7	1101	5505
7	1102	5510
7	1103	5515
7	1104	5520
7	1105	5525
7	1106	5530
7	1107	5535
7	1108	5540
7	1109	5545
7	1110	5550
7	1111	5555
7	1112	5560
7	1113	5565
7	1114	5570
7	1115	5575
7	1116	5580
7	1117	5585
7	1118	5590
7	1119	5595
7	1120	5600
7	1121	5605
7	1122	5610
7	1123	5615
7	1124	5620
7	1125	5625
7	1126	5630
7	1127	5635
7	1128	5640
7	1129	5645
7	1130	5650
7	1131	5655
7	1132	5660
7	1133	5665
7	1134	5670
7	1135	5675
7	1136	5680
7	1137	5685
7	1138	5690
7	1139	5695
7	1140	5700
7	1141	5705
7	1142	5710
7	1143	5715
7	1144	5720
7	1145	5725
7	1146	5730
7	1147	5735
7	1148	5740
7	1149	5745
7	1150	5750
7	1151	5755
7	1152	5760
7	1153	5765
7	1154	5770
7	1155	5775
7	1156	5780
7	1157	5785
7	1158	5790
7	1159	5795
7	1160	5800
7	1161	5805
7	1162	5810
7	1163	5815
7	1164	5820
7	1165	5825
7	1166	5830
7	1167	5835
7	1168	5840
7	1169	5845
7	1170	5850
7	1171	5855
7	1172	5860
7	1173	5865
7	1174	5870
7	1175	5875
7	1176	5880
7	1177	5885
7	1178	5890
7	1179	5895
7	1180	5900
7	1181	5905
7	1182	5910
7	1183	5915
7	1184	5920
7	1185	5925
7	1186	5930
7	1187	5935
7	1188	5940
7	1189	5945
7	1190	5950
7	1191	5955
7	1192	5960
7	1193	5965
7	1194	5970
7	1195	5975
7	1196	5980
7	1197	5985
7	1198	5990
7	1199	5995
7	1200	6000
7	1201	6005
7	1202	6010
7	1203	6015
7	1204	6020
7	1205	6025
7	1206	6030
7	1207	6035
7	1208	6040
7	1209	6045
7	1210	6050
7	1211	6055
7	1212	6060
7	1213	6065
7	1214	6070
7	1215	6075
7	1216	6080
7	1217	6085
7	1218	6090
7	1219	6095
7	1220	6100
7	1221	6105
7	1222	6110
7	1223	6115
7	1224	6120
7	1225	6125
7	1226	6130
7	1227	6135
7	1228	6140
7	1229	6145
7	1230	6150
7	1231	6155
7	1232	6160
7	1233	6165
7	1234	6170
7	1235	6175
7	1236	6180
7	1237	6185
7	1238	6190
7	1239	6195
7	1240	6200
7	1241	6205
7	1242	6210
7	1243	6215
7	1244	6220
7	1245	6225
7	1246	6230
7	1247	6235
7	1248	6240
7	1249	6245
7	1250	6250
8	1	5
8	2	10
8	3	15
8	4	20
8	5	25
8	6	30
8	7	35
8	8	40
8	9	45
8	10	50
8	11	55
8	12	60
8	13	65
8	14	70
8	15	75
8	16	80
8	17	85
8	18	90
8	19	95
8	20	100
8	21	105
8	22	110
8	23	115
8	24	120
8	25	125
8	26	130
8	27	135
8	28	140
8	29	145
8	30	150
8	31	155
8	32	160
8	33	165
8	34	170
8	35	175
8	36	180
8	37	185
8	38	190
8	39	195
8	40	200
8	41	205
8	42	210
8	43	215
8	44	220
8	45	225
8	46	230
8	47	235
8	48	240
8	49	245
8	50	250
8	51	255
8	52	260
8	53	265
8	54	270
8	55	275
8	56	280
8	57	285
8	58	290
8	59	295
8	60	300
8	61	305
8	62	310
8	63	315
8	64	320
8	65	325
8	66	330
8	67	335
8	68	340
8	69	345
8	70	350
8	71	355
8	72	360
8	73	365
8	74	370
8	75	375
8	76	380
8	77	385
8	78	390
8	79	395
8	80	400
8	81	405
8	82	410
8	83	415
8	84	420
8	85	425
8	86	430
8	87	435
8	88	440
8	89	445
8	90	450
8	91	455
8	92	460
8	93	465
8	94	470
8	95	475
8	96	480
8	97	485
8	98	490
8	99	495
8	100	500
8	101	505
8	102	510
8	103	515
8	104	520
8	105	525
8	106	530
8	107	535
8	108	540
8	109	545
8	110	550
8	111	555
8	112	560
8	113	565
8	114	570
8	115	575
8	116	580
8	117	585
8	118	590
8	119	595
8	120	600
8	121	605
8	122	610
8	123	615
8	124	620
8	125	625
8	126	630
8	127	635
8	128	640
8	129	645
8	130	650
8	131	655
8	132	660
8	133	665
8	134	670
8	135	675
8	136	680
8	137	685
8	138	690
8	139	695
8	140	700
8	141	705
8	142	710
8	143	715
8	144	720
8	145	725
8	146	730
8	147	735
8	148	740
8	149	745
8	150	750
8	151	755
8	152	760
8	153	765
8	154	770
8	155	775
8	156	780
8	157	785
8	158	790
8	159	795
8	160	800
8	161	805
8	162	810
8	163	815
8	164	820
8	165	825
8	166	830
8	167	835
8	168	840
8	169	845
8	170	850
8	171	855
8	172	860
8	173	865
8	174	870
8	175	875
8	176	880
8	177	885
8	178	890
8	179	895
8	180	900
8	181	905
8	182	910
8	183	915
8	184	920
8	185	925
8	186	930
8	187	935
8	188	940
8	189	945
8	190	950
8	191	955
8	192	960
8	193	965
8	194	970
8	195	975
8	196	980
8	197	985
8	198	990
8	199	995
8	200	1000
8	201	1005
8	202	1010
8	203	1015
8	204	1020
8	205	1025
8	206	1030
8	207	1035
8	208	1040
8	209	1045
8	210	1050
8	211	1055
8	212	1060
8	213	1065
8	214	1070
8	215	1075
8	216	1080
8	217	1085
8	218	1090
8	219	1095
8	220	1100
8	221	1105
8	222	1110
8	223	1115
8	224	1120
8	225	1125
8	226	1130
8	227	1135
8	228	1140
8	229	1145
8	230	1150
8	231	1155
8	232	1160
8	233	1165
8	234	1170
8	235	1175
8	236	1180
8	237	1185
8	238	1190
8	239	1195
8	240	1200
8	241	1205
8	242	1210
8	243	1215
8	244	1220
8	245	1225
8	246	1230
8	247	1235
8	248	1240
8	249	1245
8	250	1250
8	251	1255
8	252	1260
8	253	1265
8	254	1270
8	255	1275
8	256	1280
8	257	1285
8	258	1290
8	259	1295
8	260	1300
8	261	1305
8	262	1310
8	263	1315
8	264	1320
8	265	1325
8	266	1330
8	267	1335
8	268	1340
8	269	1345
8	270	1350
8	271	1355
8	272	1360
8	273	1365
8	274	1370
8	275	1375
8	276	1380
8	277	1385
8	278	1390
8	279	1395
8	280	1400
8	281	1405
8	282	1410
8	283	1415
8	284	1420
8	285	1425
8	286	1430
8	287	1435
8	288	1440
8	289	1445
8	290	1450
8	291	1455
8	292	1460
8	293	1465
8	294	1470
8	295	1475
8	296	1480
8	297	1485
8	298	1490
8	299	1495
8	300	1500
8	301	1505
8	302	1510
8	303	1515
8	304	1520
8	305	1525
8	306	1530
8	307	1535
8	308	1540
8	309	1545
8	310	1550
8	311	1555
8	312	1560
8	313	1565
8	314	1570
8	315	1575
8	316	1580
8	317	1585
8	318	1590
8	319	1595
8	320	1600
8	321	1605
8	322	1610
8	323	1615
8	324	1620
8	325	1625
8	326	1630
8	327	1635
8	328	1640
8	329	1645
8	330	1650
8	331	1655
8	332	1660
8	333	1665
8	334	1670
8	335	1675
8	336	1680
8	337	1685
8	338	1690
8	339	1695
8	340	1700
8	341	1705
8	342	1710
8	343	1715
8	344	1720
8	345	1725
8	346	1730
8	347	1735
8	348	1740
8	349	1745
8	350	1750
8	351	1755
8	352	1760
8	353	1765
8	354	1770
8	355	1775
8	356	1780
8	357	1785
8	358	1790
8	359	1795
8	360	1800
8	361	1805
8	362	1810
8	363	1815
8	364	1820
8	365	1825
8	366	1830
8	367	1835
8	368	1840
8	369	1845
8	370	1850
8	371	1855
8	372	1860
8	373	1865
8	374	1870
8	375	1875
8	376	1880
8	377	1885
8	378	1890
8	379	1895
8	380	1900
8	381	1905
8	382	1910
8	383	1915
8	384	1920
8	385	1925
8	386	1930
8	387	1935
8	388	1940
8	389	1945
8	390	1950
8	391	1955
8	392	1960
8	393	1965
8	394	1970
8	395	1975
8	396	1980
8	397	1985
8	398	1990
8	399	1995
8	400	2000
8	401	2005
8	402	2010
8	403	2015
8	404	2020
8	405	2025
8	406	2030
8	407	2035
8	408	2040
8	409	2045
8	410	2050
8	411	2055
8	412	2060
8	413	2065
8	414	2070
8	415	2075
8	416	2080
8	417	2085
8	418	2090
8	419	2095
8	420	2100
8	421	2105
8	422	2110
8	423	2115
8	424	2120
8	425	2125
8	426	2130
8	427	2135
8	428	2140
8	429	2145
8	430	2150
8	431	2155
8	432	2160
8	433	2165
8	434	2170
8	435	2175
8	436	2180
8	437	2185
8	438	2190
8	439	2195
8	440	2200
8	441	2205
8	442	2210
8	443	2215
8	444	2220
8	445	2225
8	446	2230
8	447	2235
8	448	2240
8	449	2245
8	450	2250
8	451	2255
8	452	2260
8	453	2265
8	454	2270
8	455	2275
8	456	2280
8	457	2285
8	458	2290
8	459	2295
8	460	2300
8	461	2305
8	462	2310
8	463	2315
8	464	2320
8	465	2325
8	466	2330
8	467	2335
8	468	2340
8	469	2345
8	470	2350
8	471	2355
8	472	2360
8	473	2365
8	474	2370
8	475	2375
8	476	2380
8	477	2385
8	478	2390
8	479	2395
8	480	2400
8	481	2405
8	482	2410
8	483	2415
8	484	2420
8	485	2425
8	486	2430
8	487	2435
8	488	2440
8	489	2445
8	490	2450
8	491	2455
8	492	2460
8	493	2465
8	494	2470
8	495	2475
8	496	2480
8	497	2485
8	498	2490
8	499	2495
8	500	2500
8	501	2505
8	502	2510
8	503	2515
8	504	2520
8	505	2525
8	506	2530
8	507	2535
8	508	2540
8	509	2545
8	510	2550
8	511	2555
8	512	2560
8	513	2565
8	514	2570
8	515	2575
8	516	2580
8	517	2585
8	518	2590
8	519	2595
8	520	2600
8	521	2605
8	522	2610
8	523	2615
8	524	2620
8	525	2625
8	526	2630
8	527	2635
8	528	2640
8	529	2645
8	530	2650
8	531	2655
8	532	2660
8	533	2665
8	534	2670
8	535	2675
8	536	2680
8	537	2685
8	538	2690
8	539	2695
8	540	2700
8	541	2705
8	542	2710
8	543	2715
8	544	2720
8	545	2725
8	546	2730
8	547	2735
8	548	2740
8	549	2745
8	550	2750
8	551	2755
8	552	2760
8	553	2765
8	554	2770
8	555	2775
8	556	2780
8	557	2785
8	558	2790
8	559	2795
8	560	2800
8	561	2805
8	562	2810
8	563	2815
8	564	2820
8	565	2825
8	566	2830
8	567	2835
8	568	2840
8	569	2845
8	570	2850
8	571	2855
8	572	2860
8	573	2865
8	574	2870
8	575	2875
8	576	2880
8	577	2885
8	578	2890
8	579	2895
8	580	2900
8	581	2905
8	582	2910
8	583	2915
8	584	2920
8	585	2925
8	586	2930
8	587	2935
8	588	2940
8	589	2945
8	590	2950
8	591	2955
8	592	2960
8	593	2965
8	594	2970
8	595	2975
8	596	2980
8	597	2985
8	598	2990
8	599	2995
8	600	3000
8	601	3005
8	602	3010
8	603	3015
8	604	3020
8	605	3025
8	606	3030
8	607	3035
8	608	3040
8	609	3045
8	610	3050
8	611	3055
8	612	3060
8	613	3065
8	614	3070
8	615	3075
8	616	3080
8	617	3085
8	618	3090
8	619	3095
8	620	3100
8	621	3105
8	622	3110
8	623	3115
8	624	3120
8	625	3125
8	626	3130
8	627	3135
8	628	3140
8	629	3145
8	630	3150
8	631	3155
8	632	3160
8	633	3165
8	634	3170
8	635	3175
8	636	3180
8	637	3185
8	638	3190
8	639	3195
8	640	3200
8	641	3205
8	642	3210
8	643	3215
8	644	3220
8	645	3225
8	646	3230
8	647	3235
8	648	3240
8	649	3245
8	650	3250
8	651	3255
8	652	3260
8	653	3265
8	654	3270
8	655	3275
8	656	3280
8	657	3285
8	658	3290
8	659	3295
8	660	3300
8	661	3305
8	662	3310
8	663	3315
8	664	3320
8	665	3325
8	666	3330
8	667	3335
8	668	3340
8	669	3345
8	670	3350
8	671	3355
8	672	3360
8	673	3365
8	674	3370
8	675	3375
8	676	3380
8	677	3385
8	678	3390
8	679	3395
8	680	3400
8	681	3405
8	682	3410
8	683	3415
8	684	3420
8	685	3425
8	686	3430
8	687	3435
8	688	3440
8	689	3445
8	690	3450
8	691	3455
8	692	3460
8	693	3465
8	694	3470
8	695	3475
8	696	3480
8	697	3485
8	698	3490
8	699	3495
8	700	3500
8	701	3505
8	702	3510
8	703	3515
8	704	3520
8	705	3525
8	706	3530
8	707	3535
8	708	3540
8	709	3545
8	710	3550
8	711	3555
8	712	3560
8	713	3565
8	714	3570
8	715	3575
8	716	3580
8	717	3585
8	718	3590
8	719	3595
8	720	3600
8	721	3605
8	722	3610
8	723	3615
8	724	3620
8	725	3625
8	726	3630
8	727	3635
8	728	3640
8	729	3645
8	730	3650
8	731	3655
8	732	3660
8	733	3665
8	734	3670
8	735	3675
8	736	3680
8	737	3685
8	738	3690
8	739	3695
8	740	3700
8	741	3705
8	742	3710
8	743	3715
8	744	3720
8	745	3725
8	746	3730
8	747	3735
8	748	3740
8	749	3745
8	750	3750
8	751	3755
8	752	3760
8	753	3765
8	754	3770
8	755	3775
8	756	3780
8	757	3785
8	758	3790
8	759	3795
8	760	3800
8	761	3805
8	762	3810
8	763	3815
8	764	3820
8	765	3825
8	766	3830
8	767	3835
8	768	3840
8	769	3845
8	770	3850
8	771	3855
8	772	3860
8	773	3865
8	774	3870
8	775	3875
8	776	3880
8	777	3885
8	778	3890
8	779	3895
8	780	3900
8	781	3905
8	782	3910
8	783	3915
8	784	3920
8	785	3925
8	786	3930
8	787	3935
8	788	3940
8	789	3945
8	790	3950
8	791	3955
8	792	3960
8	793	3965
8	794	3970
8	795	3975
8	796	3980
8	797	3985
8	798	3990
8	799	3995
8	800	4000
8	801	4005
8	802	4010
8	803	4015
8	804	4020
8	805	4025
8	806	4030
8	807	4035
8	808	4040
8	809	4045
8	810	4050
8	811	4055
8	812	4060
8	813	4065
8	814	4070
8	815	4075
8	816	4080
8	817	4085
8	818	4090
8	819	4095
8	820	4100
8	821	4105
8	822	4110
8	823	4115
8	824	4120
8	825	4125
8	826	4130
8	827	4135
8	828	4140
8	829	4145
8	830	4150
8	831	4155
8	832	4160
8	833	4165
8	834	4170
8	835	4175
8	836	4180
8	837	4185
8	838	4190
8	839	4195
8	840	4200
8	841	4205
8	842	4210
8	843	4215
8	844	4220
8	845	4225
8	846	4230
8	847	4235
8	848	4240
8	849	4245
8	850	4250
8	851	4255
8	852	4260
8	853	4265
8	854	4270
8	855	4275
8	856	4280
8	857	4285
8	858	4290
8	859	4295
8	860	4300
8	861	4305
8	862	4310
8	863	4315
8	864	4320
8	865	4325
8	866	4330
8	867	4335
8	868	4340
8	869	4345
8	870	4350
8	871	4355
8	872	4360
8	873	4365
8	874	4370
8	875	4375
8	876	4380
8	877	4385
8	878	4390
8	879	4395
8	880	4400
8	881	4405
8	882	4410
8	883	4415
8	884	4420
8	885	4425
8	886	4430
8	887	4435
8	888	4440
8	889	4445
8	890	4450
8	891	4455
8	892	4460
8	893	4465
8	894	4470
8	895	4475
8	896	4480
8	897	4485
8	898	4490
8	899	4495
8	900	4500
8	901	4505
8	902	4510
8	903	4515
8	904	4520
8	905	4525
8	906	4530
8	907	4535
8	908	4540
8	909	4545
8	910	4550
8	911	4555
8	912	4560
8	913	4565
8	914	4570
8	915	4575
8	916	4580
8	917	4585
8	918	4590
8	919	4595
8	920	4600
8	921	4605
8	922	4610
8	923	4615
8	924	4620
8	925	4625
8	926	4630
8	927	4635
8	928	4640
8	929	4645
8	930	4650
8	931	4655
8	932	4660
8	933	4665
8	934	4670
8	935	4675
8	936	4680
8	937	4685
8	938	4690
8	939	4695
8	940	4700
8	941	4705
8	942	4710
8	943	4715
8	944	4720
8	945	4725
8	946	4730
8	947	4735
8	948	4740
8	949	4745
8	950	4750
8	951	4755
8	952	4760
8	953	4765
8	954	4770
8	955	4775
8	956	4780
8	957	4785
8	958	4790
8	959	4795
8	960	4800
8	961	4805
8	962	4810
8	963	4815
8	964	4820
8	965	4825
8	966	4830
8	967	4835
8	968	4840
8	969	4845
8	970	4850
8	971	4855
8	972	4860
8	973	4865
8	974	4870
8	975	4875
8	976	4880
8	977	4885
8	978	4890
8	979	4895
8	980	4900
8	981	4905
8	982	4910
8	983	4915
8	984	4920
8	985	4925
8	986	4930
8	987	4935
8	988	4940
8	989	4945
8	990	4950
8	991	4955
8	992	4960
8	993	4965
8	994	4970
8	995	4975
8	996	4980
8	997	4985
8	998	4990
8	999	4995
8	1000	5000
8	1001	5005
8	1002	5010
8	1003	5015
8	1004	5020
8	1005	5025
8	1006	5030
8	1007	5035
8	1008	5040
8	1009	5045
8	1010	5050
8	1011	5055
8	1012	5060
8	1013	5065
8	1014	5070
8	1015	5075
8	1016	5080
8	1017	5085
8	1018	5090
8	1019	5095
8	1020	5100
8	1021	5105
8	1022	5110
8	1023	5115
8	1024	5120
8	1025	5125
8	1026	5130
8	1027	5135
8	1028	5140
8	1029	5145
8	1030	5150
8	1031	5155
8	1032	5160
8	1033	5165
8	1034	5170
8	1035	5175
8	1036	5180
8	1037	5185
8	1038	5190
8	1039	5195
8	1040	5200
8	1041	5205
8	1042	5210
8	1043	5215
8	1044	5220
8	1045	5225
8	1046	5230
8	1047	5235
8	1048	5240
8	1049	5245
8	1050	5250
8	1051	5255
8	1052	5260
8	1053	5265
8	1054	5270
8	1055	5275
8	1056	5280
8	1057	5285
8	1058	5290
8	1059	5295
8	1060	5300
8	1061	5305
8	1062	5310
8	1063	5315
8	1064	5320
8	1065	5325
8	1066	5330
8	1067	5335
8	1068	5340
8	1069	5345
8	1070	5350
8	1071	5355
8	1072	5360
8	1073	5365
8	1074	5370
8	1075	5375
8	1076	5380
8	1077	5385
8	1078	5390
8	1079	5395
8	1080	5400
8	1081	5405
8	1082	5410
8	1083	5415
8	1084	5420
8	1085	5425
8	1086	5430
8	1087	5435
8	1088	5440
8	1089	5445
8	1090	5450
8	1091	5455
8	1092	5460
8	1093	5465
8	1094	5470
8	1095	5475
8	1096	5480
8	1097	5485
8	1098	5490
8	1099	5495
8	1100	5500
8	1101	5505
8	1102	5510
8	1103	5515
8	1104	5520
8	1105	5525
8	1106	5530
8	1107	5535
8	1108	5540
8	1109	5545
8	1110	5550
8	1111	5555
8	1112	5560
8	1113	5565
8	1114	5570
8	1115	5575
8	1116	5580
8	1117	5585
8	1118	5590
8	1119	5595
8	1120	5600
8	1121	5605
8	1122	5610
8	1123	5615
8	1124	5620
8	1125	5625
8	1126	5630
8	1127	5635
8	1128	5640
8	1129	5645
8	1130	5650
8	1131	5655
8	1132	5660
8	1133	5665
8	1134	5670
8	1135	5675
8	1136	5680
8	1137	5685
8	1138	5690
8	1139	5695
8	1140	5700
8	1141	5705
8	1142	5710
8	1143	5715
8	1144	5720
8	1145	5725
8	1146	5730
8	1147	5735
8	1148	5740
8	1149	5745
8	1150	5750
8	1151	5755
8	1152	5760
8	1153	5765
8	1154	5770
8	1155	5775
8	1156	5780
8	1157	5785
8	1158	5790
8	1159	5795
8	1160	5800
8	1161	5805
8	1162	5810
8	1163	5815
8	1164	5820
8	1165	5825
8	1166	5830
8	1167	5835
8	1168	5840
8	1169	5845
8	1170	5850
8	1171	5855
8	1172	5860
8	1173	5865
8	1174	5870
8	1175	5875
8	1176	5880
8	1177	5885
8	1178	5890
8	1179	5895
8	1180	5900
8	1181	5905
8	1182	5910
8	1183	5915
8	1184	5920
8	1185	5925
8	1186	5930
8	1187	5935
8	1188	5940
8	1189	5945
8	1190	5950
8	1191	5955
8	1192	5960
8	1193	5965
8	1194	5970
8	1195	5975
8	1196	5980
8	1197	5985
8	1198	5990
8	1199	5995
8	1200	6000
8	1201	6005
8	1202	6010
8	1203	6015
8	1204	6020
8	1205	6025
8	1206	6030
8	1207	6035
8	1208	6040
8	1209	6045
8	1210	6050
8	1211	6055
8	1212	6060
8	1213	6065
8	1214	6070
8	1215	6075
8	1216	6080
8	1217	6085
8	1218	6090
8	1219	6095
8	1220	6100
8	1221	6105
8	1222	6110
8	1223	6115
8	1224	6120
8	1225	6125
8	1226	6130
8	1227	6135
8	1228	6140
8	1229	6145
8	1230	6150
8	1231	6155
8	1232	6160
8	1233	6165
8	1234	6170
8	1235	6175
8	1236	6180
8	1237	6185
8	1238	6190
8	1239	6195
8	1240	6200
8	1241	6205
8	1242	6210
8	1243	6215
8	1244	6220
8	1245	6225
8	1246	6230
8	1247	6235
8	1248	6240
8	1249	6245
8	1250	6250
9	1	5
9	2	10
9	3	15
9	4	20
9	5	25
9	6	30
9	7	35
9	8	40
9	9	45
9	10	50
9	11	55
9	12	60
9	13	65
9	14	70
9	15	75
9	16	80
9	17	85
9	18	90
9	19	95
9	20	100
9	21	105
9	22	110
9	23	115
9	24	120
9	25	125
9	26	130
9	27	135
9	28	140
9	29	145
9	30	150
9	31	155
9	32	160
9	33	165
9	34	170
9	35	175
9	36	180
9	37	185
9	38	190
9	39	195
9	40	200
9	41	205
9	42	210
9	43	215
9	44	220
9	45	225
9	46	230
9	47	235
9	48	240
9	49	245
9	50	250
9	51	255
9	52	260
9	53	265
9	54	270
9	55	275
9	56	280
9	57	285
9	58	290
9	59	295
9	60	300
9	61	305
9	62	310
9	63	315
9	64	320
9	65	325
9	66	330
9	67	335
9	68	340
9	69	345
9	70	350
9	71	355
9	72	360
9	73	365
9	74	370
9	75	375
9	76	380
9	77	385
9	78	390
9	79	395
9	80	400
9	81	405
9	82	410
9	83	415
9	84	420
9	85	425
9	86	430
9	87	435
9	88	440
9	89	445
9	90	450
9	91	455
9	92	460
9	93	465
9	94	470
9	95	475
9	96	480
9	97	485
9	98	490
9	99	495
9	100	500
9	101	505
9	102	510
9	103	515
9	104	520
9	105	525
9	106	530
9	107	535
9	108	540
9	109	545
9	110	550
9	111	555
9	112	560
9	113	565
9	114	570
9	115	575
9	116	580
9	117	585
9	118	590
9	119	595
9	120	600
9	121	605
9	122	610
9	123	615
9	124	620
9	125	625
9	126	630
9	127	635
9	128	640
9	129	645
9	130	650
9	131	655
9	132	660
9	133	665
9	134	670
9	135	675
9	136	680
9	137	685
9	138	690
9	139	695
9	140	700
9	141	705
9	142	710
9	143	715
9	144	720
9	145	725
9	146	730
9	147	735
9	148	740
9	149	745
9	150	750
9	151	755
9	152	760
9	153	765
9	154	770
9	155	775
9	156	780
9	157	785
9	158	790
9	159	795
9	160	800
9	161	805
9	162	810
9	163	815
9	164	820
9	165	825
9	166	830
9	167	835
9	168	840
9	169	845
9	170	850
9	171	855
9	172	860
9	173	865
9	174	870
9	175	875
9	176	880
9	177	885
9	178	890
9	179	895
9	180	900
9	181	905
9	182	910
9	183	915
9	184	920
9	185	925
9	186	930
9	187	935
9	188	940
9	189	945
9	190	950
9	191	955
9	192	960
9	193	965
9	194	970
9	195	975
9	196	980
9	197	985
9	198	990
9	199	995
9	200	1000
9	201	1005
9	202	1010
9	203	1015
9	204	1020
9	205	1025
9	206	1030
9	207	1035
9	208	1040
9	209	1045
9	210	1050
9	211	1055
9	212	1060
9	213	1065
9	214	1070
9	215	1075
9	216	1080
9	217	1085
9	218	1090
9	219	1095
9	220	1100
9	221	1105
9	222	1110
9	223	1115
9	224	1120
9	225	1125
9	226	1130
9	227	1135
9	228	1140
9	229	1145
9	230	1150
9	231	1155
9	232	1160
9	233	1165
9	234	1170
9	235	1175
9	236	1180
9	237	1185
9	238	1190
9	239	1195
9	240	1200
9	241	1205
9	242	1210
9	243	1215
9	244	1220
9	245	1225
9	246	1230
9	247	1235
9	248	1240
9	249	1245
9	250	1250
9	251	1255
9	252	1260
9	253	1265
9	254	1270
9	255	1275
9	256	1280
9	257	1285
9	258	1290
9	259	1295
9	260	1300
9	261	1305
9	262	1310
9	263	1315
9	264	1320
9	265	1325
9	266	1330
9	267	1335
9	268	1340
9	269	1345
9	270	1350
9	271	1355
9	272	1360
9	273	1365
9	274	1370
9	275	1375
9	276	1380
9	277	1385
9	278	1390
9	279	1395
9	280	1400
9	281	1405
9	282	1410
9	283	1415
9	284	1420
9	285	1425
9	286	1430
9	287	1435
9	288	1440
9	289	1445
9	290	1450
9	291	1455
9	292	1460
9	293	1465
9	294	1470
9	295	1475
9	296	1480
9	297	1485
9	298	1490
9	299	1495
9	300	1500
9	301	1505
9	302	1510
9	303	1515
9	304	1520
9	305	1525
9	306	1530
9	307	1535
9	308	1540
9	309	1545
9	310	1550
9	311	1555
9	312	1560
9	313	1565
9	314	1570
9	315	1575
9	316	1580
9	317	1585
9	318	1590
9	319	1595
9	320	1600
9	321	1605
9	322	1610
9	323	1615
9	324	1620
9	325	1625
9	326	1630
9	327	1635
9	328	1640
9	329	1645
9	330	1650
9	331	1655
9	332	1660
9	333	1665
9	334	1670
9	335	1675
9	336	1680
9	337	1685
9	338	1690
9	339	1695
9	340	1700
9	341	1705
9	342	1710
9	343	1715
9	344	1720
9	345	1725
9	346	1730
9	347	1735
9	348	1740
9	349	1745
9	350	1750
9	351	1755
9	352	1760
9	353	1765
9	354	1770
9	355	1775
9	356	1780
9	357	1785
9	358	1790
9	359	1795
9	360	1800
9	361	1805
9	362	1810
9	363	1815
9	364	1820
9	365	1825
9	366	1830
9	367	1835
9	368	1840
9	369	1845
9	370	1850
9	371	1855
9	372	1860
9	373	1865
9	374	1870
9	375	1875
9	376	1880
9	377	1885
9	378	1890
9	379	1895
9	380	1900
9	381	1905
9	382	1910
9	383	1915
9	384	1920
9	385	1925
9	386	1930
9	387	1935
9	388	1940
9	389	1945
9	390	1950
9	391	1955
9	392	1960
9	393	1965
9	394	1970
9	395	1975
9	396	1980
9	397	1985
9	398	1990
9	399	1995
9	400	2000
9	401	2005
9	402	2010
9	403	2015
9	404	2020
9	405	2025
9	406	2030
9	407	2035
9	408	2040
9	409	2045
9	410	2050
9	411	2055
9	412	2060
9	413	2065
9	414	2070
9	415	2075
9	416	2080
9	417	2085
9	418	2090
9	419	2095
9	420	2100
9	421	2105
9	422	2110
9	423	2115
9	424	2120
9	425	2125
9	426	2130
9	427	2135
9	428	2140
9	429	2145
9	430	2150
9	431	2155
9	432	2160
9	433	2165
9	434	2170
9	435	2175
9	436	2180
9	437	2185
9	438	2190
9	439	2195
9	440	2200
9	441	2205
9	442	2210
9	443	2215
9	444	2220
9	445	2225
9	446	2230
9	447	2235
9	448	2240
9	449	2245
9	450	2250
9	451	2255
9	452	2260
9	453	2265
9	454	2270
9	455	2275
9	456	2280
9	457	2285
9	458	2290
9	459	2295
9	460	2300
9	461	2305
9	462	2310
9	463	2315
9	464	2320
9	465	2325
9	466	2330
9	467	2335
9	468	2340
9	469	2345
9	470	2350
9	471	2355
9	472	2360
9	473	2365
9	474	2370
9	475	2375
9	476	2380
9	477	2385
9	478	2390
9	479	2395
9	480	2400
9	481	2405
9	482	2410
9	483	2415
9	484	2420
9	485	2425
9	486	2430
9	487	2435
9	488	2440
9	489	2445
9	490	2450
9	491	2455
9	492	2460
9	493	2465
9	494	2470
9	495	2475
9	496	2480
9	497	2485
9	498	2490
9	499	2495
9	500	2500
9	501	2505
9	502	2510
9	503	2515
9	504	2520
9	505	2525
9	506	2530
9	507	2535
9	508	2540
9	509	2545
9	510	2550
9	511	2555
9	512	2560
9	513	2565
9	514	2570
9	515	2575
9	516	2580
9	517	2585
9	518	2590
9	519	2595
9	520	2600
9	521	2605
9	522	2610
9	523	2615
9	524	2620
9	525	2625
9	526	2630
9	527	2635
9	528	2640
9	529	2645
9	530	2650
9	531	2655
9	532	2660
9	533	2665
9	534	2670
9	535	2675
9	536	2680
9	537	2685
9	538	2690
9	539	2695
9	540	2700
9	541	2705
9	542	2710
9	543	2715
9	544	2720
9	545	2725
9	546	2730
9	547	2735
9	548	2740
9	549	2745
9	550	2750
9	551	2755
9	552	2760
9	553	2765
9	554	2770
9	555	2775
9	556	2780
9	557	2785
9	558	2790
9	559	2795
9	560	2800
9	561	2805
9	562	2810
9	563	2815
9	564	2820
9	565	2825
9	566	2830
9	567	2835
9	568	2840
9	569	2845
9	570	2850
9	571	2855
9	572	2860
9	573	2865
9	574	2870
9	575	2875
9	576	2880
9	577	2885
9	578	2890
9	579	2895
9	580	2900
9	581	2905
9	582	2910
9	583	2915
9	584	2920
9	585	2925
9	586	2930
9	587	2935
9	588	2940
9	589	2945
9	590	2950
9	591	2955
9	592	2960
9	593	2965
9	594	2970
9	595	2975
9	596	2980
9	597	2985
9	598	2990
9	599	2995
9	600	3000
9	601	3005
9	602	3010
9	603	3015
9	604	3020
9	605	3025
9	606	3030
9	607	3035
9	608	3040
9	609	3045
9	610	3050
9	611	3055
9	612	3060
9	613	3065
9	614	3070
9	615	3075
9	616	3080
9	617	3085
9	618	3090
9	619	3095
9	620	3100
9	621	3105
9	622	3110
9	623	3115
9	624	3120
9	625	3125
9	626	3130
9	627	3135
9	628	3140
9	629	3145
9	630	3150
9	631	3155
9	632	3160
9	633	3165
9	634	3170
9	635	3175
9	636	3180
9	637	3185
9	638	3190
9	639	3195
9	640	3200
9	641	3205
9	642	3210
9	643	3215
9	644	3220
9	645	3225
9	646	3230
9	647	3235
9	648	3240
9	649	3245
9	650	3250
9	651	3255
9	652	3260
9	653	3265
9	654	3270
9	655	3275
9	656	3280
9	657	3285
9	658	3290
9	659	3295
9	660	3300
9	661	3305
9	662	3310
9	663	3315
9	664	3320
9	665	3325
9	666	3330
9	667	3335
9	668	3340
9	669	3345
9	670	3350
9	671	3355
9	672	3360
9	673	3365
9	674	3370
9	675	3375
9	676	3380
9	677	3385
9	678	3390
9	679	3395
9	680	3400
9	681	3405
9	682	3410
9	683	3415
9	684	3420
9	685	3425
9	686	3430
9	687	3435
9	688	3440
9	689	3445
9	690	3450
9	691	3455
9	692	3460
9	693	3465
9	694	3470
9	695	3475
9	696	3480
9	697	3485
9	698	3490
9	699	3495
9	700	3500
9	701	3505
9	702	3510
9	703	3515
9	704	3520
9	705	3525
9	706	3530
9	707	3535
9	708	3540
9	709	3545
9	710	3550
9	711	3555
9	712	3560
9	713	3565
9	714	3570
9	715	3575
9	716	3580
9	717	3585
9	718	3590
9	719	3595
9	720	3600
9	721	3605
9	722	3610
9	723	3615
9	724	3620
9	725	3625
9	726	3630
9	727	3635
9	728	3640
9	729	3645
9	730	3650
9	731	3655
9	732	3660
9	733	3665
9	734	3670
9	735	3675
9	736	3680
9	737	3685
9	738	3690
9	739	3695
9	740	3700
9	741	3705
9	742	3710
9	743	3715
9	744	3720
9	745	3725
9	746	3730
9	747	3735
9	748	3740
9	749	3745
9	750	3750
9	751	3755
9	752	3760
9	753	3765
9	754	3770
9	755	3775
9	756	3780
9	757	3785
9	758	3790
9	759	3795
9	760	3800
9	761	3805
9	762	3810
9	763	3815
9	764	3820
9	765	3825
9	766	3830
9	767	3835
9	768	3840
9	769	3845
9	770	3850
9	771	3855
9	772	3860
9	773	3865
9	774	3870
9	775	3875
9	776	3880
9	777	3885
9	778	3890
9	779	3895
9	780	3900
9	781	3905
9	782	3910
9	783	3915
9	784	3920
9	785	3925
9	786	3930
9	787	3935
9	788	3940
9	789	3945
9	790	3950
9	791	3955
9	792	3960
9	793	3965
9	794	3970
9	795	3975
9	796	3980
9	797	3985
9	798	3990
9	799	3995
9	800	4000
9	801	4005
9	802	4010
9	803	4015
9	804	4020
9	805	4025
9	806	4030
9	807	4035
9	808	4040
9	809	4045
9	810	4050
9	811	4055
9	812	4060
9	813	4065
9	814	4070
9	815	4075
9	816	4080
9	817	4085
9	818	4090
9	819	4095
9	820	4100
9	821	4105
9	822	4110
9	823	4115
9	824	4120
9	825	4125
9	826	4130
9	827	4135
9	828	4140
9	829	4145
9	830	4150
9	831	4155
9	832	4160
9	833	4165
9	834	4170
9	835	4175
9	836	4180
9	837	4185
9	838	4190
9	839	4195
9	840	4200
9	841	4205
9	842	4210
9	843	4215
9	844	4220
9	845	4225
9	846	4230
9	847	4235
9	848	4240
9	849	4245
9	850	4250
9	851	4255
9	852	4260
9	853	4265
9	854	4270
9	855	4275
9	856	4280
9	857	4285
9	858	4290
9	859	4295
9	860	4300
9	861	4305
9	862	4310
9	863	4315
9	864	4320
9	865	4325
9	866	4330
9	867	4335
9	868	4340
9	869	4345
9	870	4350
9	871	4355
9	872	4360
9	873	4365
9	874	4370
9	875	4375
9	876	4380
9	877	4385
9	878	4390
9	879	4395
9	880	4400
9	881	4405
9	882	4410
9	883	4415
9	884	4420
9	885	4425
9	886	4430
9	887	4435
9	888	4440
9	889	4445
9	890	4450
9	891	4455
9	892	4460
9	893	4465
9	894	4470
9	895	4475
9	896	4480
9	897	4485
9	898	4490
9	899	4495
9	900	4500
9	901	4505
9	902	4510
9	903	4515
9	904	4520
9	905	4525
9	906	4530
9	907	4535
9	908	4540
9	909	4545
9	910	4550
9	911	4555
9	912	4560
9	913	4565
9	914	4570
9	915	4575
9	916	4580
9	917	4585
9	918	4590
9	919	4595
9	920	4600
9	921	4605
9	922	4610
9	923	4615
9	924	4620
9	925	4625
9	926	4630
9	927	4635
9	928	4640
9	929	4645
9	930	4650
9	931	4655
9	932	4660
9	933	4665
9	934	4670
9	935	4675
9	936	4680
9	937	4685
9	938	4690
9	939	4695
9	940	4700
9	941	4705
9	942	4710
9	943	4715
9	944	4720
9	945	4725
9	946	4730
9	947	4735
9	948	4740
9	949	4745
9	950	4750
9	951	4755
9	952	4760
9	953	4765
9	954	4770
9	955	4775
9	956	4780
9	957	4785
9	958	4790
9	959	4795
9	960	4800
9	961	4805
9	962	4810
9	963	4815
9	964	4820
9	965	4825
9	966	4830
9	967	4835
9	968	4840
9	969	4845
9	970	4850
9	971	4855
9	972	4860
9	973	4865
9	974	4870
9	975	4875
9	976	4880
9	977	4885
9	978	4890
9	979	4895
9	980	4900
9	981	4905
9	982	4910
9	983	4915
9	984	4920
9	985	4925
9	986	4930
9	987	4935
9	988	4940
9	989	4945
9	990	4950
9	991	4955
9	992	4960
9	993	4965
9	994	4970
9	995	4975
9	996	4980
9	997	4985
9	998	4990
9	999	4995
9	1000	5000
9	1001	5005
9	1002	5010
9	1003	5015
9	1004	5020
9	1005	5025
9	1006	5030
9	1007	5035
9	1008	5040
9	1009	5045
9	1010	5050
9	1011	5055
9	1012	5060
9	1013	5065
9	1014	5070
9	1015	5075
9	1016	5080
9	1017	5085
9	1018	5090
9	1019	5095
9	1020	5100
9	1021	5105
9	1022	5110
9	1023	5115
9	1024	5120
9	1025	5125
9	1026	5130
9	1027	5135
9	1028	5140
9	1029	5145
9	1030	5150
9	1031	5155
9	1032	5160
9	1033	5165
9	1034	5170
9	1035	5175
9	1036	5180
9	1037	5185
9	1038	5190
9	1039	5195
9	1040	5200
9	1041	5205
9	1042	5210
9	1043	5215
9	1044	5220
9	1045	5225
9	1046	5230
9	1047	5235
9	1048	5240
9	1049	5245
9	1050	5250
9	1051	5255
9	1052	5260
9	1053	5265
9	1054	5270
9	1055	5275
9	1056	5280
9	1057	5285
9	1058	5290
9	1059	5295
9	1060	5300
9	1061	5305
9	1062	5310
9	1063	5315
9	1064	5320
9	1065	5325
9	1066	5330
9	1067	5335
9	1068	5340
9	1069	5345
9	1070	5350
9	1071	5355
9	1072	5360
9	1073	5365
9	1074	5370
9	1075	5375
9	1076	5380
9	1077	5385
9	1078	5390
9	1079	5395
9	1080	5400
9	1081	5405
9	1082	5410
9	1083	5415
9	1084	5420
9	1085	5425
9	1086	5430
9	1087	5435
9	1088	5440
9	1089	5445
9	1090	5450
9	1091	5455
9	1092	5460
9	1093	5465
9	1094	5470
9	1095	5475
9	1096	5480
9	1097	5485
9	1098	5490
9	1099	5495
9	1100	5500
9	1101	5505
9	1102	5510
9	1103	5515
9	1104	5520
9	1105	5525
9	1106	5530
9	1107	5535
9	1108	5540
9	1109	5545
9	1110	5550
9	1111	5555
9	1112	5560
9	1113	5565
9	1114	5570
9	1115	5575
9	1116	5580
9	1117	5585
9	1118	5590
9	1119	5595
9	1120	5600
9	1121	5605
9	1122	5610
9	1123	5615
9	1124	5620
9	1125	5625
9	1126	5630
9	1127	5635
9	1128	5640
9	1129	5645
9	1130	5650
9	1131	5655
9	1132	5660
9	1133	5665
9	1134	5670
9	1135	5675
9	1136	5680
9	1137	5685
9	1138	5690
9	1139	5695
9	1140	5700
9	1141	5705
9	1142	5710
9	1143	5715
9	1144	5720
9	1145	5725
9	1146	5730
9	1147	5735
9	1148	5740
9	1149	5745
9	1150	5750
9	1151	5755
9	1152	5760
9	1153	5765
9	1154	5770
9	1155	5775
9	1156	5780
9	1157	5785
9	1158	5790
9	1159	5795
9	1160	5800
9	1161	5805
9	1162	5810
9	1163	5815
9	1164	5820
9	1165	5825
9	1166	5830
9	1167	5835
9	1168	5840
9	1169	5845
9	1170	5850
9	1171	5855
9	1172	5860
9	1173	5865
9	1174	5870
9	1175	5875
9	1176	5880
9	1177	5885
9	1178	5890
9	1179	5895
9	1180	5900
9	1181	5905
9	1182	5910
9	1183	5915
9	1184	5920
9	1185	5925
9	1186	5930
9	1187	5935
9	1188	5940
9	1189	5945
9	1190	5950
9	1191	5955
9	1192	5960
9	1193	5965
9	1194	5970
9	1195	5975
9	1196	5980
9	1197	5985
9	1198	5990
9	1199	5995
9	1200	6000
9	1201	6005
9	1202	6010
9	1203	6015
9	1204	6020
9	1205	6025
9	1206	6030
9	1207	6035
9	1208	6040
9	1209	6045
9	1210	6050
9	1211	6055
9	1212	6060
9	1213	6065
9	1214	6070
9	1215	6075
9	1216	6080
9	1217	6085
9	1218	6090
9	1219	6095
9	1220	6100
9	1221	6105
9	1222	6110
9	1223	6115
9	1224	6120
9	1225	6125
9	1226	6130
9	1227	6135
9	1228	6140
9	1229	6145
9	1230	6150
9	1231	6155
9	1232	6160
9	1233	6165
9	1234	6170
9	1235	6175
9	1236	6180
9	1237	6185
9	1238	6190
9	1239	6195
9	1240	6200
9	1241	6205
9	1242	6210
9	1243	6215
9	1244	6220
9	1245	6225
9	1246	6230
9	1247	6235
9	1248	6240
9	1249	6245
9	1250	6250
