goodId	item	des	limitCnt	originalUnbindRMB	needUnbindRMB	RMBType	isLowestPrice	discountFlag
商品ID	物品(coding,cnt)	备注	限购个数(0为不限购)	原价	现价（需要神石）	神石类型(1-充值神石 0-充值奖励神石均可)	是否最低价	折扣标签
1	(28046,1)	缤纷十月礼包	5	200	100	1	0	SDJNH_5z
2	(26450,20)	许愿币	0	400	200	1	1	SDJNH_5z
3	(26450,5)	许愿币	0	100	55	1	0	SDJNH_6z
4	(26638,1)	坐骑升星精华（小）	3	5400	2100	1	0	SDJNH_3z
5	(26643,1)	坐骑升星精华（中）	2	7500	3000	1	0	SDJNH_4z
6	(26644,1)	坐骑升星精华（大）	1	9800	4000	1	0	SDJNH_4z
7	(26923,1)	黄金白马	1	3998	1888	1	0	SDJNH_5z
8	(25600,100)	坐骑培养石	0	1000	400	0	1	SDJNH_4z
9	(25600,20)	坐骑培养石	0	200	88	0	1	SDJNH_4z
10	(26344,100)	姻缘石	0	1000	400	0	1	SDJNH_4z
11	(26344,20)	姻缘石	0	200	88	0	1	SDJNH_4z
12	(25656,1)	一星召唤令	0	250	50	0	0	SDJNH_2z
13	(25657,1)	二星召唤令	0	250	50	0	0	SDJNH_2z
14	(25658,1)	三星召唤令	0	250	50	0	0	SDJNH_2z
15	(25659,1)	四星召唤令	0	250	50	0	0	SDJNH_2z
16	(25660,1)	五星召唤令	0	250	50	0	0	SDJNH_2z
17	(26525,1)	六星召唤令	0	250	50	0	0	SDJNH_2z
18	(27047,1)	七星召唤令	0	250	50	0	0	SDJNH_2z
19	(27913,1)	八星召唤令	0	250	50	0	0	SDJNH_2z
20	(26033,1)	二级宝石礼盒	0	30	6	0	0	SDJNH_2z
21	(26026,1)	四级宝石礼盒	0	120	60	0	0	SDJNH_5z
22	(26226,1)	七级宝石礼盒	0	960	488	0	0	SDJNH_5z
23	(25792,1)	九级生命宝石	3	3840	1920	0	0	SDJNH_5z
24	(25793,1)	九级物攻宝石	3	3840	1920	0	0	SDJNH_5z
25	(25794,1)	九级法攻宝石	3	3840	1920	0	0	SDJNH_5z
26	(25795,1)	九级物防宝石	5	3072	1500	0	0	SDJNH_4z
27	(25796,1)	九级法防宝石	5	3072	1500	0	0	SDJNH_4z
28	(25800,1)	九级格挡宝石	3	3840	2340	0	0	SDJNH_6z
29	(25797,1)	九级暴击宝石	3	3840	2340	0	0	SDJNH_6z
30	(27939,5)	神造石	3	1000	500	1	0	SDJNH_5z
31	(26481,1)	狮子座女神（紫）	2	5888	1998	1	0	SDJNH_3z
32	(28039,1)	摩羯座女神（紫）	2	5888	1998	1	0	SDJNH_3z
33	(27566,20)	坐骑进化石	0	1000	720	0	1	SDJNH_7z
34	(27566,5)	坐骑进化石	0	250	200	0	0	SDJNH_8z
35	(26925,10)	生命之源	0	250	180	0	0	SDJNH_7z
36	(26924,10)	生命结晶	0	250	180	0	0	SDJNH_7z
37	(27041,5)	龙脉精华	0	150	90	0	0	SDJNH_6z
38	(27042,5)	龙脉精魄	0	150	100	0	0	SDJNH_7z
39	(26042,5)	占卜令	0	1000	400	0	1	SDJNH_4z
40	(26042,1)	占卜令	0	200	100	0	0	SDJNH_5z
41	(26608,1)	黄色命魂礼盒	8	2000	1200	0	0	SDJNH_6z
42	(28253,1)	红色命魂礼盒	2	6000	3888	1	0	SDJNH_6z
43	(26119,1)	二级符文礼盒	0	30	9	0	0	SDJNH_3z
44	(26227,1)	四级符文礼盒	0	120	72	0	0	SDJNH_6z
45	(26230,1)	七级符文礼盒	0	960	540	0	0	SDJNH_6z
46	(25948,1)	九级英勇符文	3	3840	2340	0	0	SDJNH_6z
47	(25947,1)	九级公正符文	3	3840	2340	0	0	SDJNH_6z
48	(25950,1)	九级信仰符文	3	3840	2340	0	0	SDJNH_6z
49	(25952,1)	九级命运符文	3	3840	2340	0	0	SDJNH_6z
50	(25954,1)	九级奉献符文	3	3840	2340	0	0	SDJNH_6z
51	(25957,1)	九级牺牲符文	3	3840	2340	0	0	SDJNH_6z
52	(26298,5)	圣器附魔石	0	250	200	0	0	SDJNH_8z
53	(28034,1)	二级雕纹	0	50	24	0	0	SDJNH_5z
54	(28030,1)	四级雕纹	0	200	144	0	0	SDJNH_7z
55	(28032,1)	六级雕纹	0	800	560	0	0	SDJNH_7z
56	(28353,1)	宠物之灵	5	1000	600	1	0	SDJNH_6z
57	(27587,20)	装备洗练石	20	200	160	0	0	SDJNH_8z
58	(26479,10)	装备附魔石	0	150	100	0	0	SDJNH_7z
59	(27587,100)	装备洗练石	20	1000	720	0	1	SDJNH_7z
60	(27587,10)	装备洗练石	0	100	80	0	0	SDJNH_8z
61	(26933,10)	星灵之羽	0	200	120	0	0	SDJNH_6z
62	(26934,10)	星灵水晶	0	200	150	0	0	SDJNH_8z
63	(26934,50)	星灵水晶	0	1000	700	0	0	SDJNH_7z
64	(26144,100)	宠物圣果	0	1000	560	0	1	SDJNH_6z
65	(26144,10)	宠物圣果	0	100	60	0	1	SDJNH_6z
66	(28353,1)	宠物之灵	5	1000	600	1	0	SDJNH_6z
67	(25837,100)	羽翼培养石	0	1000	560	0	1	SDJNH_6z
68	(25837,10)	羽翼培养石	0	100	60	0	1	SDJNH_6z
69	(27167,5)	羽灵精魄	0	500	400	0	0	SDJNH_8z
70	(26676,1)	时装之魄	0	298	234	0	0	SDJNH_8z
71	(26677,10)	时装精华	0	200	128	0	0	SDJNH_6z
72	(27570,20)	时装水晶石	0	200	100	0	0	SDJNH_5z
73	(27709,1)	一级魔石	0	500	300	0	0	SDJNH_6z
74	(27710,1)	二级魔石	0	1500	600	0	0	SDJNH_4z
75	(27712,1)	四级魔石	0	4500	2400	0	0	SDJNH_5z
76	(27715,1)	七级魔石	1	121500	18000	0	0	SDJNH_1z
77	(27893,1)	天秤座女神（紫）	2	5888	1888	1	0	SDJNH_3z
78	(27706,1)	天鹅座女神（橙）	2	25888	8888	1	0	SDJNH_3z
79	(28269,1)	天蝎座女神（橙）	2	25888	8888	1	0	SDJNH_3z
80	(37038,1)	璀璨人生	1	1000	398	1	0	SDJNH_3z
81	(28671,1)	羽灵精魄专属礼包	4	1000	800	0	0	SDJNH_8z
82	(28672,1)	坐骑进化石专属礼包	4	1000	720	0	0	SDJNH_7z
83	(28673,1)	星灵水晶专属礼包	4	400	300	0	0	SDJNH_7z
84	(28674,1)	羽翼培养石专属礼包	4	500	320	0	0	SDJNH_6z
85	(28675,1)	宠物圣果专属礼包	4	500	320	0	0	SDJNH_6z
86	(28676,1)	时装之魄专属礼包	4	1192	1100	0	0	SDJNH_8z
87	(28677,1)	时装精华专属礼包	4	400	300	0	0	SDJNH_7z
88	(37037,1)	海盗武器	1	1248	720	1	0	SDJNH_5z
89	(37036,1)	海盗衣服	1	1248	720	1	0	SDJNH_5z
90	(37035,1)	海盗帽子	1	998	600	1	0	SDJNH_6z
91	(28899,1)	天秤座女神（橙）	2	25888	7888	1	0	SDJNH_3z
