ShouChongId	dayTime	rewardItem	Items	Counts
首冲Id	物品对应日期	奖励物品	奖励道具（客户端）	总价
0		[(27824,100),(26450,1),(27518,1),(29051,1)]	[(27824,100),(26450,1),(27518,1),(29051,1)]	0
1	(2016,3,4,0,0,0)	[(29051,5),(26450,5),(26143,1),(28046,1)]	[(29051,5),(26450,5),(26143,1),(28046,1)]	200
2	(2016,3,5,0,0,0)	[(29051,5),(26450,5),(26143,1),(28046,1)]	[(29051,5),(26450,5),(26143,1),(28046,1)]	200
3	(2016,3,6,0,0,0)	[(29051,5),(26450,5),(26143,1),(28046,1)]	[(29051,5),(26450,5),(26143,1),(28046,1)]	200
4	(2016,3,7,0,0,0)	[(29051,5),(26450,5),(26143,1),(28046,1)]	[(29051,5),(26450,5),(26143,1),(28046,1)]	200
5	(2016,3,8,0,0,0)	[(29051,5),(26450,5),(26143,1),(28046,1)]	[(29051,5),(26450,5),(26143,1),(28046,1)]	200
6	(2016,3,9,0,0,0)	[(29051,5),(26450,5),(26143,1),(28046,1)]	[(29051,5),(26450,5),(26143,1),(28046,1)]	200
7	(2016,3,10,0,0,0)	[(29051,5),(26450,5),(26143,1),(28046,1)]	[(29051,5),(26450,5),(26143,1),(28046,1)]	200
