roleLevel	schemeList
角色等级	方案列表
1	[1,2]
2	[1,2]
3	[1,2]
4	[1,2]
5	[1,2]
6	[1,2]
7	[1,2]
8	[1,2]
9	[1,2]
10	[1,2]
11	[1,2]
12	[1,2]
13	[1,2]
14	[1,2]
15	[1,2]
16	[1,2]
17	[1,2]
18	[1,2]
19	[1,2]
20	[1,2]
21	[1,2]
22	[1,2]
23	[1,2]
24	[1,2]
25	[1,2]
26	[1,2]
27	[1,2]
28	[1,2]
29	[1,2]
30	[1,2]
31	[1,2]
32	[1,2]
33	[1,2]
34	[1,2]
35	[1,2]
36	[1,2]
37	[1,2]
38	[1,2]
39	[1,2]
40	[1,2]
41	[1,2]
42	[1,2]
43	[1,2]
44	[1,2]
45	[1,2]
46	[1,2]
47	[1,2]
48	[1,2]
49	[1,2]
50	[1,2]
51	[1,2]
52	[1,2]
53	[1,2]
54	[1,2]
55	[1,2]
56	[1,2]
57	[1,2]
58	[1,2]
59	[1,2]
60	[3,4,5,6,7,8,9,10]
61	[3,4,5,6,7,8,9,10]
62	[3,4,5,6,7,8,9,10]
63	[3,4,5,6,7,8,9,10]
64	[3,4,5,6,7,8,9,10]
65	[3,4,5,6,7,8,9,10]
66	[3,4,5,6,7,8,9,10]
67	[3,4,5,6,7,8,9,10]
68	[3,4,5,6,7,8,9,10]
69	[3,4,5,6,7,8,9,10]
70	[3,4,5,6,7,8,9,10]
71	[3,4,5,6,7,8,9,10]
72	[3,4,5,6,7,8,9,10]
73	[3,4,5,6,7,8,9,10]
74	[3,4,5,6,7,8,9,10]
75	[3,4,5,6,7,8,9,10]
76	[3,4,5,6,7,8,9,10]
77	[3,4,5,6,7,8,9,10]
78	[3,4,5,6,7,8,9,10]
79	[3,4,5,6,7,8,9,10]
80	[11,12,13,14,15,16,17,18]
81	[11,12,13,14,15,16,17,18]
82	[11,12,13,14,15,16,17,18]
83	[11,12,13,14,15,16,17,18]
84	[11,12,13,14,15,16,17,18]
85	[11,12,13,14,15,16,17,18]
86	[11,12,13,14,15,16,17,18]
87	[11,12,13,14,15,16,17,18]
88	[11,12,13,14,15,16,17,18]
89	[11,12,13,14,15,16,17,18]
90	[11,12,13,14,15,16,17,18]
91	[11,12,13,14,15,16,17,18]
92	[11,12,13,14,15,16,17,18]
93	[11,12,13,14,15,16,17,18]
94	[11,12,13,14,15,16,17,18]
95	[11,12,13,14,15,16,17,18]
96	[11,12,13,14,15,16,17,18]
97	[11,12,13,14,15,16,17,18]
98	[11,12,13,14,15,16,17,18]
99	[11,12,13,14,15,16,17,18]
100	[11,12,13,14,15,16,17,18]
101	[11,12,13,14,15,16,17,18]
102	[11,12,13,14,15,16,17,18]
103	[11,12,13,14,15,16,17,18]
104	[11,12,13,14,15,16,17,18]
105	[11,12,13,14,15,16,17,18]
106	[11,12,13,14,15,16,17,18]
107	[11,12,13,14,15,16,17,18]
108	[11,12,13,14,15,16,17,18]
109	[11,12,13,14,15,16,17,18]
110	[11,12,13,14,15,16,17,18]
111	[11,12,13,14,15,16,17,18]
112	[11,12,13,14,15,16,17,18]
113	[11,12,13,14,15,16,17,18]
114	[11,12,13,14,15,16,17,18]
115	[11,12,13,14,15,16,17,18]
116	[11,12,13,14,15,16,17,18]
117	[11,12,13,14,15,16,17,18]
118	[11,12,13,14,15,16,17,18]
119	[11,12,13,14,15,16,17,18]
120	[19,20,21,22,23,24,25,26,27,28,29,30]
121	[19,20,21,22,23,24,25,26,27,28,29,30]
122	[19,20,21,22,23,24,25,26,27,28,29,30]
123	[19,20,21,22,23,24,25,26,27,28,29,30]
124	[19,20,21,22,23,24,25,26,27,28,29,30]
125	[19,20,21,22,23,24,25,26,27,28,29,30]
126	[19,20,21,22,23,24,25,26,27,28,29,30]
127	[19,20,21,22,23,24,25,26,27,28,29,30]
128	[19,20,21,22,23,24,25,26,27,28,29,30]
129	[19,20,21,22,23,24,25,26,27,28,29,30]
130	[19,20,21,22,23,24,25,26,27,28,29,30]
131	[19,20,21,22,23,24,25,26,27,28,29,30]
132	[19,20,21,22,23,24,25,26,27,28,29,30]
133	[19,20,21,22,23,24,25,26,27,28,29,30]
134	[19,20,21,22,23,24,25,26,27,28,29,30]
135	[19,20,21,22,23,24,25,26,27,28,29,30]
136	[19,20,21,22,23,24,25,26,27,28,29,30]
137	[19,20,21,22,23,24,25,26,27,28,29,30]
138	[19,20,21,22,23,24,25,26,27,28,29,30]
139	[19,20,21,22,23,24,25,26,27,28,29,30]
140	[19,20,21,22,23,24,25,26,27,28,29,30]
141	[19,20,21,22,23,24,25,26,27,28,29,30]
142	[19,20,21,22,23,24,25,26,27,28,29,30]
143	[19,20,21,22,23,24,25,26,27,28,29,30]
144	[19,20,21,22,23,24,25,26,27,28,29,30]
145	[19,20,21,22,23,24,25,26,27,28,29,30]
146	[19,20,21,22,23,24,25,26,27,28,29,30]
147	[19,20,21,22,23,24,25,26,27,28,29,30]
148	[19,20,21,22,23,24,25,26,27,28,29,30]
149	[19,20,21,22,23,24,25,26,27,28,29,30]
150	[19,20,21,22,23,24,25,26,27,28,29,30]
151	[19,20,21,22,23,24,25,26,27,28,29,30]
152	[19,20,21,22,23,24,25,26,27,28,29,30]
153	[19,20,21,22,23,24,25,26,27,28,29,30]
154	[19,20,21,22,23,24,25,26,27,28,29,30]
155	[19,20,21,22,23,24,25,26,27,28,29,30]
156	[19,20,21,22,23,24,25,26,27,28,29,30]
157	[19,20,21,22,23,24,25,26,27,28,29,30]
158	[19,20,21,22,23,24,25,26,27,28,29,30]
159	[19,20,21,22,23,24,25,26,27,28,29,30]
160	[19,20,21,22,23,24,25,26,27,28,29,30]
161	[19,20,21,22,23,24,25,26,27,28,29,30]
162	[19,20,21,22,23,24,25,26,27,28,29,30]
163	[19,20,21,22,23,24,25,26,27,28,29,30]
164	[19,20,21,22,23,24,25,26,27,28,29,30]
165	[19,20,21,22,23,24,25,26,27,28,29,30]
166	[19,20,21,22,23,24,25,26,27,28,29,30]
167	[19,20,21,22,23,24,25,26,27,28,29,30]
168	[19,20,21,22,23,24,25,26,27,28,29,30]
169	[19,20,21,22,23,24,25,26,27,28,29,30]
170	[19,20,21,22,23,24,25,26,27,28,29,30]
171	[19,20,21,22,23,24,25,26,27,28,29,30]
172	[19,20,21,22,23,24,25,26,27,28,29,30]
173	[19,20,21,22,23,24,25,26,27,28,29,30]
174	[19,20,21,22,23,24,25,26,27,28,29,30]
175	[19,20,21,22,23,24,25,26,27,28,29,30]
176	[19,20,21,22,23,24,25,26,27,28,29,30]
177	[19,20,21,22,23,24,25,26,27,28,29,30]
178	[19,20,21,22,23,24,25,26,27,28,29,30]
179	[19,20,21,22,23,24,25,26,27,28,29,30]
