DayIndex	MinDailyDoScore	MinRechargeRMB	LoginReward	DailyDoReward	RechargeReward
天数索引	最少活跃度	最少充值数	登录奖励	每日必做奖励	首充奖励
1	100	200	[(27642,5),(25600,5),(25837,5)]	[(27850,1),(27566,1),(26144,5)]	[(26450,5),(26031,1),(27167,1)]
2	100	200	[(27642,5),(25600,5),(25837,5)]	[(27850,1),(27566,1),(26144,5)]	[(26450,5),(26031,1),(27167,1)]
3	100	200	[(27642,5),(25600,5),(25837,5)]	[(27850,1),(27566,1),(26144,5)]	[(26450,5),(26031,1),(27167,1)]
4	100	200	[(27642,5),(25600,5),(25837,5)]	[(27850,1),(27566,1),(26144,5)]	[(26450,5),(26031,1),(27167,1)]
5	100	200	[(27642,5),(25600,5),(25837,5)]	[(27850,1),(27566,1),(26144,5)]	[(26450,5),(26031,1),(27167,1)]
6	100	200	[(27642,5),(25600,5),(25837,5)]	[(27850,1),(27566,1),(26144,5)]	[(26450,5),(26031,1),(27167,1)]
7	100	200	[(27642,5),(25600,5),(25837,5)]	[(27850,1),(27566,1),(26144,5)]	[(26450,5),(26031,1),(27167,1)]
8	100	200	[(27642,5),(25600,5),(25837,5)]	[(27850,1),(27566,1),(26144,5)]	[(26450,5),(26031,1),(27167,1)]
