Index	InputRMB	ForClient	ReturnRMB	ReturnRMB_QQ	ExtendReturnRMB	ExtendReturnPro	ExtendReturnCnt
档次	投入神石	返还神石下限（客户端用）	返还神石[(返还下限, 返还上限, 概率)...]	QQ平台返回神石	额外获得神石	概率（万分比）	服务器每日限量
1	10	20	[(20, 30, 6000), (31, 40, 2000), (41, 50, 1000)]	27	88	200	3
2	50	75	[(75, 85, 6000), (86, 95, 2000), (96, 100, 1000)]	84	188	150	2
3	120	180	[(180, 210, 6000), (211, 235, 2000), (236, 250, 1000)]	200	288	100	1
4	240	360	[(360, 420, 6000), (421, 480, 2000), (481, 500, 1000)]	400	488	100	1
5	480	720	[(720, 840, 6000), (841, 940, 2000), (941, 1000, 1000)]	800	688	100	1
6	800	1200	[(1200, 1340, 6000), (1341, 1440, 2000), (1441, 1500, 1000)]	1298	888	100	1
7	1280	1920	[(1920, 2220, 6000), (2221, 2420, 2000), (2421, 2500, 1000)]	2160	1288	100	1
8	2000	3000	[(3000, 3500, 6000), (3501, 3850, 2000), (3851, 4000, 1000)]	3360	1888	100	1
