Index	InputRMB	ForClient	ReturnRMB	ReturnRMB_QQ	ExtendReturnRMB	ExtendReturnPro	ExtendReturnCnt
档次	投入神石	返还神石下限（客户端用）	返还神石[(返还下限, 返还上限, 概率)...]	QQ平台返回神石	额外获得神石	概率（万分比）	服务器每日限量
1	25	45	[(45, 50, 3000), (51, 55, 3000), (56, 60, 3000)]	27	88	200	3
2	125	140	[(140, 150, 3000), (151, 160, 3000), (161, 170, 3000)]	84	188	150	2
3	300	360	[(360, 385, 4000), (386, 410, 4000), (411, 435, 1000)]	200	288	100	1
4	600	720	[(720, 760, 4000), (761, 800, 4000), (801, 840, 1000)]	400	488	100	1
5	1200	1440	[(1440, 1520, 4000), (1521, 1600, 4000), (1601, 1680, 1000)]	800	688	100	1
6	2000	2400	[(2400, 2560, 4000), (2561, 2720, 4000), (2721, 2880, 1000)]	1298	888	100	1
7	3200	3840	[(3840, 4160, 6000), (4161, 4480, 2000), (4481, 4800, 1000)]	2160	1288	100	1
8	5000	6000	[(6000, 6500, 6000), (6501, 7000, 2000), (7001, 7500, 1000)]	3360	1888	100	1
