ChestCode	Reward	RedHand	RewardItemShow	RewardTarot	FreeCnt	Cost
宝箱code	宝箱奖励(类型,(奖励内容,数量),概率)类型1：道具 2：命魂 3金币 4 魔晶	红手榜记录	客户端显示奖励预览	命魂奖励	免费开启宝箱次数	开启宝箱消耗神石数
26665	[(1,(35618,1),20),(1,(35619,1),30),(1,(35620,1),30),(1,(35621,1),24),(1,(35622,1),27),(1,(35623,1),27),(2,(3,1),4000),(2,(4,1),3100),(2,(12,1),1600),(2,(13,1),750),(2,(48,1),600)]	[(1,(35618,1)),(1,(35619,1)),(1,(35620,1)),(1,(35621,1)),(1,(35622,1)),(1,(35623,1))]	[(35618,1),(35619,1),(35621,1),(35622,1),(35623,1)]		5	10
26666	[(1,(35718,1),6),(1,(35719,1),6),(1,(35720,1),6),(1,(35721,1),6),(1,(35722,1),6),(1,(35723,1),6),(2,(3,1),4000),(2,(4,1),3100),(2,(12,1),1600),(2,(13,1),750),(2,(48,1),600)]	[(1,(35718,1)),(1,(35719,1)),(1,(35720,1)),(1,(35721,1)),(1,(35722,1)),(1,(35723,1))]	[(35718,1),(35720,1),(35721,1),(35722,1),(35723,1)]		5	10
26671	[(1,(25722,1),6000),(1,(25731,1),3000),(1,(25740,1),600),(1,(25749,1),300),(1,(25758,1),100)]	[(1,(25749,1)),(1,(25758,1))]	[(25749,1),(25758,1)]		5	10
26672	[(1,(25642,2),100),(1,(25642,3),100),(1,(25642,4),100),(1,(25642,5),100),(1,(25642,6),100),(1,(25642,7),100),(1,(25642,8),100),(1,(25642,9),100),(1,(25642,10),100)]	[(1,(25642,8)),(1,(25642,9)),(1,(25642,10))]	[(25642,8),(25642,9),(25642,10)]		5	5
26673	[(1,(25644,2),100),(1,(25644,3),100),(1,(25644,4),100),(1,(25644,5),100),(1,(25644,6),100),(1,(25644,7),100),(1,(25644,8),100),(1,(25644,9),100),(1,(25644,10),100)]	[(1,(25644,8)),(1,(25644,9)),(1,(25644,10))]	[(25644,8),(25644,9),(25644,10)]		5	5
26674	[(1,(25644,3),100),(1,(25644,4),100),(1,(25644,5),100),(1,(25644,6),100),(1,(25644,7),100),(1,(25644,8),100),(1,(25644,9),100),(1,(25644,10),100),(1,(25644,11),100),(1,(25644,12),100),(1,(25644,13),100)]	[(1,(25644,11)),(1,(25644,12)),(1,(25644,13))]	[(25644,11),(25644,12),(25644,13)]		5	5
26675	[(1,(25645,3),100),(1,(25645,4),100),(1,(25645,5),100),(1,(25645,6),100),(1,(25645,7),100),(1,(25645,8),100),(1,(25645,9),100),(1,(25645,10),100),(1,(25645,11),100),(1,(25645,12),100),(1,(25645,13),100)]	[(1,(25645,11)),(1,(25645,12)),(1,(25645,13))]	[(25645,11),(25645,12),(25645,13)]		5	5
27855	[(1,(27817,30),1500),(1,(26224,1),2000),(1,(26228,1),1700),(1,(26225,1),700),(1,(26229,1),600),(1,(26676,1),1500),(1,(26144,30),1500),(1,(25837,30),1500),(1,(26677,20),1200),(1,(26341,100),1500),(1,(26298,5),1500),(1,(26479,20),1500),(2,(59,1),8),(2,(60,1),8)]	[(1,(26225,1)),(1,(26229,1)),(1,(27817,30)),(1,(25837,30)),(1,(26341,100))]		[(51,1),(52,1),(57,1),(59,1),(60,1)]	2	20
