coding	name	wingCoding	wingId	needlevel	grade	posType	nameColor	suitId	canSell	salePrice	Idepro	FaileIdepro	needItem	idegorgeous	gorgeous	Basept1	Basepv1	Basept2	Basepv2	Starpt1	Starpv1	Starpt2	Starpv2	Uppt1	Uppv1	Uppt2	Uppv2	Jdpt1	Jdpv1	Jdpt2	Jdpv2	Jdpt3	Jdpv3	needLog	kinds	propsType	icon	sortLevel	miaoshu	doubleclick	jiaMi
物品编码	物品名字	对应item表中的coding	这个只有翅膀需要，对应羽翼系统的翅膀ID,非羽翼填0	佩戴需要等级	时装品阶	装备部位(1:武器,2:衣服,3:帽子,4:羽翼)	道具名称颜色	拥有的套装属性ID	物品是否可以出售(0:不可以，1:可以)	价钱	鉴定成功概率	鉴定失败加的幸运值	鉴定需要的物品	鉴定后基础华丽度	鉴定前基础华丽度	时装的基础属性类型	时装的基础属性值	时装的基础属性类型	时装的基础属性值	升星主角属性类型	升星主角属性值	升星主角属性类型	升星主角属性值	升阶主角属性类型	升阶主角属性值	升阶主角属性类型	升阶主角属性值	鉴定属性类型	鉴定属性值	鉴定属性类型	鉴定属性值	鉴定属性类型	鉴定属性值	是否记录日志(0：不记录   1：记录)	物品类型：（时装==12）	道具类型(14=时装）	道具图标	排序优先级，越大越靠前	描述	双击功能	是否需要加密
37001	天使·圣洁之心		0	45	1	1	[蓝色,紫色,黄色,橙色,红色]	1	1	500	4500	500	[26676,1]	20	5	4	500	6	500	4	[0,50,110,180,260,350,450,560,680,810,950,1100,1260,1430,1610,1800,2000,2210,2430,2660]	6	[0,50,110,180,260,350,450,560,680,810,950,1100,1260,1430,1610,1800,2000,2210,2430,2660]	4	[0,50,100,150,200]	6	[0,50,100,150,200]	4	[484,972,1468,1954,2432]	6	[484,972,1468,1954,2432]	10	[100,220,350,500,700]	1	12	14	szwuqi1	700	<font color="#E6DFBB">天使套装-武器部件,图鉴中选择并保存获得天使武器形象；所有时装的基础属性（主角）可以叠加生效。<br>获取：</font>商城购买<br><font color="#cc6633">各时装套装属性可叠加同时生效。</font>	ACTIVE_CLOTHES	1
37002	天使·圣洁之风		0	45	1	2	[蓝色,紫色,黄色,橙色,红色]	1	1	500	4500	500	[26676,1]	20	8	1	1500	0	0	1	[0,150,330,540,780,1050,1350,1680,2040,2430,2850,3300,3780,4290,4830,5400,6000,6630,7290,7980]	0	0	1	[0,150,300,450,600]	0	0	1	[1452,2916,4404,5862,7296]	11	[100,220,350,500,700]	0	0	1	12	14	szyifu1	701	<font color="#E6DFBB">天使套装-衣服部件,图鉴中选择并保存获得天使衣服形象；所有时装的基础属性（主角）可以叠加生效。<br>获取：</font>商城购买。<br><font color="#cc6633">各时装套装属性可叠加同时生效。</font>	ACTIVE_CLOTHES	1
37003	天使之翼	26921	10	45	1	4	[蓝色,紫色,黄色,橙色,红色]	1	1	500	4500	500	[26676,1]	20	5	9	300	12	300	9	[0,30,66,108,156,210,270,336,408,486,570,660,756,858,966,1080,1200,1326,1458,1596]	12	[0,30,66,108,156,210,270,336,408,486,570,660,756,858,966,1080,1200,1326,1458,1596]	9	[0,30,60,90,120]	12	[0,30,60,90,120]	9	[400,800,1200,1600,2000]	12	[400,800,1200,1600,2000]	0	0	1	12	14	szyuyi1	702	<font color="#E6DFBB">天使套装-羽翼部件,图鉴中选择并保存获得天使羽翼形象；所有时装的基础属性（主角）可以叠加生效。<br>获取：</font>徽章商店<br><font color="#cc6633">各时装套装属性可叠加同时生效。</font>	ACTIVE_CLOTHES	1
37004	天使·圣洁之光		0	45	1	3	[蓝色,紫色,黄色,橙色,红色]	1	1	500	4500	500	[26676,1]	20	5	8	300	13	300	8	[0,30,66,108,156,210,270,336,408,486,570,660,756,858,966,1080,1200,1326,1458,1596]	13	[0,30,66,108,156,210,270,336,408,486,570,660,756,858,966,1080,1200,1326,1458,1596]	8	[0,30,60,90,120]	13	[0,30,60,90,120]	8	[400,800,1200,1600,2000]	13	[400,800,1200,1600,2000]	0	0	1	12	14	szmaozi1	703	<font color="#E6DFBB">天使套装-帽子部件,图鉴中选择并保存获得天使帽子形象；所有时装的基础属性（主角）可以叠加生效。<br>获取：</font>商城购买。<br><font color="#cc6633">各时装套装属性可叠加同时生效。</font>	ACTIVE_CLOTHES	1
37005	恶魔·邪恶之力		0	45	1	1	[蓝色,紫色,黄色,橙色,红色]	2	1	500	4500	500	[26676,1]	20	5	4	500	6	500	4	[0,50,110,180,260,350,450,560,680,810,950,1100,1260,1430,1610,1800,2000,2210,2430,2660]	6	[0,50,110,180,260,350,450,560,680,810,950,1100,1260,1430,1610,1800,2000,2210,2430,2660]	4	[0,50,100,150,200]	6	[0,50,100,150,200]	4	[484,972,1468,1954,2432]	6	[484,972,1468,1954,2432]	10	[100,220,350,500,700]	1	12	14	szwuqi2	704	<font color="#E6DFBB">恶魔套装-武器部件,图鉴中选择并保存获得恶魔武器形象；所有时装的基础属性（主角）可以叠加生效。<br>获取：</font>商城购买<br><font color="#cc6633">各时装套装属性可叠加同时生效。</font>	ACTIVE_CLOTHES	1
37006	恶魔·邪恶之魂		0	45	1	2	[蓝色,紫色,黄色,橙色,红色]	2	1	500	4500	500	[26676,1]	20	8	1	1500	0	0	1	[0,150,330,540,780,1050,1350,1680,2040,2430,2850,3300,3780,4290,4830,5400,6000,6630,7290,7980]	0	0	1	[0,150,300,450,600]	0	0	1	[1452,2916,4404,5862,7296]	11	[100,220,350,500,700]	0	0	1	12	14	szyifu2	705	<font color="#E6DFBB">恶魔套装-衣服部件,图鉴中选择并保存获得恶魔衣服形象；所有时装的基础属性（主角）可以叠加生效。<br>获取：</font>商城购买。<br><font color="#cc6633">各时装套装属性可叠加同时生效。</font>	ACTIVE_CLOTHES	1
37007	恶魔之翼	26981	11	45	1	4	[蓝色,紫色,黄色,橙色,红色]	2	1	500	4500	500	[26676,1]	20	5	9	300	12	300	9	[0,30,66,108,156,210,270,336,408,486,570,660,756,858,966,1080,1200,1326,1458,1596]	12	[0,30,66,108,156,210,270,336,408,486,570,660,756,858,966,1080,1200,1326,1458,1596]	9	[0,30,60,90,120]	12	[0,30,60,90,120]	9	[400,800,1200,1600,2000]	12	[400,800,1200,1600,2000]	0	0	1	12	14	szyuyi2	706	<font color="#E6DFBB">恶魔套装-羽翼部件,图鉴中选择并保存获得恶魔羽翼形象；所有时装的基础属性（主角）可以叠加生效。<br>获取：</font>龙骑神殿许愿池<br><font color="#cc6633">各时装套装属性可叠加同时生效。</font>	ACTIVE_CLOTHES	1
37008	恶魔·邪恶之角		0	45	1	3	[蓝色,紫色,黄色,橙色,红色]	2	1	500	4500	500	[26676,1]	20	5	8	300	13	300	8	[0,30,66,108,156,210,270,336,408,486,570,660,756,858,966,1080,1200,1326,1458,1596]	13	[0,30,66,108,156,210,270,336,408,486,570,660,756,858,966,1080,1200,1326,1458,1596]	8	[0,30,60,90,120]	13	[0,30,60,90,120]	8	[400,800,1200,1600,2000]	13	[400,800,1200,1600,2000]	0	0	1	12	14	szmaozi2	707	<font color="#E6DFBB">恶魔套装-帽子部件,图鉴中选择并保存获得恶魔帽子形象；所有时装的基础属性（主角）可以叠加生效。<br>获取：</font>商城购买。<br><font color="#cc6633">各时装套装属性可叠加同时生效。</font>	ACTIVE_CLOTHES	1
37009	白色恋人	26110	1	1	1	4	[蓝色,紫色,黄色,橙色,红色]	0	1	500	4500	500	[26676,1]	20	5	9	300	12	300	9	[0,30,66,108,156,210,270,336,408,486,570,660,756,858,966,1080,1200,1326,1458,1596]	12	[0,30,66,108,156,210,270,336,408,486,570,660,756,858,966,1080,1200,1326,1458,1596]	9	[0,30,60,90,120]	12	[0,30,60,90,120]	9	[400,800,1200,1600,2000]	12	[400,800,1200,1600,2000]	0	0	1	12	14	baiselianren	708	<font color="#E6DFBB">白色恋人羽翼部件，图鉴中选择并保存获得白色恋人羽翼形象。所有时装的基础属性（主角）可以叠加生效。<br>获取：</font>首充获得	ACTIVE_CLOTHES	1
37010	红粉佳人	26111	2	45	1	4	[蓝色,紫色,黄色,橙色,红色]	0	1	500	4500	500	[26676,1]	20	5	9	300	12	300	9	[0,30,66,108,156,210,270,336,408,486,570,660,756,858,966,1080,1200,1326,1458,1596]	12	[0,30,66,108,156,210,270,336,408,486,570,660,756,858,966,1080,1200,1326,1458,1596]	9	[0,30,60,90,120]	12	[0,30,60,90,120]	9	[400,800,1200,1600,2000]	12	[400,800,1200,1600,2000]	0	0	1	12	14	hongfenjiaren	709	<font color="#E6DFBB">红粉佳人羽翼部件，图鉴中选择并保存获得红粉佳人羽翼形象。所有时装的基础属性（主角）可以叠加生效。<br>获取：</font>商城购买	ACTIVE_CLOTHES	1
37011	青衣之恋	26112	3	45	1	4	[蓝色,紫色,黄色,橙色,红色]	0	1	500	4500	500	[26676,1]	20	5	9	300	12	300	9	[0,30,66,108,156,210,270,336,408,486,570,660,756,858,966,1080,1200,1326,1458,1596]	12	[0,30,66,108,156,210,270,336,408,486,570,660,756,858,966,1080,1200,1326,1458,1596]	9	[0,30,60,90,120]	12	[0,30,60,90,120]	9	[400,800,1200,1600,2000]	12	[400,800,1200,1600,2000]	0	0	1	12	14	qingyizhilian	710	<font color="#E6DFBB">青衣之恋羽翼部件，图鉴中选择并保存获得青衣之恋羽翼形象。所有时装的基础属性（主角）可以叠加生效。<br>获取：</font>商城购买	ACTIVE_CLOTHES	1
37012	蓝色妖姬	26113	4	45	1	4	[蓝色,紫色,黄色,橙色,红色]	0	1	500	4500	500	[26676,1]	20	5	9	300	12	300	9	[0,30,66,108,156,210,270,336,408,486,570,660,756,858,966,1080,1200,1326,1458,1596]	12	[0,30,66,108,156,210,270,336,408,486,570,660,756,858,966,1080,1200,1326,1458,1596]	9	[0,30,60,90,120]	12	[0,30,60,90,120]	9	[400,800,1200,1600,2000]	12	[400,800,1200,1600,2000]	0	0	1	12	14	lanseyaoji	711	<font color="#E6DFBB">蓝色妖姬羽翼部件，图鉴中选择并保存获得蓝色妖姬羽翼形象。所有时装的基础属性（主角）可以叠加生效。<br>获取：</font>商城购买	ACTIVE_CLOTHES	1
37013	紫陌倾城	26114	5	45	1	4	[蓝色,紫色,黄色,橙色,红色]	0	1	500	4500	500	[26676,1]	20	5	9	300	12	300	9	[0,30,66,108,156,210,270,336,408,486,570,660,756,858,966,1080,1200,1326,1458,1596]	12	[0,30,66,108,156,210,270,336,408,486,570,660,756,858,966,1080,1200,1326,1458,1596]	9	[0,30,60,90,120]	12	[0,30,60,90,120]	9	[400,800,1200,1600,2000]	12	[400,800,1200,1600,2000]	0	0	1	12	14	zimoqingcheng	712	<font color="#E6DFBB">紫陌倾城羽翼部件，图鉴中选择并保存获得紫陌倾城羽翼形象。所有时装的基础属性（主角）可以叠加生效。<br>获取：</font>商城购买	ACTIVE_CLOTHES	1
37014	血舞一生	26115	6	45	1	4	[蓝色,紫色,黄色,橙色,红色]	0	1	500	4500	500	[26676,1]	20	5	9	300	12	300	9	[0,30,66,108,156,210,270,336,408,486,570,660,756,858,966,1080,1200,1326,1458,1596]	12	[0,30,66,108,156,210,270,336,408,486,570,660,756,858,966,1080,1200,1326,1458,1596]	9	[0,30,60,90,120]	12	[0,30,60,90,120]	9	[400,800,1200,1600,2000]	12	[400,800,1200,1600,2000]	0	0	1	12	14	xuewuyisheng	713	<font color="#E6DFBB">血舞一生羽翼部件，图鉴中选择并保存获得血舞一生羽翼形象。所有时装的基础属性（主角）可以叠加生效。<br>获取：</font>商城购买	ACTIVE_CLOTHES	1
37015	璀璨人生	26116	7	45	1	4	[蓝色,紫色,黄色,橙色,红色]	0	1	500	4500	500	[26676,1]	20	5	9	300	12	300	9	[0,30,66,108,156,210,270,336,408,486,570,660,756,858,966,1080,1200,1326,1458,1596]	12	[0,30,66,108,156,210,270,336,408,486,570,660,756,858,966,1080,1200,1326,1458,1596]	9	[0,30,60,90,120]	12	[0,30,60,90,120]	9	[400,800,1200,1600,2000]	12	[400,800,1200,1600,2000]	0	0	1	12	14	cuicanrensheng	714	<font color="#E6DFBB">璀璨人生羽翼部件，图鉴中选择并保存获得璀璨人生羽翼形象。所有时装的基础属性（主角）可以叠加生效。<br>获取：</font>商城购买	ACTIVE_CLOTHES	1
37016	蓝色魅力	26117	8	45	1	4	[蓝色,紫色,黄色,橙色,红色]	0	1	500	4500	500	[26676,1]	20	5	9	300	12	300	9	[0,30,66,108,156,210,270,336,408,486,570,660,756,858,966,1080,1200,1326,1458,1596]	12	[0,30,66,108,156,210,270,336,408,486,570,660,756,858,966,1080,1200,1326,1458,1596]	9	[0,30,60,90,120]	12	[0,30,60,90,120]	9	[400,800,1200,1600,2000]	12	[400,800,1200,1600,2000]	0	0	1	12	14	lanshemeili	715	<font color="#E6DFBB">蓝色魅力羽翼部件，图鉴中选择并保存获得蓝色魅力羽翼形象。所有时装的基础属性（主角）可以叠加生效。<br>获取：</font>商城购买	ACTIVE_CLOTHES	1
37017	倾城之恋	26118	9	45	1	4	[蓝色,紫色,黄色,橙色,红色]	0	1	500	4500	500	[26676,1]	20	5	9	300	12	300	9	[0,30,66,108,156,210,270,336,408,486,570,660,756,858,966,1080,1200,1326,1458,1596]	12	[0,30,66,108,156,210,270,336,408,486,570,660,756,858,966,1080,1200,1326,1458,1596]	9	[0,30,60,90,120]	12	[0,30,60,90,120]	9	[400,800,1200,1600,2000]	12	[400,800,1200,1600,2000]	0	0	1	12	14	qingchengzhilian	716	<font color="#E6DFBB">倾城之恋羽翼部件，图鉴中选择并保存获得倾城之恋羽翼形象。所有时装的基础属性（主角）可以叠加生效。<br>获取：</font>精彩活动	ACTIVE_CLOTHES	1
37018	幽影		0	45	1	1	[蓝色,紫色,黄色,橙色,红色]	3	1	500	4500	500	[26676,1]	20	5	4	525	6	525	4	[0,50,110,180,260,350,450,560,680,810,950,1100,1260,1430,1610,1800,2000,2210,2430,2660]	6	[0,50,110,180,260,350,450,560,680,810,950,1100,1260,1430,1610,1800,2000,2210,2430,2660]	4	[0,50,100,150,200]	6	[0,50,100,150,200]	4	[484,972,1468,1954,2432]	6	[484,972,1468,1954,2432]	10	[100,220,350,500,700]	1	12	14	szwuqi3	717	<font color="#E6DFBB">万圣节套装-武器部件,图鉴中选择并保存获得万圣节武器形象；所有时装的基础属性（主角）可以叠加生效。<br>获取：</font>商城购买<br><font color="#cc6633">各时装套装属性可叠加同时生效。</font>	ACTIVE_CLOTHES	1
37019	幽灵		0	45	1	2	[蓝色,紫色,黄色,橙色,红色]	3	1	500	4500	500	[26676,1]	20	8	1	1575	0	0	1	[0,150,330,540,780,1050,1350,1680,2040,2430,2850,3300,3780,4290,4830,5400,6000,6630,7290,7980]	0	0	1	[0,150,300,450,600]	0	0	1	[1452,2916,4404,5862,7296]	11	[100,220,350,500,700]	0	0	1	12	14	szyifu3	718	<font color="#E6DFBB">万圣节套装-衣服部件,图鉴中选择并保存获得万圣节衣服形象；所有时装的基础属性（主角）可以叠加生效。<br>获取：</font>商城购买<br><font color="#cc6633">各时装套装属性可叠加同时生效。</font>	ACTIVE_CLOTHES	1
37020	幽鬼		0	45	1	3	[蓝色,紫色,黄色,橙色,红色]	3	1	500	4500	500	[26676,1]	20	5	8	330	13	280	8	[0,30,66,108,156,210,270,336,408,486,570,660,756,858,966,1080,1200,1326,1458,1596]	13	[0,30,66,108,156,210,270,336,408,486,570,660,756,858,966,1080,1200,1326,1458,1596]	8	[0,30,60,90,120]	13	[0,30,60,90,120]	8	[400,800,1200,1600,2000]	13	[400,800,1200,1600,2000]	0	0	1	12	14	szmaozi3	719	<font color="#E6DFBB">万圣节套装-帽子部件,图鉴中选择并保存获得万圣节帽子形象；所有时装的基础属性（主角）可以叠加生效。<br>获取：</font>商城购买<br><font color="#cc6633">各时装套装属性可叠加同时生效。</font>	ACTIVE_CLOTHES	1
37021	贵族之灵		0	45	1	1	[蓝色,紫色,黄色,橙色,红色]	4	1	500	4500	500	[26676,1]	20	5	4	600	6	600	4	[0,50,110,180,260,350,450,560,680,810,950,1100,1260,1430,1610,1800,2000,2210,2430,2660]	6	[0,50,110,180,260,350,450,560,680,810,950,1100,1260,1430,1610,1800,2000,2210,2430,2660]	4	[0,50,100,150,200]	6	[0,50,100,150,200]	4	[484,972,1468,1954,2432]	6	[484,972,1468,1954,2432]	10	[100,220,350,500,700]	1	12	14	szwuqi4	720	<font color="#E6DFBB">贵族套装-武器部件,图鉴中选择并保存获得贵族武器形象；所有时装的基础属性（主角）可以叠加生效。<br>获取：</font>龙骑神殿许愿池<br><font color="#cc6633">各时装套装属性可叠加同时生效。</font>	ACTIVE_CLOTHES	1
37022	贵族礼服		0	45	1	2	[蓝色,紫色,黄色,橙色,红色]	4	1	500	4500	500	[26676,1]	20	8	1	1800	0	0	1	[0,150,330,540,780,1050,1350,1680,2040,2430,2850,3300,3780,4290,4830,5400,6000,6630,7290,7980]	0	0	1	[0,150,300,450,600]	0	0	1	[1452,2916,4404,5862,7296]	11	[100,220,350,500,700]	0	0	1	12	14	szyifu4	721	<font color="#E6DFBB">贵族套装-衣服部件,图鉴中选择并保存获得贵族衣服形象；所有时装的基础属性（主角）可以叠加生效。<br>获取：</font>圣辉城许愿池<br><font color="#cc6633">各时装套装属性可叠加同时生效。</font>	ACTIVE_CLOTHES	1
37023	贵族时尚		0	45	1	3	[蓝色,紫色,黄色,橙色,红色]	4	1	500	4500	500	[26676,1]	20	5	8	360	13	360	8	[0,30,66,108,156,210,270,336,408,486,570,660,756,858,966,1080,1200,1326,1458,1596]	13	[0,30,66,108,156,210,270,336,408,486,570,660,756,858,966,1080,1200,1326,1458,1596]	8	[0,30,60,90,120]	13	[0,30,60,90,120]	8	[400,800,1200,1600,2000]	13	[400,800,1200,1600,2000]	0	0	1	12	14	szmaozi4	722	<font color="#E6DFBB">贵族套装-帽子部件,图鉴中选择并保存获得贵族帽子形象；所有时装的基础属性（主角）可以叠加生效。<br>获取：</font>精灵大陆许愿池<br><font color="#cc6633">各时装套装属性可叠加同时生效。</font>	ACTIVE_CLOTHES	1
37024	卡牌之心		0	45	1	1	[蓝色,紫色,黄色,橙色,红色]	5	1	500	4500	500	[26676,1]	20	5	4	600	6	600	4	[0,50,110,180,260,350,450,560,680,810,950,1100,1260,1430,1610,1800,2000,2210,2430,2660]	6	[0,50,110,180,260,350,450,560,680,810,950,1100,1260,1430,1610,1800,2000,2210,2430,2660]	4	[0,50,100,150,200]	6	[0,50,100,150,200]	4	[484,972,1468,1954,2432]	6	[484,972,1468,1954,2432]	10	[100,220,350,500,700]	1	12	14	kpwuqi1	723	<font color="#E6DFBB">卡牌套装-武器部件,图鉴中选择并保存获得卡牌武器形象；所有时装的基础属性（主角）可以叠加生效。<br>获取：</font>神秘商店<br><font color="#cc6633">各时装套装属性可叠加同时生效。</font>	ACTIVE_CLOTHES	1
37025	卡牌异装		0	45	1	2	[蓝色,紫色,黄色,橙色,红色]	5	1	500	4500	500	[26676,1]	20	8	1	1800	0	0	1	[0,150,330,540,780,1050,1350,1680,2040,2430,2850,3300,3780,4290,4830,5400,6000,6630,7290,7980]	0	0	1	[0,150,300,450,600]	0	0	1	[1452,2916,4404,5862,7296]	11	[100,220,350,500,700]	0	0	1	12	14	kpyifu1	724	<font color="#E6DFBB">卡牌套装-衣服部件,图鉴中选择并保存获得卡牌衣服形象；所有时装的基础属性（主角）可以叠加生效。<br>获取：</font>神秘商店<br><font color="#cc6633">各时装套装属性可叠加同时生效。</font>	ACTIVE_CLOTHES	1
37026	卡牌魅惑		0	45	1	3	[蓝色,紫色,黄色,橙色,红色]	5	1	500	4500	500	[26676,1]	20	5	8	400	13	320	8	[0,30,66,108,156,210,270,336,408,486,570,660,756,858,966,1080,1200,1326,1458,1596]	13	[0,30,66,108,156,210,270,336,408,486,570,660,756,858,966,1080,1200,1326,1458,1596]	8	[0,30,60,90,120]	13	[0,30,60,90,120]	8	[400,800,1200,1600,2000]	13	[400,800,1200,1600,2000]	0	0	1	12	14	kpmaozi1	725	<font color="#E6DFBB">卡牌套装-帽子部件,图鉴中选择并保存获得卡牌帽子形象；所有时装的基础属性（主角）可以叠加生效。<br>获取：</font>神秘商店<br><font color="#cc6633">各时装套装属性可叠加同时生效。</font>	ACTIVE_CLOTHES	1
37027	圣诞糖果		0	45	1	1	[蓝色,紫色,黄色,橙色,红色]	6	1	500	4500	500	[26676,1]	20	8	4	1000	6	1000	4	[0,50,110,180,260,350,450,560,680,810,950,1100,1260,1430,1610,1800,2000,2210,2430,2660]	6	[0,50,110,180,260,350,450,560,680,810,950,1100,1260,1430,1610,1800,2000,2210,2430,2660]	4	[0,50,100,150,200]	6	[0,50,100,150,200]	4	[484,972,1468,1954,2432]	6	[484,972,1468,1954,2432]	10	[100,220,350,500,700]	1	12	14	shengdantangguo	726	<font color="#E6DFBB">圣诞套装-武器部件,图鉴中选择并保存获得圣诞武器形象；所有时装的基础属性（主角）可以叠加生效。<br>获取：</font>商店购买<br><font color="#cc6633">各时装套装属性可叠加同时生效。</font>	ACTIVE_CLOTHES	1
37028	圣诞礼服		0	45	1	2	[蓝色,紫色,黄色,橙色,红色]	6	1	500	4500	500	[26676,1]	20	8	1	3000	0	0	1	[0,150,330,540,780,1050,1350,1680,2040,2430,2850,3300,3780,4290,4830,5400,6000,6630,7290,7980]	0	0	1	[0,150,300,450,600]	0	0	1	[1452,2916,4404,5862,7296]	11	[100,220,350,500,700]	0	0	1	12	14	shengdanlifu	727	<font color="#E6DFBB">圣诞套装-衣服部件,图鉴中选择并保存获得圣诞衣服形象；所有时装的基础属性（主角）可以叠加生效。<br>获取：</font>商店购买<br><font color="#cc6633">各时装套装属性可叠加同时生效。</font>	ACTIVE_CLOTHES	1
37029	圣诞麋鹿		0	45	1	3	[蓝色,紫色,黄色,橙色,红色]	6	1	500	4500	500	[26676,1]	20	8	8	1000	13	1000	8	[0,30,66,108,156,210,270,336,408,486,570,660,756,858,966,1080,1200,1326,1458,1596]	13	[0,30,66,108,156,210,270,336,408,486,570,660,756,858,966,1080,1200,1326,1458,1596]	8	[0,30,60,90,120]	13	[0,30,60,90,120]	8	[400,800,1200,1600,2000]	13	[400,800,1200,1600,2000]	0	0	1	12	14	shengdanmilu	728	<font color="#E6DFBB">圣诞套装-帽子部件,图鉴中选择并保存获得圣诞帽子形象；所有时装的基础属性（主角）可以叠加生效。<br>获取：</font>商店购买<br><font color="#cc6633">各时装套装属性可叠加同时生效。</font>	ACTIVE_CLOTHES	1
37030	圣光之舞		0	45	1	1	[蓝色,紫色,黄色,橙色,红色]	0	1	500	4500	500	[26676,1]	20	5	4	550	6	550	4	[0,50,110,180,260,350,450,560,680,810,950,1100,1260,1430,1610,1800,2000,2210,2430,2660]	6	[0,50,110,180,260,350,450,560,680,810,950,1100,1260,1430,1610,1800,2000,2210,2430,2660]	4	[0,50,100,150,200]	6	[0,50,100,150,200]	4	[484,972,1468,1954,2432]	6	[484,972,1468,1954,2432]	10	[100,220,350,500,700]	1	12	14	hhlzwq	729	<font color="#E6DFBB">活动专属-武器部件,图鉴中选择并保存获得圣光之舞武器形象；所有时装的基础属性（主角）可以叠加生效。<br>获取：</font>活动专属时装武器<br><font color="#cc6633">该部件没有套装属性</font>	ACTIVE_CLOTHES	1
37031	情人玫瑰		0	45	1	1	[蓝色,紫色,黄色,橙色,红色]	7	1	500	4500	500	[26676,1]	20	8	4	1000	6	1000	4	[0,50,110,180,260,350,450,560,680,810,950,1100,1260,1430,1610,1800,2000,2210,2430,2660]	6	[0,50,110,180,260,350,450,560,680,810,950,1100,1260,1430,1610,1800,2000,2210,2430,2660]	4	[0,50,100,150,200]	6	[0,50,100,150,200]	4	[484,972,1468,1954,2432]	6	[484,972,1468,1954,2432]	10	[100,220,350,500,700]	1	12	14	qingrenjiewuqi	730	<font color="#E6DFBB">情人套装-武器部件,图鉴中选择并保存获得情人武器形象；所有时装的基础属性（主角）可以叠加生效。<br>获取：</font>活动获取<br><font color="#cc6633">各时装套装属性可叠加同时生效。</font>	ACTIVE_CLOTHES	1
37032	情人之心		0	45	1	2	[蓝色,紫色,黄色,橙色,红色]	7	1	500	4500	500	[26676,1]	20	8	1	3000	0	0	1	[0,150,330,540,780,1050,1350,1680,2040,2430,2850,3300,3780,4290,4830,5400,6000,6630,7290,7980]	0	0	1	[0,150,300,450,600]	0	0	1	[1452,2916,4404,5862,7296]	11	[100,220,350,500,700]	0	0	1	12	14	qingrenjieyifu	731	<font color="#E6DFBB">情人套装-衣服部件,图鉴中选择并保存获得情人衣服形象；所有时装的基础属性（主角）可以叠加生效。<br>获取：</font>活动获取<br><font color="#cc6633">各时装套装属性可叠加同时生效。</font>	ACTIVE_CLOTHES	1
37033	情人之灵		0	45	1	3	[蓝色,紫色,黄色,橙色,红色]	7	1	500	4500	500	[26676,1]	20	8	8	1000	13	1000	8	[0,30,66,108,156,210,270,336,408,486,570,660,756,858,966,1080,1200,1326,1458,1596]	13	[0,30,66,108,156,210,270,336,408,486,570,660,756,858,966,1080,1200,1326,1458,1596]	8	[0,30,60,90,120]	13	[0,30,60,90,120]	8	[400,800,1200,1600,2000]	13	[400,800,1200,1600,2000]	0	0	1	12	14	qingrenjietoufa	732	<font color="#E6DFBB">情人套装-帽子部件,图鉴中选择并保存获得情人帽子形象；所有时装的基础属性（主角）可以叠加生效。<br>获取：</font>活动获取<br><font color="#cc6633">各时装套装属性可叠加同时生效。</font>	ACTIVE_CLOTHES	1
37034	情人之翼	27866	12	45	1	4	[蓝色,紫色,黄色,橙色,红色]	7	1	500	4500	500	[26676,1]	20	5	9	500	12	500	9	[0,30,66,108,156,210,270,336,408,486,570,660,756,858,966,1080,1200,1326,1458,1596]	12	[0,30,66,108,156,210,270,336,408,486,570,660,756,858,966,1080,1200,1326,1458,1596]	9	[0,30,60,90,120]	12	[0,30,60,90,120]	9	[400,800,1200,1600,2000]	12	[400,800,1200,1600,2000]	0	0	1	12	14	qingrenjiechibang	733	<font color="#E6DFBB">情人套装-羽翼部件,图鉴中选择并保存获得情人羽翼形象；所有时装的基础属性（主角）可以叠加生效。<br>获取：</font>活动获取<br><font color="#cc6633">各时装套装属性可叠加同时生效。</font>	ACTIVE_CLOTHES	1
37035	万事如意		0	45	1	1	[蓝色,紫色,黄色,橙色,红色]	8	1	500	4500	500	[26676,1]	20	8	4	1000	6	1000	4	[0,50,110,180,260,350,450,560,680,810,950,1100,1260,1430,1610,1800,2000,2210,2430,2660]	6	[0,50,110,180,260,350,450,560,680,810,950,1100,1260,1430,1610,1800,2000,2210,2430,2660]	4	[0,50,100,150,200]	6	[0,50,100,150,200]	4	[484,972,1468,1954,2432]	6	[484,972,1468,1954,2432]	10	[100,220,350,500,700]	1	12	14	chunjiewuqi	734	<font color="#E6DFBB">春节套装-武器部件,图鉴中选择并保存获得春节武器形象；所有时装的基础属性（主角）可以叠加生效。<br>获取：</font>活动获取<br><font color="#cc6633">各时装套装属性可叠加同时生效。</font>	ACTIVE_CLOTHES	1
37036	花开富贵		0	45	1	2	[蓝色,紫色,黄色,橙色,红色]	8	1	500	4500	500	[26676,1]	20	8	1	3000	0	0	1	[0,150,330,540,780,1050,1350,1680,2040,2430,2850,3300,3780,4290,4830,5400,6000,6630,7290,7980]	0	0	1	[0,150,300,450,600]	0	0	1	[1452,2916,4404,5862,7296]	11	[100,220,350,500,700]	0	0	1	12	14	chunjieyifu	735	<font color="#E6DFBB">春节套装-衣服部件,图鉴中选择并保存获得春节衣服形象；所有时装的基础属性（主角）可以叠加生效。<br>获取：</font>活动获取<br><font color="#cc6633">各时装套装属性可叠加同时生效。</font>	ACTIVE_CLOTHES	1
37037	金玉满堂		0	45	1	3	[蓝色,紫色,黄色,橙色,红色]	8	1	500	4500	500	[26676,1]	20	8	8	1000	13	1000	8	[0,30,66,108,156,210,270,336,408,486,570,660,756,858,966,1080,1200,1326,1458,1596]	13	[0,30,66,108,156,210,270,336,408,486,570,660,756,858,966,1080,1200,1326,1458,1596]	8	[0,30,60,90,120]	13	[0,30,60,90,120]	8	[400,800,1200,1600,2000]	13	[400,800,1200,1600,2000]	0	0	1	12	14	chunjietoufa	736	<font color="#E6DFBB">春节套装-帽子部件,图鉴中选择并保存获得春节帽子形象；所有时装的基础属性（主角）可以叠加生效。<br>获取：</font>活动获取<br><font color="#cc6633">各时装套装属性可叠加同时生效。</font>	ACTIVE_CLOTHES	1
37038	红红火火	27867	13	45	1	4	[蓝色,紫色,黄色,橙色,红色]	8	1	500	4500	500	[26676,1]	20	5	9	500	12	500	9	[0,30,66,108,156,210,270,336,408,486,570,660,756,858,966,1080,1200,1326,1458,1596]	12	[0,30,66,108,156,210,270,336,408,486,570,660,756,858,966,1080,1200,1326,1458,1596]	9	[0,30,60,90,120]	12	[0,30,60,90,120]	9	[400,800,1200,1600,2000]	12	[400,800,1200,1600,2000]	0	0	1	12	14	chunjiechibang	737	<font color="#E6DFBB">春节套装-羽翼部件,图鉴中选择并保存获得春节羽翼形象；所有时装的基础属性（主角）可以叠加生效。<br>获取：</font>活动获取<br><font color="#cc6633">各时装套装属性可叠加同时生效。</font>	ACTIVE_CLOTHES	1
37039	黑龙之刃		0	45	1	1	[蓝色,紫色,黄色,橙色,红色]	9	1	500	4500	500	[26676,1]	20	8	4	1000	6	1000	4	[0,50,110,180,260,350,450,560,680,810,950,1100,1260,1430,1610,1800,2000,2210,2430,2660]	6	[0,50,110,180,260,350,450,560,680,810,950,1100,1260,1430,1610,1800,2000,2210,2430,2660]	4	[0,50,100,150,200]	6	[0,50,100,150,200]	4	[484,972,1468,1954,2432]	6	[484,972,1468,1954,2432]	10	[100,220,350,500,700]	1	12	14	heilongzhiren	738	<font color="#E6DFBB">黑龙套装-武器部件,图鉴中选择并保存获得黑龙武器形象；所有时装的基础属性（主角）可以叠加生效。<br>获取：</font>活动获取<br><font color="#cc6633">各时装套装属性可叠加同时生效。</font>	ACTIVE_CLOTHES	1
37040	黑龙之影		0	45	1	2	[蓝色,紫色,黄色,橙色,红色]	9	1	500	4500	500	[26676,1]	20	8	1	3000	0	0	1	[0,150,330,540,780,1050,1350,1680,2040,2430,2850,3300,3780,4290,4830,5400,6000,6630,7290,7980]	0	0	1	[0,150,300,450,600]	0	0	1	[1452,2916,4404,5862,7296]	11	[100,220,350,500,700]	0	0	1	12	14	heilongzhiying	739	<font color="#E6DFBB">黑龙套装-衣服部件,图鉴中选择并保存获得黑龙衣服形象；所有时装的基础属性（主角）可以叠加生效。<br>获取：</font>活动获取<br><font color="#cc6633">各时装套装属性可叠加同时生效。</font>	ACTIVE_CLOTHES	1
37041	黑龙之心		0	45	1	3	[蓝色,紫色,黄色,橙色,红色]	9	1	500	4500	500	[26676,1]	20	8	8	1000	13	1000	8	[0,30,66,108,156,210,270,336,408,486,570,660,756,858,966,1080,1200,1326,1458,1596]	13	[0,30,66,108,156,210,270,336,408,486,570,660,756,858,966,1080,1200,1326,1458,1596]	8	[0,30,60,90,120]	13	[0,30,60,90,120]	8	[400,800,1200,1600,2000]	13	[400,800,1200,1600,2000]	0	0	1	12	14	heilongzhixin	740	<font color="#E6DFBB">黑龙套装-帽子部件,图鉴中选择并保存获得黑龙帽子形象；所有时装的基础属性（主角）可以叠加生效。<br>获取：</font>活动获取<br><font color="#cc6633">各时装套装属性可叠加同时生效。</font>	ACTIVE_CLOTHES	1
37042	黑龙之翼	28270	14	45	1	4	[蓝色,紫色,黄色,橙色,红色]	9	1	500	4500	500	[26676,1]	20	8	9	1000	12	1000	9	[0,30,66,108,156,210,270,336,408,486,570,660,756,858,966,1080,1200,1326,1458,1596]	12	[0,30,66,108,156,210,270,336,408,486,570,660,756,858,966,1080,1200,1326,1458,1596]	9	[0,30,60,90,120]	12	[0,30,60,90,120]	9	[400,800,1200,1600,2000]	12	[400,800,1200,1600,2000]	0	0	1	12	14	heilongzhiyi	741	<font color="#E6DFBB">黑龙套装-羽翼部件,图鉴中选择并保存获得黑龙羽翼形象；所有时装的基础属性（主角）可以叠加生效。<br>获取：</font>活动获取<br><font color="#cc6633">各时装套装属性可叠加同时生效。</font>	ACTIVE_CLOTHES	1
37043	怒火战刃		0	45	1	1	[蓝色,紫色,黄色,橙色,红色]	10	1	500	4500	500	[26676,1]	20	8	4	1000	6	1000	4	[0,50,110,180,260,350,450,560,680,810,950,1100,1260,1430,1610,1800,2000,2210,2430,2660]	6	[0,50,110,180,260,350,450,560,680,810,950,1100,1260,1430,1610,1800,2000,2210,2430,2660]	4	[0,50,100,150,200]	6	[0,50,100,150,200]	4	[484,972,1468,1954,2432]	6	[484,972,1468,1954,2432]	10	[100,220,350,500,700]	1	12	14	nuhuozhanren	742	<font color="#E6DFBB">怒火精灵套装-武器部件,图鉴中选择并保存获得怒火战刃形象；所有时装的基础属性（主角）可以叠加生效。<br>获取：</font>活动获取<br><font color="#cc6633">各时装套装属性可叠加同时生效。</font>	ACTIVE_CLOTHES	1
37044	怒火胸甲		0	45	1	2	[蓝色,紫色,黄色,橙色,红色]	10	1	500	4500	500	[26676,1]	20	8	1	3000	0	0	1	[0,150,330,540,780,1050,1350,1680,2040,2430,2850,3300,3780,4290,4830,5400,6000,6630,7290,7980]	0	0	1	[0,150,300,450,600]	0	0	1	[1452,2916,4404,5862,7296]	11	[100,220,350,500,700]	0	0	1	12	14	nuhuoxiongjia	743	<font color="#E6DFBB">怒火精灵套装-衣服部件,图鉴中选择并保存获得怒火胸甲形象；所有时装的基础属性（主角）可以叠加生效。<br>获取：</font>活动获取<br><font color="#cc6633">各时装套装属性可叠加同时生效。</font>	ACTIVE_CLOTHES	1
37045	怒火头饰		0	45	1	3	[蓝色,紫色,黄色,橙色,红色]	10	1	500	4500	500	[26676,1]	20	8	8	1100	13	900	8	[0,30,66,108,156,210,270,336,408,486,570,660,756,858,966,1080,1200,1326,1458,1596]	13	[0,30,66,108,156,210,270,336,408,486,570,660,756,858,966,1080,1200,1326,1458,1596]	8	[0,30,60,90,120]	13	[0,30,60,90,120]	8	[400,800,1200,1600,2000]	13	[400,800,1200,1600,2000]	0	0	1	12	14	nuhuotoushi	744	<font color="#E6DFBB">怒火精灵套装-帽子部件,图鉴中选择并保存获得怒火头饰形象；所有时装的基础属性（主角）可以叠加生效。<br>获取：</font>活动获取<br><font color="#cc6633">各时装套装属性可叠加同时生效。</font>	ACTIVE_CLOTHES	1
37046	怒火羽翼	28669	15	45	1	4	[蓝色,紫色,黄色,橙色,红色]	10	1	500	4500	500	[26676,1]	20	5	9	800	12	1200	9	[0,30,66,108,156,210,270,336,408,486,570,660,756,858,966,1080,1200,1326,1458,1596]	12	[0,30,66,108,156,210,270,336,408,486,570,660,756,858,966,1080,1200,1326,1458,1596]	9	[0,30,60,90,120]	12	[0,30,60,90,120]	9	[400,800,1200,1600,2000]	12	[400,800,1200,1600,2000]	0	0	1	12	14	nuhuoyuyi	745	<font color="#E6DFBB">怒火精灵套装-羽翼部件,图鉴中选择并保存获得怒火羽翼形象；所有时装的基础属性（主角）可以叠加生效。<br>获取：</font>活动获取<br><font color="#cc6633">各时装套装属性可叠加同时生效。</font>	ACTIVE_CLOTHES	1
37047	黄金利刃		0	45	1	1	[蓝色,紫色,黄色,橙色,红色]	11	1	500	4500	500	[26676,1]	20	8	4	1000	6	1000	4	[0,50,110,180,260,350,450,560,680,810,950,1100,1260,1430,1610,1800,2000,2210,2430,2660]	6	[0,50,110,180,260,350,450,560,680,810,950,1100,1260,1430,1610,1800,2000,2210,2430,2660]	4	[0,50,100,150,200]	6	[0,50,100,150,200]	4	[484,972,1468,1954,2432]	6	[484,972,1468,1954,2432]	10	[100,220,350,500,700]	1	12	14	huangjinliren	746	<font color="#E6DFBB">黄金铠甲套装-武器部件,图鉴中选择并保存获得黄金利刃武器形象；所有时装的基础属性（主角）可以叠加生效。<br>获取：</font>活动获取<br><font color="#cc6633">各时装套装属性可叠加同时生效。</font>	ACTIVE_CLOTHES	1
37048	黄金铠甲		0	45	1	2	[蓝色,紫色,黄色,橙色,红色]	11	1	500	4500	500	[26676,1]	20	8	1	3000	0	0	1	[0,150,330,540,780,1050,1350,1680,2040,2430,2850,3300,3780,4290,4830,5400,6000,6630,7290,7980]	0	0	1	[0,150,300,450,600]	0	0	1	[1452,2916,4404,5862,7296]	11	[100,220,350,500,700]	0	0	1	12	14	huangjinkaijia	747	<font color="#E6DFBB">黄金铠甲套装-衣服部件,图鉴中选择并保存获得黄金铠甲形象；所有时装的基础属性（主角）可以叠加生效。<br>获取：</font>活动获取<br><font color="#cc6633">各时装套装属性可叠加同时生效。</font>	ACTIVE_CLOTHES	1
37049	黄金头盔		0	45	1	3	[蓝色,紫色,黄色,橙色,红色]	11	1	500	4500	500	[26676,1]	20	5	8	900	13	1100	8	[0,30,66,108,156,210,270,336,408,486,570,660,756,858,966,1080,1200,1326,1458,1596]	13	[0,30,66,108,156,210,270,336,408,486,570,660,756,858,966,1080,1200,1326,1458,1596]	8	[0,30,60,90,120]	13	[0,30,60,90,120]	8	[400,800,1200,1600,2000]	13	[400,800,1200,1600,2000]	0	0	1	12	14	huangjintoukui	748	<font color="#E6DFBB">黄金铠甲套装-帽子部件,图鉴中选择并保存获得黄金头盔形象；所有时装的基础属性（主角）可以叠加生效。<br>获取：</font>活动获取<br><font color="#cc6633">各时装套装属性可叠加同时生效。</font>	ACTIVE_CLOTHES	1
37050	黄金之翼	28670	16	45	1	4	[蓝色,紫色,黄色,橙色,红色]	11	1	500	4500	500	[26676,1]	20	8	9	1200	12	800	9	[0,30,66,108,156,210,270,336,408,486,570,660,756,858,966,1080,1200,1326,1458,1596]	12	[0,30,66,108,156,210,270,336,408,486,570,660,756,858,966,1080,1200,1326,1458,1596]	9	[0,30,60,90,120]	12	[0,30,60,90,120]	9	[400,800,1200,1600,2000]	12	[400,800,1200,1600,2000]	0	0	1	12	14	huangjinzhiyi	749	<font color="#E6DFBB">黄金铠甲套装-羽翼部件,图鉴中选择并保存获得黄金之翼形象；所有时装的基础属性（主角）可以叠加生效。<br>获取：</font>活动获取<br><font color="#cc6633">各时装套装属性可叠加同时生效。</font>	ACTIVE_CLOTHES	1
37051	七夕之灵		0	45	1	1	[蓝色,紫色,黄色,橙色,红色]	12	1	500	4500	500	[26676,1]	20	8	4	1000	6	1000	4	[0,50,110,180,260,350,450,560,680,810,950,1100,1260,1430,1610,1800,2000,2210,2430,2660]	6	[0,50,110,180,260,350,450,560,680,810,950,1100,1260,1430,1610,1800,2000,2210,2430,2660]	4	[0,50,100,150,200]	6	[0,50,100,150,200]	4	[484,972,1468,1954,2432]	6	[484,972,1468,1954,2432]	10	[100,220,350,500,700]	1	12	14	qixiwuqi	734	<font color="#E6DFBB">七夕套装-武器部件,图鉴中选择并保存获得七夕武器形象；所有时装的基础属性（主角）可以叠加生效。<br>获取：</font>活动获取<br><font color="#cc6633">各时装套装属性可叠加同时生效。</font>	ACTIVE_CLOTHES	1
37052	七夕之恋		0	45	1	2	[蓝色,紫色,黄色,橙色,红色]	12	1	500	4500	500	[26676,1]	20	8	1	3000	0	0	1	[0,150,330,540,780,1050,1350,1680,2040,2430,2850,3300,3780,4290,4830,5400,6000,6630,7290,7980]	0	0	1	[0,150,300,450,600]	0	0	1	[1452,2916,4404,5862,7296]	11	[100,220,350,500,700]	0	0	1	12	14	qixiyifu	735	<font color="#E6DFBB">七夕套装-衣服部件,图鉴中选择并保存获得七夕衣服形象；所有时装的基础属性（主角）可以叠加生效。<br>获取：</font>活动获取<br><font color="#cc6633">各时装套装属性可叠加同时生效。</font>	ACTIVE_CLOTHES	1
37053	七夕之夜		0	45	1	3	[蓝色,紫色,黄色,橙色,红色]	12	1	500	4500	500	[26676,1]	20	8	8	1000	13	1000	8	[0,30,66,108,156,210,270,336,408,486,570,660,756,858,966,1080,1200,1326,1458,1596]	13	[0,30,66,108,156,210,270,336,408,486,570,660,756,858,966,1080,1200,1326,1458,1596]	8	[0,30,60,90,120]	13	[0,30,60,90,120]	8	[400,800,1200,1600,2000]	13	[400,800,1200,1600,2000]	0	0	1	12	14	qixitoufa	736	<font color="#E6DFBB">七夕套装-帽子部件,图鉴中选择并保存获得七夕帽子形象；所有时装的基础属性（主角）可以叠加生效。<br>获取：</font>活动获取<br><font color="#cc6633">各时装套装属性可叠加同时生效。</font>	ACTIVE_CLOTHES	1
37054	七夕之梦	28668	17	45	1	4	[蓝色,紫色,黄色,橙色,红色]	12	1	500	4500	500	[26676,1]	20	5	9	1000	12	1000	9	[0,30,66,108,156,210,270,336,408,486,570,660,756,858,966,1080,1200,1326,1458,1596]	12	[0,30,66,108,156,210,270,336,408,486,570,660,756,858,966,1080,1200,1326,1458,1596]	9	[0,30,60,90,120]	12	[0,30,60,90,120]	9	[400,800,1200,1600,2000]	12	[400,800,1200,1600,2000]	0	0	1	12	14	qixichibang	737	<font color="#E6DFBB">七夕套装-羽翼部件,图鉴中选择并保存获得七夕羽翼形象；所有时装的基础属性（主角）可以叠加生效。<br>获取：</font>活动获取<br><font color="#cc6633">各时装套装属性可叠加同时生效。</font>	ACTIVE_CLOTHES	1
37055	圣光制裁		0	45	1	1	[蓝色,紫色,黄色,橙色,红色]	13	1	500	4500	500	[28699,1]	20	8	4	1000	6	1000	4	[0,50,110,180,260,350,450,560,680,810,950,1100,1260,1430,1610,1800,2000,2210,2430,2660]	6	[0,50,110,180,260,350,450,560,680,810,950,1100,1260,1430,1610,1800,2000,2210,2430,2660]	4	[0,50,100,150,200]	6	[0,50,100,150,200]	4	[484,972,1468,1954,2432]	6	[484,972,1468,1954,2432]	10	[100,220,350,500,700]	1	12	14	shengguangzhicai	734	<font color="#E6DFBB">圣光套装-武器部件,图鉴中选择并保存获得圣光武器形象；所有时装的基础属性（主角）可以叠加生效。<br>圣光套装只能通过消耗华丽时装之魄来鉴定和进阶，只能通过消耗华丽时装精华来升星。<br>获取：</font>活动获取<br><font color="#cc6633">各时装套装属性可叠加同时生效。</font>	ACTIVE_CLOTHES	1
37056	圣光审判		0	45	1	2	[蓝色,紫色,黄色,橙色,红色]	13	1	500	4500	500	[28699,1]	20	8	1	3000	0	0	1	[0,150,330,540,780,1050,1350,1680,2040,2430,2850,3300,3780,4290,4830,5400,6000,6630,7290,7980]	0	0	1	[0,150,300,450,600]	0	0	1	[1452,2916,4404,5862,7296]	11	[100,220,350,500,700]	0	0	1	12	14	shengguangshenpan	735	<font color="#E6DFBB">圣光套装-衣服部件,图鉴中选择并保存获得圣光衣服形象；所有时装的基础属性（主角）可以叠加生效。<br>圣光套装只能通过消耗华丽时装之魄来鉴定和进阶，只能通过消耗华丽时装精华来升星。<br>获取：</font>活动获取<br><font color="#cc6633">各时装套装属性可叠加同时生效。</font>	ACTIVE_CLOTHES	1
37057	圣光祈祷		0	45	1	3	[蓝色,紫色,黄色,橙色,红色]	13	1	500	4500	500	[28699,1]	20	8	8	1000	13	1000	8	[0,30,66,108,156,210,270,336,408,486,570,660,756,858,966,1080,1200,1326,1458,1596]	13	[0,30,66,108,156,210,270,336,408,486,570,660,756,858,966,1080,1200,1326,1458,1596]	8	[0,30,60,90,120]	13	[0,30,60,90,120]	8	[400,800,1200,1600,2000]	13	[400,800,1200,1600,2000]	0	0	1	12	14	shengguangqidao	736	<font color="#E6DFBB">圣光套装-帽子部件,图鉴中选择并保存获得圣光帽子形象；所有时装的基础属性（主角）可以叠加生效。<br>圣光套装只能通过消耗华丽时装之魄来鉴定和进阶，只能通过消耗华丽时装精华来升星。<br>获取：</font>活动获取<br><font color="#cc6633">各时装套装属性可叠加同时生效。</font>	ACTIVE_CLOTHES	1
37058	圣光赐福	28668	18	45	1	4	[蓝色,紫色,黄色,橙色,红色]	13	1	500	4500	500	[28699,1]	20	5	9	1000	12	1000	9	[0,30,66,108,156,210,270,336,408,486,570,660,756,858,966,1080,1200,1326,1458,1596]	12	[0,30,66,108,156,210,270,336,408,486,570,660,756,858,966,1080,1200,1326,1458,1596]	9	[0,30,60,90,120]	12	[0,30,60,90,120]	9	[400,800,1200,1600,2000]	12	[400,800,1200,1600,2000]	0	0	1	12	14	shengguangcifu	737	<font color="#E6DFBB">圣光套装-羽翼部件,图鉴中选择并保存获得圣光羽翼形象；所有时装的基础属性（主角）可以叠加生效。<br>圣光套装只能通过消耗华丽时装之魄来鉴定和进阶，只能通过消耗华丽时装精华来升星。<br>获取：</font>活动获取<br><font color="#cc6633">各时装套装属性可叠加同时生效。</font>	ACTIVE_CLOTHES	1
37059	冰蓝晶璃		0	45	1	1	[蓝色,紫色,黄色,橙色,红色]	14	1	500	4500	500	[26676,1]	20	8	4	1000	6	1000	4	[0,50,110,180,260,350,450,560,680,810,950,1100,1260,1430,1610,1800,2000,2210,2430,2660]	6	[0,50,110,180,260,350,450,560,680,810,950,1100,1260,1430,1610,1800,2000,2210,2430,2660]	4	[0,50,100,150,200]	6	[0,50,100,150,200]	4	[484,972,1468,1954,2432]	6	[484,972,1468,1954,2432]	10	[100,220,350,500,700]	1	12	14	binglanjingli	734	<font color="#E6DFBB">冰蓝套装-武器部件,图鉴中选择并保存获得冰蓝武器形象；所有时装的基础属性（主角）可以叠加生效。<br>获取：</font>活动获取<br><font color="#cc6633">各时装套装属性可叠加同时生效。</font>	ACTIVE_CLOTHES	1
37060	冰蓝灵心		0	45	1	2	[蓝色,紫色,黄色,橙色,红色]	14	1	500	4500	500	[26676,1]	20	8	1	3000	0	0	1	[0,150,330,540,780,1050,1350,1680,2040,2430,2850,3300,3780,4290,4830,5400,6000,6630,7290,7980]	0	0	1	[0,150,300,450,600]	0	0	1	[1452,2916,4404,5862,7296]	11	[100,220,350,500,700]	0	0	1	12	14	binglanlingxin	735	<font color="#E6DFBB">冰蓝套装-衣服部件,图鉴中选择并保存获得冰蓝衣服形象；所有时装的基础属性（主角）可以叠加生效。<br>获取：</font>活动获取<br><font color="#cc6633">各时装套装属性可叠加同时生效。</font>	ACTIVE_CLOTHES	1
37061	冰蓝清梦		0	45	1	3	[蓝色,紫色,黄色,橙色,红色]	14	1	500	4500	500	[26676,1]	20	8	8	1000	13	1000	8	[0,30,66,108,156,210,270,336,408,486,570,660,756,858,966,1080,1200,1326,1458,1596]	13	[0,30,66,108,156,210,270,336,408,486,570,660,756,858,966,1080,1200,1326,1458,1596]	8	[0,30,60,90,120]	13	[0,30,60,90,120]	8	[400,800,1200,1600,2000]	13	[400,800,1200,1600,2000]	0	0	1	12	14	binglanqingmeng	736	<font color="#E6DFBB">冰蓝套装-帽子部件,图鉴中选择并保存获得冰蓝帽子形象；所有时装的基础属性（主角）可以叠加生效。<br>获取：</font>活动获取<br><font color="#cc6633">各时装套装属性可叠加同时生效。</font>	ACTIVE_CLOTHES	1
37062	冰蓝雪舞	28668	19	45	1	4	[蓝色,紫色,黄色,橙色,红色]	14	1	500	4500	500	[26676,1]	20	5	9	1000	12	1000	9	[0,30,66,108,156,210,270,336,408,486,570,660,756,858,966,1080,1200,1326,1458,1596]	12	[0,30,66,108,156,210,270,336,408,486,570,660,756,858,966,1080,1200,1326,1458,1596]	9	[0,30,60,90,120]	12	[0,30,60,90,120]	9	[400,800,1200,1600,2000]	12	[400,800,1200,1600,2000]	0	0	1	12	14	binglanxuewu	737	<font color="#E6DFBB">冰蓝套装-羽翼部件,图鉴中选择并保存获得冰蓝羽翼形象；所有时装的基础属性（主角）可以叠加生效。<br>获取：</font>活动获取<br><font color="#cc6633">各时装套装属性可叠加同时生效。</font>	ACTIVE_CLOTHES	1
37063	海盗之刃		0	45	1	1	[蓝色,紫色,黄色,橙色,红色]	15	1	500	4500	500	[26676,1]	20	8	4	1000	6	1000	4	[0,50,110,180,260,350,450,560,680,810,950,1100,1260,1430,1610,1800,2000,2210,2430,2660]	6	[0,50,110,180,260,350,450,560,680,810,950,1100,1260,1430,1610,1800,2000,2210,2430,2660]	4	[0,50,100,150,200]	6	[0,50,100,150,200]	4	[484,972,1468,1954,2432]	6	[484,972,1468,1954,2432]	10	[100,220,350,500,700]	1	12	14	haidaozhiren	734	<font color="#E6DFBB">海盗套装-武器部件,图鉴中选择并保存获得海盗武器形象；所有时装的基础属性（主角）可以叠加生效。<br>获取：</font>活动获取<br><font color="#cc6633">各时装套装属性可叠加同时生效。</font>	ACTIVE_CLOTHES	1
37064	海盗魅影		0	45	1	2	[蓝色,紫色,黄色,橙色,红色]	15	1	500	4500	500	[26676,1]	20	8	1	3000	0	0	1	[0,150,330,540,780,1050,1350,1680,2040,2430,2850,3300,3780,4290,4830,5400,6000,6630,7290,7980]	0	0	1	[0,150,300,450,600]	0	0	1	[1452,2916,4404,5862,7296]	11	[100,220,350,500,700]	0	0	1	12	14	haidaomeiying	735	<font color="#E6DFBB">海盗套装-衣服部件,图鉴中选择并保存获得海盗衣服形象；所有时装的基础属性（主角）可以叠加生效。<br>获取：</font>活动获取<br><font color="#cc6633">各时装套装属性可叠加同时生效。</font>	ACTIVE_CLOTHES	1
37065	海盗之风		0	45	1	3	[蓝色,紫色,黄色,橙色,红色]	15	1	500	4500	500	[26676,1]	20	8	8	1000	13	1000	8	[0,30,66,108,156,210,270,336,408,486,570,660,756,858,966,1080,1200,1326,1458,1596]	13	[0,30,66,108,156,210,270,336,408,486,570,660,756,858,966,1080,1200,1326,1458,1596]	8	[0,30,60,90,120]	13	[0,30,60,90,120]	8	[400,800,1200,1600,2000]	13	[400,800,1200,1600,2000]	0	0	1	12	14	haidaozhifeng	736	<font color="#E6DFBB">海盗套装-帽子部件,图鉴中选择并保存获得海盗帽子形象；所有时装的基础属性（主角）可以叠加生效。<br>获取：</font>活动获取<br><font color="#cc6633">各时装套装属性可叠加同时生效。</font>	ACTIVE_CLOTHES	1
37066	海盗之翼	28810	20	45	1	4	[蓝色,紫色,黄色,橙色,红色]	15	1	500	4500	500	[26676,1]	20	5	9	1000	12	1000	9	[0,30,66,108,156,210,270,336,408,486,570,660,756,858,966,1080,1200,1326,1458,1596]	12	[0,30,66,108,156,210,270,336,408,486,570,660,756,858,966,1080,1200,1326,1458,1596]	9	[0,30,60,90,120]	12	[0,30,60,90,120]	9	[400,800,1200,1600,2000]	12	[400,800,1200,1600,2000]	0	0	1	12	14	haidaozhiyi	737	<font color="#E6DFBB">海盗套装-羽翼部件,图鉴中选择并保存获得海盗羽翼形象；所有时装的基础属性（主角）可以叠加生效。<br>获取：</font>活动获取<br><font color="#cc6633">各时装套装属性可叠加同时生效。</font>	ACTIVE_CLOTHES	1
37067	冰霜利刃		0	45	1	1	[蓝色,紫色,黄色,橙色,红色]	16	1	500	4500	500	[26676,1]	20	8	4	1000	6	1000	4	[0,50,110,180,260,350,450,560,680,810,950,1100,1260,1430,1610,1800,2000,2210,2430,2660]	6	[0,50,110,180,260,350,450,560,680,810,950,1100,1260,1430,1610,1800,2000,2210,2430,2660]	4	[0,50,100,150,200]	6	[0,50,100,150,200]	4	[484,972,1468,1954,2432]	6	[484,972,1468,1954,2432]	10	[100,220,350,500,700]	1	12	14	bingshuangliren	734	<font color="#E6DFBB">冰霜套装-武器部件,图鉴中选择并保存获得冰霜武器形象；所有时装的基础属性（主角）可以叠加生效。<br>获取：</font>活动获取<br><font color="#cc6633">各时装套装属性可叠加同时生效。</font>	ACTIVE_CLOTHES	1
37068	冰霜祝福		0	45	1	2	[蓝色,紫色,黄色,橙色,红色]	16	1	500	4500	500	[26676,1]	20	8	1	3000	0	0	1	[0,150,330,540,780,1050,1350,1680,2040,2430,2850,3300,3780,4290,4830,5400,6000,6630,7290,7980]	0	0	1	[0,150,300,450,600]	0	0	1	[1452,2916,4404,5862,7296]	11	[100,220,350,500,700]	0	0	1	12	14	bingshuangzhufu	735	<font color="#E6DFBB">冰霜套装-衣服部件,图鉴中选择并保存获得冰霜衣服形象；所有时装的基础属性（主角）可以叠加生效。<br>获取：</font>活动获取<br><font color="#cc6633">各时装套装属性可叠加同时生效。</font>	ACTIVE_CLOTHES	1
37069	冰霜之力		0	45	1	3	[蓝色,紫色,黄色,橙色,红色]	16	1	500	4500	500	[26676,1]	20	8	8	1000	13	1000	8	[0,30,66,108,156,210,270,336,408,486,570,660,756,858,966,1080,1200,1326,1458,1596]	13	[0,30,66,108,156,210,270,336,408,486,570,660,756,858,966,1080,1200,1326,1458,1596]	8	[0,30,60,90,120]	13	[0,30,60,90,120]	8	[400,800,1200,1600,2000]	13	[400,800,1200,1600,2000]	0	0	1	12	14	bingshuangzhili	736	<font color="#E6DFBB">冰霜套装-帽子部件,图鉴中选择并保存获得冰霜帽子形象；所有时装的基础属性（主角）可以叠加生效。<br>获取：</font>活动获取<br><font color="#cc6633">各时装套装属性可叠加同时生效。</font>	ACTIVE_CLOTHES	1
37070	冰霜之翼	28974	21	45	1	4	[蓝色,紫色,黄色,橙色,红色]	16	1	500	4500	500	[26676,1]	20	5	9	1000	12	1000	9	[0,30,66,108,156,210,270,336,408,486,570,660,756,858,966,1080,1200,1326,1458,1596]	12	[0,30,66,108,156,210,270,336,408,486,570,660,756,858,966,1080,1200,1326,1458,1596]	9	[0,30,60,90,120]	12	[0,30,60,90,120]	9	[400,800,1200,1600,2000]	12	[400,800,1200,1600,2000]	0	0	1	12	14	bingshuangzhiyi	737	<font color="#E6DFBB">冰霜套装-羽翼部件,图鉴中选择并保存获得冰霜羽翼形象；所有时装的基础属性（主角）可以叠加生效。<br>获取：</font>活动获取<br><font color="#cc6633">各时装套装属性可叠加同时生效。</font>	ACTIVE_CLOTHES	1
37071	死灵之刃		0	45	1	1	[蓝色,紫色,黄色,橙色,红色]	16	1	500	4500	500	[26676,1]	20	8	4	1000	6	1000	4	[0,50,110,180,260,350,450,560,680,810,950,1100,1260,1430,1610,1800,2000,2210,2430,2660]	6	[0,50,110,180,260,350,450,560,680,810,950,1100,1260,1430,1610,1800,2000,2210,2430,2660]	4	[0,50,100,150,200]	6	[0,50,100,150,200]	4	[484,972,1468,1954,2432]	6	[484,972,1468,1954,2432]	10	[100,220,350,500,700]	1	12	14	silingzhiren	734	<font color="#E6DFBB">死灵套装-武器部件,图鉴中选择并保存获得死灵武器形象；所有时装的基础属性（主角）可以叠加生效。<br>获取：</font>活动获取<br><font color="#cc6633">各时装套装属性可叠加同时生效。</font>	ACTIVE_CLOTHES	1
37072	死灵之心		0	45	1	2	[蓝色,紫色,黄色,橙色,红色]	16	1	500	4500	500	[26676,1]	20	8	1	3000	0	0	1	[0,150,330,540,780,1050,1350,1680,2040,2430,2850,3300,3780,4290,4830,5400,6000,6630,7290,7980]	0	0	1	[0,150,300,450,600]	0	0	1	[1452,2916,4404,5862,7296]	11	[100,220,350,500,700]	0	0	1	12	14	silingzhixin	735	<font color="#E6DFBB">死灵套装-衣服部件,图鉴中选择并保存获得死灵衣服形象；所有时装的基础属性（主角）可以叠加生效。<br>获取：</font>活动获取<br><font color="#cc6633">各时装套装属性可叠加同时生效。</font>	ACTIVE_CLOTHES	1
37073	死灵之骨		0	45	1	3	[蓝色,紫色,黄色,橙色,红色]	16	1	500	4500	500	[26676,1]	20	8	8	1000	13	1000	8	[0,30,66,108,156,210,270,336,408,486,570,660,756,858,966,1080,1200,1326,1458,1596]	13	[0,30,66,108,156,210,270,336,408,486,570,660,756,858,966,1080,1200,1326,1458,1596]	8	[0,30,60,90,120]	13	[0,30,60,90,120]	8	[400,800,1200,1600,2000]	13	[400,800,1200,1600,2000]	0	0	1	12	14	zhilingzhigu	736	<font color="#E6DFBB">死灵套装-帽子部件,图鉴中选择并保存获得死灵帽子形象；所有时装的基础属性（主角）可以叠加生效。<br>获取：</font>活动获取<br><font color="#cc6633">各时装套装属性可叠加同时生效。</font>	ACTIVE_CLOTHES	1
37074	死灵之翼	29099	22	45	1	4	[蓝色,紫色,黄色,橙色,红色]	16	1	500	4500	500	[26676,1]	20	5	9	1000	12	1000	9	[0,30,66,108,156,210,270,336,408,486,570,660,756,858,966,1080,1200,1326,1458,1596]	12	[0,30,66,108,156,210,270,336,408,486,570,660,756,858,966,1080,1200,1326,1458,1596]	9	[0,30,60,90,120]	12	[0,30,60,90,120]	9	[400,800,1200,1600,2000]	12	[400,800,1200,1600,2000]	0	0	1	12	14	silingzhiyi	737	<font color="#E6DFBB">死灵套装-羽翼部件,图鉴中选择并保存获得死灵之翼形象；所有时装的基础属性（主角）可以叠加生效。<br>获取：</font>活动获取<br><font color="#cc6633">各时装套装属性可叠加同时生效。</font>	ACTIVE_CLOTHES	1
37075	暖冬权杖		0	45	1	1	[蓝色,紫色,黄色,橙色,红色]	16	1	500	4500	500	[26676,1]	20	8	4	1000	6	1000	4	[0,50,110,180,260,350,450,560,680,810,950,1100,1260,1430,1610,1800,2000,2210,2430,2660]	6	[0,50,110,180,260,350,450,560,680,810,950,1100,1260,1430,1610,1800,2000,2210,2430,2660]	4	[0,50,100,150,200]	6	[0,50,100,150,200]	4	[484,972,1468,1954,2432]	6	[484,972,1468,1954,2432]	10	[100,220,350,500,700]	1	12	14	nuandongquanzhang	734	<font color="#E6DFBB">暖冬套装-武器部件,图鉴中选择并保存获得暖冬武器形象；所有时装的基础属性（主角）可以叠加生效。<br>获取：</font>活动获取<br><font color="#cc6633">各时装套装属性可叠加同时生效。</font>	ACTIVE_CLOTHES	1
37076	暖冬礼服		0	45	1	2	[蓝色,紫色,黄色,橙色,红色]	16	1	500	4500	500	[26676,1]	20	8	1	3000	0	0	1	[0,150,330,540,780,1050,1350,1680,2040,2430,2850,3300,3780,4290,4830,5400,6000,6630,7290,7980]	0	0	1	[0,150,300,450,600]	0	0	1	[1452,2916,4404,5862,7296]	11	[100,220,350,500,700]	0	0	1	12	14	nuandonglifu	735	<font color="#E6DFBB">暖冬套装-衣服部件,图鉴中选择并保存获得暖冬衣服形象；所有时装的基础属性（主角）可以叠加生效。<br>获取：</font>活动获取<br><font color="#cc6633">各时装套装属性可叠加同时生效。</font>	ACTIVE_CLOTHES	1
37077	暖冬帽子		0	45	1	3	[蓝色,紫色,黄色,橙色,红色]	16	1	500	4500	500	[26676,1]	20	8	8	1000	13	1000	8	[0,30,66,108,156,210,270,336,408,486,570,660,756,858,966,1080,1200,1326,1458,1596]	13	[0,30,66,108,156,210,270,336,408,486,570,660,756,858,966,1080,1200,1326,1458,1596]	8	[0,30,60,90,120]	13	[0,30,60,90,120]	8	[400,800,1200,1600,2000]	13	[400,800,1200,1600,2000]	0	0	1	12	14	nuandongmaozi	736	<font color="#E6DFBB">暖冬套装-帽子部件,图鉴中选择并保存获得暖冬帽子形象；所有时装的基础属性（主角）可以叠加生效。<br>获取：</font>活动获取<br><font color="#cc6633">各时装套装属性可叠加同时生效。</font>	ACTIVE_CLOTHES	1
37078	暖冬迷梦	29099	23	45	1	4	[蓝色,紫色,黄色,橙色,红色]	16	1	500	4500	500	[26676,1]	20	5	9	1000	12	1000	9	[0,30,66,108,156,210,270,336,408,486,570,660,756,858,966,1080,1200,1326,1458,1596]	12	[0,30,66,108,156,210,270,336,408,486,570,660,756,858,966,1080,1200,1326,1458,1596]	9	[0,30,60,90,120]	12	[0,30,60,90,120]	9	[400,800,1200,1600,2000]	12	[400,800,1200,1600,2000]	0	0	1	12	14	nuandongmimeng	737	<font color="#E6DFBB">暖冬套装-羽翼部件,图鉴中选择并保存获得暖冬羽翼形象；所有时装的基础属性（主角）可以叠加生效。<br>获取：</font>活动获取<br><font color="#cc6633">各时装套装属性可叠加同时生效。</font>	ACTIVE_CLOTHES	1
37079	心想事成		0	45	1	1	[蓝色,紫色,黄色,橙色,红色]	16	1	500	4500	500	[26676,1]	20	8	4	1000	6	1000	4	[0,50,110,180,260,350,450,560,680,810,950,1100,1260,1430,1610,1800,2000,2210,2430,2660]	6	[0,50,110,180,260,350,450,560,680,810,950,1100,1260,1430,1610,1800,2000,2210,2430,2660]	4	[0,50,100,150,200]	6	[0,50,100,150,200]	4	[484,972,1468,1954,2432]	6	[484,972,1468,1954,2432]	10	[100,220,350,500,700]	1	12	14	xiaoyuanzhichun	734	<font color="#E6DFBB">新春套装-武器部件,图鉴中选择并保存获得新春武器形象；所有时装的基础属性（主角）可以叠加生效。<br>获取：</font>活动获取<br><font color="#cc6633">各时装套装属性可叠加同时生效。</font>	ACTIVE_CLOTHES	1
37080	步步高升		0	45	1	2	[蓝色,紫色,黄色,橙色,红色]	16	1	500	4500	500	[26676,1]	20	8	1	3000	0	0	1	[0,150,330,540,780,1050,1350,1680,2040,2430,2850,3300,3780,4290,4830,5400,6000,6630,7290,7980]	0	0	1	[0,150,300,450,600]	0	0	1	[1452,2916,4404,5862,7296]	11	[100,220,350,500,700]	0	0	1	12	14	xiaoyuanzhixin	735	<font color="#E6DFBB">新春套装-衣服部件,图鉴中选择并保存获得新春衣服形象；所有时装的基础属性（主角）可以叠加生效。<br>获取：</font>活动获取<br><font color="#cc6633">各时装套装属性可叠加同时生效。</font>	ACTIVE_CLOTHES	1
37081	财源广进		0	45	1	3	[蓝色,紫色,黄色,橙色,红色]	16	1	500	4500	500	[26676,1]	20	8	8	1000	13	1000	8	[0,30,66,108,156,210,270,336,408,486,570,660,756,858,966,1080,1200,1326,1458,1596]	13	[0,30,66,108,156,210,270,336,408,486,570,660,756,858,966,1080,1200,1326,1458,1596]	8	[0,30,60,90,120]	13	[0,30,60,90,120]	8	[400,800,1200,1600,2000]	13	[400,800,1200,1600,2000]	0	0	1	12	14	xiaoyuanzhimeng	736	<font color="#E6DFBB">新春套装-帽子部件,图鉴中选择并保存获得新春帽子形象；所有时装的基础属性（主角）可以叠加生效。<br>获取：</font>活动获取<br><font color="#cc6633">各时装套装属性可叠加同时生效。</font>	ACTIVE_CLOTHES	1
37082	鹏程万里	29099	24	45	1	4	[蓝色,紫色,黄色,橙色,红色]	16	1	500	4500	500	[26676,1]	20	5	9	1000	12	1000	9	[0,30,66,108,156,210,270,336,408,486,570,660,756,858,966,1080,1200,1326,1458,1596]	12	[0,30,66,108,156,210,270,336,408,486,570,660,756,858,966,1080,1200,1326,1458,1596]	9	[0,30,60,90,120]	12	[0,30,60,90,120]	9	[400,800,1200,1600,2000]	12	[400,800,1200,1600,2000]	0	0	1	12	14	xiaoyuanhuiyi	737	<font color="#E6DFBB">新春套装-羽翼部件,图鉴中选择并保存获得新春羽翼形象；所有时装的基础属性（主角）可以叠加生效。<br>获取：</font>活动获取<br><font color="#cc6633">各时装套装属性可叠加同时生效。</font>	ACTIVE_CLOTHES	1
