brandType	brandColor	brandColor_Des	brandLevel	brandName	brandPic	canEquip	canShenJi	shenJiNeedItem	shenJiNeedBrandCnt	shenJiNeedBrand	canFenjie	fenJieNeedRMB	fenJieAddItem	fenJieAddBrand	tanlentLimit	attack_pt	attack_mt	maxhp_t	crit_t	critpress_t	parry_t	puncture_t	antibroken_t	notbroken_t	maxProCnt	transmitAddItem	transmitAddBrand
印记类型	印记颜色	颜色描述	印记等级	印记名称	印记图标	是否可装备	是否可以升级	升级材料(coding,cnt)	升级需要印记数量	升级需要印记按顺序优先消耗[(brandType,brandColor,brandLevel),]	是否可以分解	分解需要神石数	分解获得材料(coding,cnt)	分解获得印记(brandType,brandColor,brandLevel,brandCnt)	品质值上限	物攻万分比属性	法攻万分比属性	生命万分比属性	暴击万分比属性	免暴万分比属性	格挡万分比属性	破挡万分比属性	破防万分比属性	免破万分比属性	最大洗练属性条数	继承获得材料(coding,cnt)	继承返还印记材料(brandType,brandColor,brandLevel,brandCnt)
1	1	绿色	1	Lv1 生命印记	yinjishengminglv	1	1	(29235,15)	0		1	0	(29235,10)		500	0	0	60	0	0	0	0	0	0	2		
1	1	绿色	2	Lv2 生命印记	yinjishengminglv	1	1	(29235,100)	0		1	0	(29235,25)		500	0	0	120	0	0	0	0	0	0	2	(29235,15)	
1	1	绿色	3	Lv3 生命印记	yinjishengminglv	1	1	(29235,300)	0		1	0	(29235,125)		500	0	0	240	0	0	0	0	0	0	2	(29235,115)	
1	1	绿色	4	Lv4 生命印记	yinjishengminglv	1	1	(29235,480)	0		1	0	(29235,425)		500	0	0	360	0	0	0	0	0	0	2	(29235,415)	
1	1	绿色	5	Lv5 生命印记	yinjishengminglv	1	1	(29235,720)	0		1	0	(29235,905)		500	0	0	480	0	0	0	0	0	0	2	(29235,895)	
1	1	绿色	6	Lv6 生命印记	yinjishengminglv	1	1	(29235,1000)	0		1	0	(29235,1625)		500	0	0	600	0	0	0	0	0	0	2	(29235,1615)	
1	1	绿色	7	Lv7 生命印记	yinjishengminglv	1	1	(29235,1400)	0		1	0	(29235,2625)		500	0	0	720	0	0	0	0	0	0	2	(29235,2615)	
1	1	绿色	8	Lv8 生命印记	yinjishengminglv	1	1	(29235,3000)	0		1	0	(29235,4025)		500	0	0	840	0	0	0	0	0	0	2	(29235,4015)	
1	1	绿色	9	Lv9 生命印记	yinjishengminglv	1	1	(29235,5400)	0		1	0	(29235,7025)		500	0	0	1020	0	0	0	0	0	0	2	(29235,7015)	
1	1	绿色	10	Lv10 生命印记	yinjishengminglv	1	0		0		1	0	(29235,12425)		500	0	0	1200	0	0	0	0	0	0	2	(29235,12415)	
2	1	绿色	1	Lv1 攻击印记	yinjigongjilv	1	1	(29235,15)	0		1	0	(29235,10)		500	60	60	0	0	0	0	0	0	0	2		
2	1	绿色	2	Lv2 攻击印记	yinjigongjilv	1	1	(29235,100)	0		1	0	(29235,25)		500	120	120	0	0	0	0	0	0	0	2	(29235,15)	
2	1	绿色	3	Lv3 攻击印记	yinjigongjilv	1	1	(29235,300)	0		1	0	(29235,125)		500	240	240	0	0	0	0	0	0	0	2	(29235,115)	
2	1	绿色	4	Lv4 攻击印记	yinjigongjilv	1	1	(29235,480)	0		1	0	(29235,425)		500	360	360	0	0	0	0	0	0	0	2	(29235,415)	
2	1	绿色	5	Lv5 攻击印记	yinjigongjilv	1	1	(29235,720)	0		1	0	(29235,905)		500	480	480	0	0	0	0	0	0	0	2	(29235,895)	
2	1	绿色	6	Lv6 攻击印记	yinjigongjilv	1	1	(29235,1000)	0		1	0	(29235,1625)		500	600	600	0	0	0	0	0	0	0	2	(29235,1615)	
2	1	绿色	7	Lv7 攻击印记	yinjigongjilv	1	1	(29235,1400)	0		1	0	(29235,2625)		500	720	720	0	0	0	0	0	0	0	2	(29235,2615)	
2	1	绿色	8	Lv8 攻击印记	yinjigongjilv	1	1	(29235,3000)	0		1	0	(29235,4025)		500	840	840	0	0	0	0	0	0	0	2	(29235,4015)	
2	1	绿色	9	Lv9 攻击印记	yinjigongjilv	1	1	(29235,5400)	0		1	0	(29235,7025)		500	1020	1020	0	0	0	0	0	0	0	2	(29235,7015)	
2	1	绿色	10	Lv10 攻击印记	yinjigongjilv	1	0		0		1	0	(29235,12425)		500	1200	1200	0	0	0	0	0	0	0	2	(29235,12415)	
3	1	绿色	1	Lv1 暴击印记	yinjibaojilv	1	1	(29235,15)	0		1	0	(29235,10)		500	0	0	0	60	0	0	0	0	0	2		
3	1	绿色	2	Lv2 暴击印记	yinjibaojilv	1	1	(29235,100)	0		1	0	(29235,25)		500	0	0	0	120	0	0	0	0	0	2	(29235,15)	
3	1	绿色	3	Lv3 暴击印记	yinjibaojilv	1	1	(29235,300)	0		1	0	(29235,125)		500	0	0	0	240	0	0	0	0	0	2	(29235,115)	
3	1	绿色	4	Lv4 暴击印记	yinjibaojilv	1	1	(29235,480)	0		1	0	(29235,425)		500	0	0	0	360	0	0	0	0	0	2	(29235,415)	
3	1	绿色	5	Lv5 暴击印记	yinjibaojilv	1	1	(29235,720)	0		1	0	(29235,905)		500	0	0	0	480	0	0	0	0	0	2	(29235,895)	
3	1	绿色	6	Lv6 暴击印记	yinjibaojilv	1	1	(29235,1000)	0		1	0	(29235,1625)		500	0	0	0	600	0	0	0	0	0	2	(29235,1615)	
3	1	绿色	7	Lv7 暴击印记	yinjibaojilv	1	1	(29235,1400)	0		1	0	(29235,2625)		500	0	0	0	720	0	0	0	0	0	2	(29235,2615)	
3	1	绿色	8	Lv8 暴击印记	yinjibaojilv	1	1	(29235,3000)	0		1	0	(29235,4025)		500	0	0	0	840	0	0	0	0	0	2	(29235,4015)	
3	1	绿色	9	Lv9 暴击印记	yinjibaojilv	1	1	(29235,5400)	0		1	0	(29235,7025)		500	0	0	0	1020	0	0	0	0	0	2	(29235,7015)	
3	1	绿色	10	Lv10 暴击印记	yinjibaojilv	1	0		0		1	0	(29235,12425)		500	0	0	0	1200	0	0	0	0	0	2	(29235,12415)	
4	1	绿色	1	Lv1 免暴印记	yinjimianbaolv	1	1	(29235,15)	0		1	0	(29235,10)		500	0	0	0	0	60	0	0	0	0	2		
4	1	绿色	2	Lv2 免暴印记	yinjimianbaolv	1	1	(29235,100)	0		1	0	(29235,25)		500	0	0	0	0	120	0	0	0	0	2	(29235,15)	
4	1	绿色	3	Lv3 免暴印记	yinjimianbaolv	1	1	(29235,300)	0		1	0	(29235,125)		500	0	0	0	0	240	0	0	0	0	2	(29235,115)	
4	1	绿色	4	Lv4 免暴印记	yinjimianbaolv	1	1	(29235,480)	0		1	0	(29235,425)		500	0	0	0	0	360	0	0	0	0	2	(29235,415)	
4	1	绿色	5	Lv5 免暴印记	yinjimianbaolv	1	1	(29235,720)	0		1	0	(29235,905)		500	0	0	0	0	480	0	0	0	0	2	(29235,895)	
4	1	绿色	6	Lv6 免暴印记	yinjimianbaolv	1	1	(29235,1000)	0		1	0	(29235,1625)		500	0	0	0	0	600	0	0	0	0	2	(29235,1615)	
4	1	绿色	7	Lv7 免暴印记	yinjimianbaolv	1	1	(29235,1400)	0		1	0	(29235,2625)		500	0	0	0	0	720	0	0	0	0	2	(29235,2615)	
4	1	绿色	8	Lv8 免暴印记	yinjimianbaolv	1	1	(29235,3000)	0		1	0	(29235,4025)		500	0	0	0	0	840	0	0	0	0	2	(29235,4015)	
4	1	绿色	9	Lv9 免暴印记	yinjimianbaolv	1	1	(29235,5400)	0		1	0	(29235,7025)		500	0	0	0	0	1020	0	0	0	0	2	(29235,7015)	
4	1	绿色	10	Lv10 免暴印记	yinjimianbaolv	1	0		0		1	0	(29235,12425)		500	0	0	0	0	1200	0	0	0	0	2	(29235,12415)	
5	1	绿色	1	Lv1 破防印记	yinjipofanglv	1	1	(29235,15)	0		1	0	(29235,10)		500	0	0	0	0	0	0	0	60	0	2		
5	1	绿色	2	Lv2 破防印记	yinjipofanglv	1	1	(29235,100)	0		1	0	(29235,25)		500	0	0	0	0	0	0	0	120	0	2	(29235,15)	
5	1	绿色	3	Lv3 破防印记	yinjipofanglv	1	1	(29235,300)	0		1	0	(29235,125)		500	0	0	0	0	0	0	0	240	0	2	(29235,115)	
5	1	绿色	4	Lv4 破防印记	yinjipofanglv	1	1	(29235,480)	0		1	0	(29235,425)		500	0	0	0	0	0	0	0	360	0	2	(29235,415)	
5	1	绿色	5	Lv5 破防印记	yinjipofanglv	1	1	(29235,720)	0		1	0	(29235,905)		500	0	0	0	0	0	0	0	480	0	2	(29235,895)	
5	1	绿色	6	Lv6 破防印记	yinjipofanglv	1	1	(29235,1000)	0		1	0	(29235,1625)		500	0	0	0	0	0	0	0	600	0	2	(29235,1615)	
5	1	绿色	7	Lv7 破防印记	yinjipofanglv	1	1	(29235,1400)	0		1	0	(29235,2625)		500	0	0	0	0	0	0	0	720	0	2	(29235,2615)	
5	1	绿色	8	Lv8 破防印记	yinjipofanglv	1	1	(29235,3000)	0		1	0	(29235,4025)		500	0	0	0	0	0	0	0	840	0	2	(29235,4015)	
5	1	绿色	9	Lv9 破防印记	yinjipofanglv	1	1	(29235,5400)	0		1	0	(29235,7025)		500	0	0	0	0	0	0	0	1020	0	2	(29235,7015)	
5	1	绿色	10	Lv10 破防印记	yinjipofanglv	1	0		0		1	0	(29235,12425)		500	0	0	0	0	0	0	0	1200	0	2	(29235,12415)	
6	1	绿色	1	Lv1 免破印记	yinjimianpolv	1	1	(29235,15)	0		1	0	(29235,10)		500	0	0	0	0	0	0	0	0	60	2		
6	1	绿色	2	Lv2 免破印记	yinjimianpolv	1	1	(29235,100)	0		1	0	(29235,25)		500	0	0	0	0	0	0	0	0	120	2	(29235,15)	
6	1	绿色	3	Lv3 免破印记	yinjimianpolv	1	1	(29235,300)	0		1	0	(29235,125)		500	0	0	0	0	0	0	0	0	240	2	(29235,115)	
6	1	绿色	4	Lv4 免破印记	yinjimianpolv	1	1	(29235,480)	0		1	0	(29235,425)		500	0	0	0	0	0	0	0	0	360	2	(29235,415)	
6	1	绿色	5	Lv5 免破印记	yinjimianpolv	1	1	(29235,720)	0		1	0	(29235,905)		500	0	0	0	0	0	0	0	0	480	2	(29235,895)	
6	1	绿色	6	Lv6 免破印记	yinjimianpolv	1	1	(29235,1000)	0		1	0	(29235,1625)		500	0	0	0	0	0	0	0	0	600	2	(29235,1615)	
6	1	绿色	7	Lv7 免破印记	yinjimianpolv	1	1	(29235,1400)	0		1	0	(29235,2625)		500	0	0	0	0	0	0	0	0	720	2	(29235,2615)	
6	1	绿色	8	Lv8 免破印记	yinjimianpolv	1	1	(29235,3000)	0		1	0	(29235,4025)		500	0	0	0	0	0	0	0	0	840	2	(29235,4015)	
6	1	绿色	9	Lv9 免破印记	yinjimianpolv	1	1	(29235,5400)	0		1	0	(29235,7025)		500	0	0	0	0	0	0	0	0	1020	2	(29235,7015)	
6	1	绿色	10	Lv10 免破印记	yinjimianpolv	1	0		0		1	0	(29235,12425)		500	0	0	0	0	0	0	0	0	1200	2	(29235,12415)	
7	1	绿色	1	Lv1 格挡印记	yinjigedanglv	1	1	(29235,15)	0		1	0	(29235,10)		500	0	0	0	0	0	60	0	0	0	2		
7	1	绿色	2	Lv2 格挡印记	yinjigedanglv	1	1	(29235,100)	0		1	0	(29235,25)		500	0	0	0	0	0	120	0	0	0	2	(29235,15)	
7	1	绿色	3	Lv3 格挡印记	yinjigedanglv	1	1	(29235,300)	0		1	0	(29235,125)		500	0	0	0	0	0	240	0	0	0	2	(29235,115)	
7	1	绿色	4	Lv4 格挡印记	yinjigedanglv	1	1	(29235,480)	0		1	0	(29235,425)		500	0	0	0	0	0	360	0	0	0	2	(29235,415)	
7	1	绿色	5	Lv5 格挡印记	yinjigedanglv	1	1	(29235,720)	0		1	0	(29235,905)		500	0	0	0	0	0	480	0	0	0	2	(29235,895)	
7	1	绿色	6	Lv6 格挡印记	yinjigedanglv	1	1	(29235,1000)	0		1	0	(29235,1625)		500	0	0	0	0	0	600	0	0	0	2	(29235,1615)	
7	1	绿色	7	Lv7 格挡印记	yinjigedanglv	1	1	(29235,1400)	0		1	0	(29235,2625)		500	0	0	0	0	0	720	0	0	0	2	(29235,2615)	
7	1	绿色	8	Lv8 格挡印记	yinjigedanglv	1	1	(29235,3000)	0		1	0	(29235,4025)		500	0	0	0	0	0	840	0	0	0	2	(29235,4015)	
7	1	绿色	9	Lv9 格挡印记	yinjigedanglv	1	1	(29235,5400)	0		1	0	(29235,7025)		500	0	0	0	0	0	1020	0	0	0	2	(29235,7015)	
7	1	绿色	10	Lv10 格挡印记	yinjigedanglv	1	0		0		1	0	(29235,12425)		500	0	0	0	0	0	1200	0	0	0	2	(29235,12415)	
8	1	绿色	1	Lv1 破挡印记	yinjipodanglv	1	1	(29235,15)	0		1	0	(29235,10)		500	0	0	0	0	0	0	60	0	0	2		
8	1	绿色	2	Lv2 破挡印记	yinjipodanglv	1	1	(29235,100)	0		1	0	(29235,25)		500	0	0	0	0	0	0	120	0	0	2	(29235,15)	
8	1	绿色	3	Lv3 破挡印记	yinjipodanglv	1	1	(29235,300)	0		1	0	(29235,125)		500	0	0	0	0	0	0	240	0	0	2	(29235,115)	
8	1	绿色	4	Lv4 破挡印记	yinjipodanglv	1	1	(29235,480)	0		1	0	(29235,425)		500	0	0	0	0	0	0	360	0	0	2	(29235,415)	
8	1	绿色	5	Lv5 破挡印记	yinjipodanglv	1	1	(29235,720)	0		1	0	(29235,905)		500	0	0	0	0	0	0	480	0	0	2	(29235,895)	
8	1	绿色	6	Lv6 破挡印记	yinjipodanglv	1	1	(29235,1000)	0		1	0	(29235,1625)		500	0	0	0	0	0	0	600	0	0	2	(29235,1615)	
8	1	绿色	7	Lv7 破挡印记	yinjipodanglv	1	1	(29235,1400)	0		1	0	(29235,2625)		500	0	0	0	0	0	0	720	0	0	2	(29235,2615)	
8	1	绿色	8	Lv8 破挡印记	yinjipodanglv	1	1	(29235,3000)	0		1	0	(29235,4025)		500	0	0	0	0	0	0	840	0	0	2	(29235,4015)	
8	1	绿色	9	Lv9 破挡印记	yinjipodanglv	1	1	(29235,5400)	0		1	0	(29235,7025)		500	0	0	0	0	0	0	1020	0	0	2	(29235,7015)	
8	1	绿色	10	Lv10 破挡印记	yinjipodanglv	1	0		0		1	0	(29235,12425)		500	0	0	0	0	0	0	1200	0	0	2	(29235,12415)	
1	2	蓝色	1	Lv1 生命印记	yinjishengminglan	1	1	(29235,30)	0		1	0	(29235,20)		500	0	0	120	0	0	0	0	0	0	3		
1	2	蓝色	2	Lv2 生命印记	yinjishengminglan	1	1	(29235,200)	0		1	0	(29235,50)		500	0	0	240	0	0	0	0	0	0	3	(29235,30)	
1	2	蓝色	3	Lv3 生命印记	yinjishengminglan	1	1	(29235,600)	0		1	0	(29235,250)		500	0	0	480	0	0	0	0	0	0	3	(29235,230)	
1	2	蓝色	4	Lv4 生命印记	yinjishengminglan	1	1	(29235,960)	0		1	0	(29235,850)		500	0	0	720	0	0	0	0	0	0	3	(29235,830)	
1	2	蓝色	5	Lv5 生命印记	yinjishengminglan	1	1	(29235,1440)	0		1	0	(29235,1810)		500	0	0	960	0	0	0	0	0	0	3	(29235,1790)	
1	2	蓝色	6	Lv6 生命印记	yinjishengminglan	1	1	(29235,2000)	0		1	0	(29235,3250)		500	0	0	1200	0	0	0	0	0	0	3	(29235,3230)	
1	2	蓝色	7	Lv7 生命印记	yinjishengminglan	1	1	(29235,2800)	0		1	0	(29235,5250)		500	0	0	1440	0	0	0	0	0	0	3	(29235,5230)	
1	2	蓝色	8	Lv8 生命印记	yinjishengminglan	1	1	(29235,6000)	0		1	0	(29235,8050)		500	0	0	1680	0	0	0	0	0	0	3	(29235,8030)	
1	2	蓝色	9	Lv9 生命印记	yinjishengminglan	1	1	(29235,10800)	0		1	0	(29235,14050)		500	0	0	2040	0	0	0	0	0	0	3	(29235,14030)	
1	2	蓝色	10	Lv10 生命印记	yinjishengminglan	1	0		0		1	0	(29235,24850)		500	0	0	2400	0	0	0	0	0	0	3	(29235,24830)	
2	2	蓝色	1	Lv1 攻击印记	yinjigongjilan	1	1	(29235,30)	0		1	0	(29235,20)		500	120	120	0	0	0	0	0	0	0	3		
2	2	蓝色	2	Lv2 攻击印记	yinjigongjilan	1	1	(29235,200)	0		1	0	(29235,50)		500	240	240	0	0	0	0	0	0	0	3	(29235,30)	
2	2	蓝色	3	Lv3 攻击印记	yinjigongjilan	1	1	(29235,600)	0		1	0	(29235,250)		500	480	480	0	0	0	0	0	0	0	3	(29235,230)	
2	2	蓝色	4	Lv4 攻击印记	yinjigongjilan	1	1	(29235,960)	0		1	0	(29235,850)		500	720	720	0	0	0	0	0	0	0	3	(29235,830)	
2	2	蓝色	5	Lv5 攻击印记	yinjigongjilan	1	1	(29235,1440)	0		1	0	(29235,1810)		500	960	960	0	0	0	0	0	0	0	3	(29235,1790)	
2	2	蓝色	6	Lv6 攻击印记	yinjigongjilan	1	1	(29235,2000)	0		1	0	(29235,3250)		500	1200	1200	0	0	0	0	0	0	0	3	(29235,3230)	
2	2	蓝色	7	Lv7 攻击印记	yinjigongjilan	1	1	(29235,2800)	0		1	0	(29235,5250)		500	1440	1440	0	0	0	0	0	0	0	3	(29235,5230)	
2	2	蓝色	8	Lv8 攻击印记	yinjigongjilan	1	1	(29235,6000)	0		1	0	(29235,8050)		500	1680	1680	0	0	0	0	0	0	0	3	(29235,8030)	
2	2	蓝色	9	Lv9 攻击印记	yinjigongjilan	1	1	(29235,10800)	0		1	0	(29235,14050)		500	2040	2040	0	0	0	0	0	0	0	3	(29235,14030)	
2	2	蓝色	10	Lv10 攻击印记	yinjigongjilan	1	0		0		1	0	(29235,24850)		500	2400	2400	0	0	0	0	0	0	0	3	(29235,24830)	
3	2	蓝色	1	Lv1 暴击印记	yinjibaojilan	1	1	(29235,30)	0		1	0	(29235,20)		500	0	0	0	120	0	0	0	0	0	3		
3	2	蓝色	2	Lv2 暴击印记	yinjibaojilan	1	1	(29235,200)	0		1	0	(29235,50)		500	0	0	0	240	0	0	0	0	0	3	(29235,30)	
3	2	蓝色	3	Lv3 暴击印记	yinjibaojilan	1	1	(29235,600)	0		1	0	(29235,250)		500	0	0	0	480	0	0	0	0	0	3	(29235,230)	
3	2	蓝色	4	Lv4 暴击印记	yinjibaojilan	1	1	(29235,960)	0		1	0	(29235,850)		500	0	0	0	720	0	0	0	0	0	3	(29235,830)	
3	2	蓝色	5	Lv5 暴击印记	yinjibaojilan	1	1	(29235,1440)	0		1	0	(29235,1810)		500	0	0	0	960	0	0	0	0	0	3	(29235,1790)	
3	2	蓝色	6	Lv6 暴击印记	yinjibaojilan	1	1	(29235,2000)	0		1	0	(29235,3250)		500	0	0	0	1200	0	0	0	0	0	3	(29235,3230)	
3	2	蓝色	7	Lv7 暴击印记	yinjibaojilan	1	1	(29235,2800)	0		1	0	(29235,5250)		500	0	0	0	1440	0	0	0	0	0	3	(29235,5230)	
3	2	蓝色	8	Lv8 暴击印记	yinjibaojilan	1	1	(29235,6000)	0		1	0	(29235,8050)		500	0	0	0	1680	0	0	0	0	0	3	(29235,8030)	
3	2	蓝色	9	Lv9 暴击印记	yinjibaojilan	1	1	(29235,10800)	0		1	0	(29235,14050)		500	0	0	0	2040	0	0	0	0	0	3	(29235,14030)	
3	2	蓝色	10	Lv10 暴击印记	yinjibaojilan	1	0		0		1	0	(29235,24850)		500	0	0	0	2400	0	0	0	0	0	3	(29235,24830)	
4	2	蓝色	1	Lv1 免暴印记	yinjimianbaolan	1	1	(29235,30)	0		1	0	(29235,20)		500	0	0	0	0	120	0	0	0	0	3		
4	2	蓝色	2	Lv2 免暴印记	yinjimianbaolan	1	1	(29235,200)	0		1	0	(29235,50)		500	0	0	0	0	240	0	0	0	0	3	(29235,30)	
4	2	蓝色	3	Lv3 免暴印记	yinjimianbaolan	1	1	(29235,600)	0		1	0	(29235,250)		500	0	0	0	0	480	0	0	0	0	3	(29235,230)	
4	2	蓝色	4	Lv4 免暴印记	yinjimianbaolan	1	1	(29235,960)	0		1	0	(29235,850)		500	0	0	0	0	720	0	0	0	0	3	(29235,830)	
4	2	蓝色	5	Lv5 免暴印记	yinjimianbaolan	1	1	(29235,1440)	0		1	0	(29235,1810)		500	0	0	0	0	960	0	0	0	0	3	(29235,1790)	
4	2	蓝色	6	Lv6 免暴印记	yinjimianbaolan	1	1	(29235,2000)	0		1	0	(29235,3250)		500	0	0	0	0	1200	0	0	0	0	3	(29235,3230)	
4	2	蓝色	7	Lv7 免暴印记	yinjimianbaolan	1	1	(29235,2800)	0		1	0	(29235,5250)		500	0	0	0	0	1440	0	0	0	0	3	(29235,5230)	
4	2	蓝色	8	Lv8 免暴印记	yinjimianbaolan	1	1	(29235,6000)	0		1	0	(29235,8050)		500	0	0	0	0	1680	0	0	0	0	3	(29235,8030)	
4	2	蓝色	9	Lv9 免暴印记	yinjimianbaolan	1	1	(29235,10800)	0		1	0	(29235,14050)		500	0	0	0	0	2040	0	0	0	0	3	(29235,14030)	
4	2	蓝色	10	Lv10 免暴印记	yinjimianbaolan	1	0		0		1	0	(29235,24850)		500	0	0	0	0	2400	0	0	0	0	3	(29235,24830)	
5	2	蓝色	1	Lv1 破防印记	yinjipofanglan	1	1	(29235,30)	0		1	0	(29235,20)		500	0	0	0	0	0	0	0	120	0	3		
5	2	蓝色	2	Lv2 破防印记	yinjipofanglan	1	1	(29235,200)	0		1	0	(29235,50)		500	0	0	0	0	0	0	0	240	0	3	(29235,30)	
5	2	蓝色	3	Lv3 破防印记	yinjipofanglan	1	1	(29235,600)	0		1	0	(29235,250)		500	0	0	0	0	0	0	0	480	0	3	(29235,230)	
5	2	蓝色	4	Lv4 破防印记	yinjipofanglan	1	1	(29235,960)	0		1	0	(29235,850)		500	0	0	0	0	0	0	0	720	0	3	(29235,830)	
5	2	蓝色	5	Lv5 破防印记	yinjipofanglan	1	1	(29235,1440)	0		1	0	(29235,1810)		500	0	0	0	0	0	0	0	960	0	3	(29235,1790)	
5	2	蓝色	6	Lv6 破防印记	yinjipofanglan	1	1	(29235,2000)	0		1	0	(29235,3250)		500	0	0	0	0	0	0	0	1200	0	3	(29235,3230)	
5	2	蓝色	7	Lv7 破防印记	yinjipofanglan	1	1	(29235,2800)	0		1	0	(29235,5250)		500	0	0	0	0	0	0	0	1440	0	3	(29235,5230)	
5	2	蓝色	8	Lv8 破防印记	yinjipofanglan	1	1	(29235,6000)	0		1	0	(29235,8050)		500	0	0	0	0	0	0	0	1680	0	3	(29235,8030)	
5	2	蓝色	9	Lv9 破防印记	yinjipofanglan	1	1	(29235,10800)	0		1	0	(29235,14050)		500	0	0	0	0	0	0	0	2040	0	3	(29235,14030)	
5	2	蓝色	10	Lv10 破防印记	yinjipofanglan	1	0		0		1	0	(29235,24850)		500	0	0	0	0	0	0	0	2400	0	3	(29235,24830)	
6	2	蓝色	1	Lv1 免破印记	yinjimianpolan	1	1	(29235,30)	0		1	0	(29235,20)		500	0	0	0	0	0	0	0	0	120	3		
6	2	蓝色	2	Lv2 免破印记	yinjimianpolan	1	1	(29235,200)	0		1	0	(29235,50)		500	0	0	0	0	0	0	0	0	240	3	(29235,30)	
6	2	蓝色	3	Lv3 免破印记	yinjimianpolan	1	1	(29235,600)	0		1	0	(29235,250)		500	0	0	0	0	0	0	0	0	480	3	(29235,230)	
6	2	蓝色	4	Lv4 免破印记	yinjimianpolan	1	1	(29235,960)	0		1	0	(29235,850)		500	0	0	0	0	0	0	0	0	720	3	(29235,830)	
6	2	蓝色	5	Lv5 免破印记	yinjimianpolan	1	1	(29235,1440)	0		1	0	(29235,1810)		500	0	0	0	0	0	0	0	0	960	3	(29235,1790)	
6	2	蓝色	6	Lv6 免破印记	yinjimianpolan	1	1	(29235,2000)	0		1	0	(29235,3250)		500	0	0	0	0	0	0	0	0	1200	3	(29235,3230)	
6	2	蓝色	7	Lv7 免破印记	yinjimianpolan	1	1	(29235,2800)	0		1	0	(29235,5250)		500	0	0	0	0	0	0	0	0	1440	3	(29235,5230)	
6	2	蓝色	8	Lv8 免破印记	yinjimianpolan	1	1	(29235,6000)	0		1	0	(29235,8050)		500	0	0	0	0	0	0	0	0	1680	3	(29235,8030)	
6	2	蓝色	9	Lv9 免破印记	yinjimianpolan	1	1	(29235,10800)	0		1	0	(29235,14050)		500	0	0	0	0	0	0	0	0	2040	3	(29235,14030)	
6	2	蓝色	10	Lv10 免破印记	yinjimianpolan	1	0		0		1	0	(29235,24850)		500	0	0	0	0	0	0	0	0	2400	3	(29235,24830)	
7	2	蓝色	1	Lv1 格挡印记	yinjigedanglan	1	1	(29235,30)	0		1	0	(29235,20)		500	0	0	0	0	0	120	0	0	0	3		
7	2	蓝色	2	Lv2 格挡印记	yinjigedanglan	1	1	(29235,200)	0		1	0	(29235,50)		500	0	0	0	0	0	240	0	0	0	3	(29235,30)	
7	2	蓝色	3	Lv3 格挡印记	yinjigedanglan	1	1	(29235,600)	0		1	0	(29235,250)		500	0	0	0	0	0	480	0	0	0	3	(29235,230)	
7	2	蓝色	4	Lv4 格挡印记	yinjigedanglan	1	1	(29235,960)	0		1	0	(29235,850)		500	0	0	0	0	0	720	0	0	0	3	(29235,830)	
7	2	蓝色	5	Lv5 格挡印记	yinjigedanglan	1	1	(29235,1440)	0		1	0	(29235,1810)		500	0	0	0	0	0	960	0	0	0	3	(29235,1790)	
7	2	蓝色	6	Lv6 格挡印记	yinjigedanglan	1	1	(29235,2000)	0		1	0	(29235,3250)		500	0	0	0	0	0	1200	0	0	0	3	(29235,3230)	
7	2	蓝色	7	Lv7 格挡印记	yinjigedanglan	1	1	(29235,2800)	0		1	0	(29235,5250)		500	0	0	0	0	0	1440	0	0	0	3	(29235,5230)	
7	2	蓝色	8	Lv8 格挡印记	yinjigedanglan	1	1	(29235,6000)	0		1	0	(29235,8050)		500	0	0	0	0	0	1680	0	0	0	3	(29235,8030)	
7	2	蓝色	9	Lv9 格挡印记	yinjigedanglan	1	1	(29235,10800)	0		1	0	(29235,14050)		500	0	0	0	0	0	2040	0	0	0	3	(29235,14030)	
7	2	蓝色	10	Lv10 格挡印记	yinjigedanglan	1	0		0		1	0	(29235,24850)		500	0	0	0	0	0	2400	0	0	0	3	(29235,24830)	
8	2	蓝色	1	Lv1 破挡印记	yinjipodanglan	1	1	(29235,30)	0		1	0	(29235,20)		500	0	0	0	0	0	0	120	0	0	3		
8	2	蓝色	2	Lv2 破挡印记	yinjipodanglan	1	1	(29235,200)	0		1	0	(29235,50)		500	0	0	0	0	0	0	240	0	0	3	(29235,30)	
8	2	蓝色	3	Lv3 破挡印记	yinjipodanglan	1	1	(29235,600)	0		1	0	(29235,250)		500	0	0	0	0	0	0	480	0	0	3	(29235,230)	
8	2	蓝色	4	Lv4 破挡印记	yinjipodanglan	1	1	(29235,960)	0		1	0	(29235,850)		500	0	0	0	0	0	0	720	0	0	3	(29235,830)	
8	2	蓝色	5	Lv5 破挡印记	yinjipodanglan	1	1	(29235,1440)	0		1	0	(29235,1810)		500	0	0	0	0	0	0	960	0	0	3	(29235,1790)	
8	2	蓝色	6	Lv6 破挡印记	yinjipodanglan	1	1	(29235,2000)	0		1	0	(29235,3250)		500	0	0	0	0	0	0	1200	0	0	3	(29235,3230)	
8	2	蓝色	7	Lv7 破挡印记	yinjipodanglan	1	1	(29235,2800)	0		1	0	(29235,5250)		500	0	0	0	0	0	0	1440	0	0	3	(29235,5230)	
8	2	蓝色	8	Lv8 破挡印记	yinjipodanglan	1	1	(29235,6000)	0		1	0	(29235,8050)		500	0	0	0	0	0	0	1680	0	0	3	(29235,8030)	
8	2	蓝色	9	Lv9 破挡印记	yinjipodanglan	1	1	(29235,10800)	0		1	0	(29235,14050)		500	0	0	0	0	0	0	2040	0	0	3	(29235,14030)	
8	2	蓝色	10	Lv10 破挡印记	yinjipodanglan	1	0		0		1	0	(29235,24850)		500	0	0	0	0	0	0	2400	0	0	3	(29235,24830)	
1	3	紫色	1	Lv1 生命印记	yinjishengmingzi	1	1	(29235,60)	0		1	0	(29235,40)		500	0	0	200	0	0	0	0	0	0	4		
1	3	紫色	2	Lv2 生命印记	yinjishengmingzi	1	1	(29235,400)	0		1	0	(29235,100)		500	0	0	400	0	0	0	0	0	0	4	(29235,60)	
1	3	紫色	3	Lv3 生命印记	yinjishengmingzi	1	1	(29235,1200)	0		1	0	(29235,500)		500	0	0	800	0	0	0	0	0	0	4	(29235,460)	
1	3	紫色	4	Lv4 生命印记	yinjishengmingzi	1	1	(29235,1920)	0		1	0	(29235,1700)		500	0	0	1200	0	0	0	0	0	0	4	(29235,1660)	
1	3	紫色	5	Lv5 生命印记	yinjishengmingzi	1	1	(29235,2880)	0		1	0	(29235,3620)		500	0	0	1600	0	0	0	0	0	0	4	(29235,3580)	
1	3	紫色	6	Lv6 生命印记	yinjishengmingzi	1	1	(29235,4000)	0		1	0	(29235,6500)		500	0	0	2000	0	0	0	0	0	0	4	(29235,6460)	
1	3	紫色	7	Lv7 生命印记	yinjishengmingzi	1	1	(29235,5600)	0		1	0	(29235,10500)		500	0	0	2400	0	0	0	0	0	0	4	(29235,10460)	
1	3	紫色	8	Lv8 生命印记	yinjishengmingzi	1	1	(29235,12000)	0		1	0	(29235,16100)		500	0	0	2800	0	0	0	0	0	0	4	(29235,16060)	
1	3	紫色	9	Lv9 生命印记	yinjishengmingzi	1	1	(29235,21600)	0		1	0	(29235,28100)		500	0	0	3400	0	0	0	0	0	0	4	(29235,28060)	
1	3	紫色	10	Lv10 生命印记	yinjishengmingzi	1	0		0		1	0	(29235,49700)		500	0	0	4000	0	0	0	0	0	0	4	(29235,49660)	
2	3	紫色	1	Lv1 攻击印记	yinjigongjizi	1	1	(29235,60)	0		1	0	(29235,40)		500	200	200	0	0	0	0	0	0	0	4		
2	3	紫色	2	Lv2 攻击印记	yinjigongjizi	1	1	(29235,400)	0		1	0	(29235,100)		500	400	400	0	0	0	0	0	0	0	4	(29235,60)	
2	3	紫色	3	Lv3 攻击印记	yinjigongjizi	1	1	(29235,1200)	0		1	0	(29235,500)		500	800	800	0	0	0	0	0	0	0	4	(29235,460)	
2	3	紫色	4	Lv4 攻击印记	yinjigongjizi	1	1	(29235,1920)	0		1	0	(29235,1700)		500	1200	1200	0	0	0	0	0	0	0	4	(29235,1660)	
2	3	紫色	5	Lv5 攻击印记	yinjigongjizi	1	1	(29235,2880)	0		1	0	(29235,3620)		500	1600	1600	0	0	0	0	0	0	0	4	(29235,3580)	
2	3	紫色	6	Lv6 攻击印记	yinjigongjizi	1	1	(29235,4000)	0		1	0	(29235,6500)		500	2000	2000	0	0	0	0	0	0	0	4	(29235,6460)	
2	3	紫色	7	Lv7 攻击印记	yinjigongjizi	1	1	(29235,5600)	0		1	0	(29235,10500)		500	2400	2400	0	0	0	0	0	0	0	4	(29235,10460)	
2	3	紫色	8	Lv8 攻击印记	yinjigongjizi	1	1	(29235,12000)	0		1	0	(29235,16100)		500	2800	2800	0	0	0	0	0	0	0	4	(29235,16060)	
2	3	紫色	9	Lv9 攻击印记	yinjigongjizi	1	1	(29235,21600)	0		1	0	(29235,28100)		500	3400	3400	0	0	0	0	0	0	0	4	(29235,28060)	
2	3	紫色	10	Lv10 攻击印记	yinjigongjizi	1	0		0		1	0	(29235,49700)		500	4000	4000	0	0	0	0	0	0	0	4	(29235,49660)	
3	3	紫色	1	Lv1 暴击印记	yinjibaojizi	1	1	(29235,60)	0		1	0	(29235,40)		500	0	0	0	200	0	0	0	0	0	4		
3	3	紫色	2	Lv2 暴击印记	yinjibaojizi	1	1	(29235,400)	0		1	0	(29235,100)		500	0	0	0	400	0	0	0	0	0	4	(29235,60)	
3	3	紫色	3	Lv3 暴击印记	yinjibaojizi	1	1	(29235,1200)	0		1	0	(29235,500)		500	0	0	0	800	0	0	0	0	0	4	(29235,460)	
3	3	紫色	4	Lv4 暴击印记	yinjibaojizi	1	1	(29235,1920)	0		1	0	(29235,1700)		500	0	0	0	1200	0	0	0	0	0	4	(29235,1660)	
3	3	紫色	5	Lv5 暴击印记	yinjibaojizi	1	1	(29235,2880)	0		1	0	(29235,3620)		500	0	0	0	1600	0	0	0	0	0	4	(29235,3580)	
3	3	紫色	6	Lv6 暴击印记	yinjibaojizi	1	1	(29235,4000)	0		1	0	(29235,6500)		500	0	0	0	2000	0	0	0	0	0	4	(29235,6460)	
3	3	紫色	7	Lv7 暴击印记	yinjibaojizi	1	1	(29235,5600)	0		1	0	(29235,10500)		500	0	0	0	2400	0	0	0	0	0	4	(29235,10460)	
3	3	紫色	8	Lv8 暴击印记	yinjibaojizi	1	1	(29235,12000)	0		1	0	(29235,16100)		500	0	0	0	2800	0	0	0	0	0	4	(29235,16060)	
3	3	紫色	9	Lv9 暴击印记	yinjibaojizi	1	1	(29235,21600)	0		1	0	(29235,28100)		500	0	0	0	3400	0	0	0	0	0	4	(29235,28060)	
3	3	紫色	10	Lv10 暴击印记	yinjibaojizi	1	0		0		1	0	(29235,49700)		500	0	0	0	4000	0	0	0	0	0	4	(29235,49660)	
4	3	紫色	1	Lv1 免暴印记	yinjimianbaozi	1	1	(29235,60)	0		1	0	(29235,40)		500	0	0	0	0	200	0	0	0	0	4		
4	3	紫色	2	Lv2 免暴印记	yinjimianbaozi	1	1	(29235,400)	0		1	0	(29235,100)		500	0	0	0	0	400	0	0	0	0	4	(29235,60)	
4	3	紫色	3	Lv3 免暴印记	yinjimianbaozi	1	1	(29235,1200)	0		1	0	(29235,500)		500	0	0	0	0	800	0	0	0	0	4	(29235,460)	
4	3	紫色	4	Lv4 免暴印记	yinjimianbaozi	1	1	(29235,1920)	0		1	0	(29235,1700)		500	0	0	0	0	1200	0	0	0	0	4	(29235,1660)	
4	3	紫色	5	Lv5 免暴印记	yinjimianbaozi	1	1	(29235,2880)	0		1	0	(29235,3620)		500	0	0	0	0	1600	0	0	0	0	4	(29235,3580)	
4	3	紫色	6	Lv6 免暴印记	yinjimianbaozi	1	1	(29235,4000)	0		1	0	(29235,6500)		500	0	0	0	0	2000	0	0	0	0	4	(29235,6460)	
4	3	紫色	7	Lv7 免暴印记	yinjimianbaozi	1	1	(29235,5600)	0		1	0	(29235,10500)		500	0	0	0	0	2400	0	0	0	0	4	(29235,10460)	
4	3	紫色	8	Lv8 免暴印记	yinjimianbaozi	1	1	(29235,12000)	0		1	0	(29235,16100)		500	0	0	0	0	2800	0	0	0	0	4	(29235,16060)	
4	3	紫色	9	Lv9 免暴印记	yinjimianbaozi	1	1	(29235,21600)	0		1	0	(29235,28100)		500	0	0	0	0	3400	0	0	0	0	4	(29235,28060)	
4	3	紫色	10	Lv10 免暴印记	yinjimianbaozi	1	0		0		1	0	(29235,49700)		500	0	0	0	0	4000	0	0	0	0	4	(29235,49660)	
5	3	紫色	1	Lv1 破防印记	yinjipofangzi	1	1	(29235,60)	0		1	0	(29235,40)		500	0	0	0	0	0	0	0	200	0	4		
5	3	紫色	2	Lv2 破防印记	yinjipofangzi	1	1	(29235,400)	0		1	0	(29235,100)		500	0	0	0	0	0	0	0	400	0	4	(29235,60)	
5	3	紫色	3	Lv3 破防印记	yinjipofangzi	1	1	(29235,1200)	0		1	0	(29235,500)		500	0	0	0	0	0	0	0	800	0	4	(29235,460)	
5	3	紫色	4	Lv4 破防印记	yinjipofangzi	1	1	(29235,1920)	0		1	0	(29235,1700)		500	0	0	0	0	0	0	0	1200	0	4	(29235,1660)	
5	3	紫色	5	Lv5 破防印记	yinjipofangzi	1	1	(29235,2880)	0		1	0	(29235,3620)		500	0	0	0	0	0	0	0	1600	0	4	(29235,3580)	
5	3	紫色	6	Lv6 破防印记	yinjipofangzi	1	1	(29235,4000)	0		1	0	(29235,6500)		500	0	0	0	0	0	0	0	2000	0	4	(29235,6460)	
5	3	紫色	7	Lv7 破防印记	yinjipofangzi	1	1	(29235,5600)	0		1	0	(29235,10500)		500	0	0	0	0	0	0	0	2400	0	4	(29235,10460)	
5	3	紫色	8	Lv8 破防印记	yinjipofangzi	1	1	(29235,12000)	0		1	0	(29235,16100)		500	0	0	0	0	0	0	0	2800	0	4	(29235,16060)	
5	3	紫色	9	Lv9 破防印记	yinjipofangzi	1	1	(29235,21600)	0		1	0	(29235,28100)		500	0	0	0	0	0	0	0	3400	0	4	(29235,28060)	
5	3	紫色	10	Lv10 破防印记	yinjipofangzi	1	0		0		1	0	(29235,49700)		500	0	0	0	0	0	0	0	4000	0	4	(29235,49660)	
6	3	紫色	1	Lv1 免破印记	yinjimianpozi	1	1	(29235,60)	0		1	0	(29235,40)		500	0	0	0	0	0	0	0	0	200	4		
6	3	紫色	2	Lv2 免破印记	yinjimianpozi	1	1	(29235,400)	0		1	0	(29235,100)		500	0	0	0	0	0	0	0	0	400	4	(29235,60)	
6	3	紫色	3	Lv3 免破印记	yinjimianpozi	1	1	(29235,1200)	0		1	0	(29235,500)		500	0	0	0	0	0	0	0	0	800	4	(29235,460)	
6	3	紫色	4	Lv4 免破印记	yinjimianpozi	1	1	(29235,1920)	0		1	0	(29235,1700)		500	0	0	0	0	0	0	0	0	1200	4	(29235,1660)	
6	3	紫色	5	Lv5 免破印记	yinjimianpozi	1	1	(29235,2880)	0		1	0	(29235,3620)		500	0	0	0	0	0	0	0	0	1600	4	(29235,3580)	
6	3	紫色	6	Lv6 免破印记	yinjimianpozi	1	1	(29235,4000)	0		1	0	(29235,6500)		500	0	0	0	0	0	0	0	0	2000	4	(29235,6460)	
6	3	紫色	7	Lv7 免破印记	yinjimianpozi	1	1	(29235,5600)	0		1	0	(29235,10500)		500	0	0	0	0	0	0	0	0	2400	4	(29235,10460)	
6	3	紫色	8	Lv8 免破印记	yinjimianpozi	1	1	(29235,12000)	0		1	0	(29235,16100)		500	0	0	0	0	0	0	0	0	2800	4	(29235,16060)	
6	3	紫色	9	Lv9 免破印记	yinjimianpozi	1	1	(29235,21600)	0		1	0	(29235,28100)		500	0	0	0	0	0	0	0	0	3400	4	(29235,28060)	
6	3	紫色	10	Lv10 免破印记	yinjimianpozi	1	0		0		1	0	(29235,49700)		500	0	0	0	0	0	0	0	0	4000	4	(29235,49660)	
7	3	紫色	1	Lv1 格挡印记	yinjigedangzi	1	1	(29235,60)	0		1	0	(29235,40)		500	0	0	0	0	0	200	0	0	0	4		
7	3	紫色	2	Lv2 格挡印记	yinjigedangzi	1	1	(29235,400)	0		1	0	(29235,100)		500	0	0	0	0	0	400	0	0	0	4	(29235,60)	
7	3	紫色	3	Lv3 格挡印记	yinjigedangzi	1	1	(29235,1200)	0		1	0	(29235,500)		500	0	0	0	0	0	800	0	0	0	4	(29235,460)	
7	3	紫色	4	Lv4 格挡印记	yinjigedangzi	1	1	(29235,1920)	0		1	0	(29235,1700)		500	0	0	0	0	0	1200	0	0	0	4	(29235,1660)	
7	3	紫色	5	Lv5 格挡印记	yinjigedangzi	1	1	(29235,2880)	0		1	0	(29235,3620)		500	0	0	0	0	0	1600	0	0	0	4	(29235,3580)	
7	3	紫色	6	Lv6 格挡印记	yinjigedangzi	1	1	(29235,4000)	0		1	0	(29235,6500)		500	0	0	0	0	0	2000	0	0	0	4	(29235,6460)	
7	3	紫色	7	Lv7 格挡印记	yinjigedangzi	1	1	(29235,5600)	0		1	0	(29235,10500)		500	0	0	0	0	0	2400	0	0	0	4	(29235,10460)	
7	3	紫色	8	Lv8 格挡印记	yinjigedangzi	1	1	(29235,12000)	0		1	0	(29235,16100)		500	0	0	0	0	0	2800	0	0	0	4	(29235,16060)	
7	3	紫色	9	Lv9 格挡印记	yinjigedangzi	1	1	(29235,21600)	0		1	0	(29235,28100)		500	0	0	0	0	0	3400	0	0	0	4	(29235,28060)	
7	3	紫色	10	Lv10 格挡印记	yinjigedangzi	1	0		0		1	0	(29235,49700)		500	0	0	0	0	0	4000	0	0	0	4	(29235,49660)	
8	3	紫色	1	Lv1 破挡印记	yinjipodangzi	1	1	(29235,60)	0		1	0	(29235,40)		500	0	0	0	0	0	0	200	0	0	4		
8	3	紫色	2	Lv2 破挡印记	yinjipodangzi	1	1	(29235,400)	0		1	0	(29235,100)		500	0	0	0	0	0	0	400	0	0	4	(29235,60)	
8	3	紫色	3	Lv3 破挡印记	yinjipodangzi	1	1	(29235,1200)	0		1	0	(29235,500)		500	0	0	0	0	0	0	800	0	0	4	(29235,460)	
8	3	紫色	4	Lv4 破挡印记	yinjipodangzi	1	1	(29235,1920)	0		1	0	(29235,1700)		500	0	0	0	0	0	0	1200	0	0	4	(29235,1660)	
8	3	紫色	5	Lv5 破挡印记	yinjipodangzi	1	1	(29235,2880)	0		1	0	(29235,3620)		500	0	0	0	0	0	0	1600	0	0	4	(29235,3580)	
8	3	紫色	6	Lv6 破挡印记	yinjipodangzi	1	1	(29235,4000)	0		1	0	(29235,6500)		500	0	0	0	0	0	0	2000	0	0	4	(29235,6460)	
8	3	紫色	7	Lv7 破挡印记	yinjipodangzi	1	1	(29235,5600)	0		1	0	(29235,10500)		500	0	0	0	0	0	0	2400	0	0	4	(29235,10460)	
8	3	紫色	8	Lv8 破挡印记	yinjipodangzi	1	1	(29235,12000)	0		1	0	(29235,16100)		500	0	0	0	0	0	0	2800	0	0	4	(29235,16060)	
8	3	紫色	9	Lv9 破挡印记	yinjipodangzi	1	1	(29235,21600)	0		1	0	(29235,28100)		500	0	0	0	0	0	0	3400	0	0	4	(29235,28060)	
8	3	紫色	10	Lv10 破挡印记	yinjipodangzi	1	0		0		1	0	(29235,49700)		500	0	0	0	0	0	0	4000	0	0	4	(29235,49660)	
1	4	橙色	1	Lv1 生命印记	yinjishengmingcheng	1	1	(29235,150)	0		1	0	(29235,100)		500	0	0	330	0	0	0	0	0	0	6		
1	4	橙色	2	Lv2 生命印记	yinjishengmingcheng	1	1	(29235,1000)	0		1	0	(29235,250)		500	0	0	660	0	0	0	0	0	0	6	(29235,150)	
1	4	橙色	3	Lv3 生命印记	yinjishengmingcheng	1	1	(29235,3000)	0		1	0	(29235,1250)		500	0	0	1320	0	0	0	0	0	0	6	(29235,1150)	
1	4	橙色	4	Lv4 生命印记	yinjishengmingcheng	1	1	(29235,4800)	0		1	0	(29235,4250)		500	0	0	1980	0	0	0	0	0	0	6	(29235,4150)	
1	4	橙色	5	Lv5 生命印记	yinjishengmingcheng	1	1	(29235,7200)	0		1	0	(29235,9050)		500	0	0	2640	0	0	0	0	0	0	6	(29235,8950)	
1	4	橙色	6	Lv6 生命印记	yinjishengmingcheng	1	1	(29235,10000)	0		1	0	(29235,16250)		500	0	0	3300	0	0	0	0	0	0	6	(29235,16150)	
1	4	橙色	7	Lv7 生命印记	yinjishengmingcheng	1	1	(29235,14000)	0		1	0	(29235,26250)		500	0	0	3960	0	0	0	0	0	0	6	(29235,26150)	
1	4	橙色	8	Lv8 生命印记	yinjishengmingcheng	1	1	(29235,30000)	0		1	0	(29235,40250)		500	0	0	4620	0	0	0	0	0	0	6	(29235,40150)	
1	4	橙色	9	Lv9 生命印记	yinjishengmingcheng	1	1	(29235,54000)	0		1	0	(29235,70250)		500	0	0	5610	0	0	0	0	0	0	6	(29235,70150)	
1	4	橙色	10	Lv10 生命印记	yinjishengmingcheng	1	0		0		1	0	(29235,124250)		500	0	0	6600	0	0	0	0	0	0	6	(29235,124150)	
2	4	橙色	1	Lv1 攻击印记	yinjigongjicheng	1	1	(29235,150)	0		1	0	(29235,100)		500	330	330	0	0	0	0	0	0	0	6		
2	4	橙色	2	Lv2 攻击印记	yinjigongjicheng	1	1	(29235,1000)	0		1	0	(29235,250)		500	660	660	0	0	0	0	0	0	0	6	(29235,150)	
2	4	橙色	3	Lv3 攻击印记	yinjigongjicheng	1	1	(29235,3000)	0		1	0	(29235,1250)		500	1320	1320	0	0	0	0	0	0	0	6	(29235,1150)	
2	4	橙色	4	Lv4 攻击印记	yinjigongjicheng	1	1	(29235,4800)	0		1	0	(29235,4250)		500	1980	1980	0	0	0	0	0	0	0	6	(29235,4150)	
2	4	橙色	5	Lv5 攻击印记	yinjigongjicheng	1	1	(29235,7200)	0		1	0	(29235,9050)		500	2640	2640	0	0	0	0	0	0	0	6	(29235,8950)	
2	4	橙色	6	Lv6 攻击印记	yinjigongjicheng	1	1	(29235,10000)	0		1	0	(29235,16250)		500	3300	3300	0	0	0	0	0	0	0	6	(29235,16150)	
2	4	橙色	7	Lv7 攻击印记	yinjigongjicheng	1	1	(29235,14000)	0		1	0	(29235,26250)		500	3960	3960	0	0	0	0	0	0	0	6	(29235,26150)	
2	4	橙色	8	Lv8 攻击印记	yinjigongjicheng	1	1	(29235,30000)	0		1	0	(29235,40250)		500	4620	4620	0	0	0	0	0	0	0	6	(29235,40150)	
2	4	橙色	9	Lv9 攻击印记	yinjigongjicheng	1	1	(29235,54000)	0		1	0	(29235,70250)		500	5610	5610	0	0	0	0	0	0	0	6	(29235,70150)	
2	4	橙色	10	Lv10 攻击印记	yinjigongjicheng	1	0		0		1	0	(29235,124250)		500	6600	6600	0	0	0	0	0	0	0	6	(29235,124150)	
3	4	橙色	1	Lv1 暴击印记	yinjibaojicheng	1	1	(29235,150)	0		1	0	(29235,100)		500	0	0	0	330	0	0	0	0	0	6		
3	4	橙色	2	Lv2 暴击印记	yinjibaojicheng	1	1	(29235,1000)	0		1	0	(29235,250)		500	0	0	0	660	0	0	0	0	0	6	(29235,150)	
3	4	橙色	3	Lv3 暴击印记	yinjibaojicheng	1	1	(29235,3000)	0		1	0	(29235,1250)		500	0	0	0	1320	0	0	0	0	0	6	(29235,1150)	
3	4	橙色	4	Lv4 暴击印记	yinjibaojicheng	1	1	(29235,4800)	0		1	0	(29235,4250)		500	0	0	0	1980	0	0	0	0	0	6	(29235,4150)	
3	4	橙色	5	Lv5 暴击印记	yinjibaojicheng	1	1	(29235,7200)	0		1	0	(29235,9050)		500	0	0	0	2640	0	0	0	0	0	6	(29235,8950)	
3	4	橙色	6	Lv6 暴击印记	yinjibaojicheng	1	1	(29235,10000)	0		1	0	(29235,16250)		500	0	0	0	3300	0	0	0	0	0	6	(29235,16150)	
3	4	橙色	7	Lv7 暴击印记	yinjibaojicheng	1	1	(29235,14000)	0		1	0	(29235,26250)		500	0	0	0	3960	0	0	0	0	0	6	(29235,26150)	
3	4	橙色	8	Lv8 暴击印记	yinjibaojicheng	1	1	(29235,30000)	0		1	0	(29235,40250)		500	0	0	0	4620	0	0	0	0	0	6	(29235,40150)	
3	4	橙色	9	Lv9 暴击印记	yinjibaojicheng	1	1	(29235,54000)	0		1	0	(29235,70250)		500	0	0	0	5610	0	0	0	0	0	6	(29235,70150)	
3	4	橙色	10	Lv10 暴击印记	yinjibaojicheng	1	0		0		1	0	(29235,124250)		500	0	0	0	6600	0	0	0	0	0	6	(29235,124150)	
4	4	橙色	1	Lv1 免暴印记	yinjimianbaocheng	1	1	(29235,150)	0		1	0	(29235,100)		500	0	0	0	0	330	0	0	0	0	6		
4	4	橙色	2	Lv2 免暴印记	yinjimianbaocheng	1	1	(29235,1000)	0		1	0	(29235,250)		500	0	0	0	0	660	0	0	0	0	6	(29235,150)	
4	4	橙色	3	Lv3 免暴印记	yinjimianbaocheng	1	1	(29235,3000)	0		1	0	(29235,1250)		500	0	0	0	0	1320	0	0	0	0	6	(29235,1150)	
4	4	橙色	4	Lv4 免暴印记	yinjimianbaocheng	1	1	(29235,4800)	0		1	0	(29235,4250)		500	0	0	0	0	1980	0	0	0	0	6	(29235,4150)	
4	4	橙色	5	Lv5 免暴印记	yinjimianbaocheng	1	1	(29235,7200)	0		1	0	(29235,9050)		500	0	0	0	0	2640	0	0	0	0	6	(29235,8950)	
4	4	橙色	6	Lv6 免暴印记	yinjimianbaocheng	1	1	(29235,10000)	0		1	0	(29235,16250)		500	0	0	0	0	3300	0	0	0	0	6	(29235,16150)	
4	4	橙色	7	Lv7 免暴印记	yinjimianbaocheng	1	1	(29235,14000)	0		1	0	(29235,26250)		500	0	0	0	0	3960	0	0	0	0	6	(29235,26150)	
4	4	橙色	8	Lv8 免暴印记	yinjimianbaocheng	1	1	(29235,30000)	0		1	0	(29235,40250)		500	0	0	0	0	4620	0	0	0	0	6	(29235,40150)	
4	4	橙色	9	Lv9 免暴印记	yinjimianbaocheng	1	1	(29235,54000)	0		1	0	(29235,70250)		500	0	0	0	0	5610	0	0	0	0	6	(29235,70150)	
4	4	橙色	10	Lv10 免暴印记	yinjimianbaocheng	1	0		0		1	0	(29235,124250)		500	0	0	0	0	6600	0	0	0	0	6	(29235,124150)	
5	4	橙色	1	Lv1 破防印记	yinjipofangcheng	1	1	(29235,150)	0		1	0	(29235,100)		500	0	0	0	0	0	0	0	330	0	6		
5	4	橙色	2	Lv2 破防印记	yinjipofangcheng	1	1	(29235,1000)	0		1	0	(29235,250)		500	0	0	0	0	0	0	0	660	0	6	(29235,150)	
5	4	橙色	3	Lv3 破防印记	yinjipofangcheng	1	1	(29235,3000)	0		1	0	(29235,1250)		500	0	0	0	0	0	0	0	1320	0	6	(29235,1150)	
5	4	橙色	4	Lv4 破防印记	yinjipofangcheng	1	1	(29235,4800)	0		1	0	(29235,4250)		500	0	0	0	0	0	0	0	1980	0	6	(29235,4150)	
5	4	橙色	5	Lv5 破防印记	yinjipofangcheng	1	1	(29235,7200)	0		1	0	(29235,9050)		500	0	0	0	0	0	0	0	2640	0	6	(29235,8950)	
5	4	橙色	6	Lv6 破防印记	yinjipofangcheng	1	1	(29235,10000)	0		1	0	(29235,16250)		500	0	0	0	0	0	0	0	3300	0	6	(29235,16150)	
5	4	橙色	7	Lv7 破防印记	yinjipofangcheng	1	1	(29235,14000)	0		1	0	(29235,26250)		500	0	0	0	0	0	0	0	3960	0	6	(29235,26150)	
5	4	橙色	8	Lv8 破防印记	yinjipofangcheng	1	1	(29235,30000)	0		1	0	(29235,40250)		500	0	0	0	0	0	0	0	4620	0	6	(29235,40150)	
5	4	橙色	9	Lv9 破防印记	yinjipofangcheng	1	1	(29235,54000)	0		1	0	(29235,70250)		500	0	0	0	0	0	0	0	5610	0	6	(29235,70150)	
5	4	橙色	10	Lv10 破防印记	yinjipofangcheng	1	0		0		1	0	(29235,124250)		500	0	0	0	0	0	0	0	6600	0	6	(29235,124150)	
6	4	橙色	1	Lv1 免破印记	yinjimianpocheng	1	1	(29235,150)	0		1	0	(29235,100)		500	0	0	0	0	0	0	0	0	330	6		
6	4	橙色	2	Lv2 免破印记	yinjimianpocheng	1	1	(29235,1000)	0		1	0	(29235,250)		500	0	0	0	0	0	0	0	0	660	6	(29235,150)	
6	4	橙色	3	Lv3 免破印记	yinjimianpocheng	1	1	(29235,3000)	0		1	0	(29235,1250)		500	0	0	0	0	0	0	0	0	1320	6	(29235,1150)	
6	4	橙色	4	Lv4 免破印记	yinjimianpocheng	1	1	(29235,4800)	0		1	0	(29235,4250)		500	0	0	0	0	0	0	0	0	1980	6	(29235,4150)	
6	4	橙色	5	Lv5 免破印记	yinjimianpocheng	1	1	(29235,7200)	0		1	0	(29235,9050)		500	0	0	0	0	0	0	0	0	2640	6	(29235,8950)	
6	4	橙色	6	Lv6 免破印记	yinjimianpocheng	1	1	(29235,10000)	0		1	0	(29235,16250)		500	0	0	0	0	0	0	0	0	3300	6	(29235,16150)	
6	4	橙色	7	Lv7 免破印记	yinjimianpocheng	1	1	(29235,14000)	0		1	0	(29235,26250)		500	0	0	0	0	0	0	0	0	3960	6	(29235,26150)	
6	4	橙色	8	Lv8 免破印记	yinjimianpocheng	1	1	(29235,30000)	0		1	0	(29235,40250)		500	0	0	0	0	0	0	0	0	4620	6	(29235,40150)	
6	4	橙色	9	Lv9 免破印记	yinjimianpocheng	1	1	(29235,54000)	0		1	0	(29235,70250)		500	0	0	0	0	0	0	0	0	5610	6	(29235,70150)	
6	4	橙色	10	Lv10 免破印记	yinjimianpocheng	1	0		0		1	0	(29235,124250)		500	0	0	0	0	0	0	0	0	6600	6	(29235,124150)	
7	4	橙色	1	Lv1 格挡印记	yinjigedangcheng	1	1	(29235,150)	0		1	0	(29235,100)		500	0	0	0	0	0	330	0	0	0	6		
7	4	橙色	2	Lv2 格挡印记	yinjigedangcheng	1	1	(29235,1000)	0		1	0	(29235,250)		500	0	0	0	0	0	660	0	0	0	6	(29235,150)	
7	4	橙色	3	Lv3 格挡印记	yinjigedangcheng	1	1	(29235,3000)	0		1	0	(29235,1250)		500	0	0	0	0	0	1320	0	0	0	6	(29235,1150)	
7	4	橙色	4	Lv4 格挡印记	yinjigedangcheng	1	1	(29235,4800)	0		1	0	(29235,4250)		500	0	0	0	0	0	1980	0	0	0	6	(29235,4150)	
7	4	橙色	5	Lv5 格挡印记	yinjigedangcheng	1	1	(29235,7200)	0		1	0	(29235,9050)		500	0	0	0	0	0	2640	0	0	0	6	(29235,8950)	
7	4	橙色	6	Lv6 格挡印记	yinjigedangcheng	1	1	(29235,10000)	0		1	0	(29235,16250)		500	0	0	0	0	0	3300	0	0	0	6	(29235,16150)	
7	4	橙色	7	Lv7 格挡印记	yinjigedangcheng	1	1	(29235,14000)	0		1	0	(29235,26250)		500	0	0	0	0	0	3960	0	0	0	6	(29235,26150)	
7	4	橙色	8	Lv8 格挡印记	yinjigedangcheng	1	1	(29235,30000)	0		1	0	(29235,40250)		500	0	0	0	0	0	4620	0	0	0	6	(29235,40150)	
7	4	橙色	9	Lv9 格挡印记	yinjigedangcheng	1	1	(29235,54000)	0		1	0	(29235,70250)		500	0	0	0	0	0	5610	0	0	0	6	(29235,70150)	
7	4	橙色	10	Lv10 格挡印记	yinjigedangcheng	1	0		0		1	0	(29235,124250)		500	0	0	0	0	0	6600	0	0	0	6	(29235,124150)	
8	4	橙色	1	Lv1 破挡印记	yinjipodangcheng	1	1	(29235,150)	0		1	0	(29235,100)		500	0	0	0	0	0	0	330	0	0	6		
8	4	橙色	2	Lv2 破挡印记	yinjipodangcheng	1	1	(29235,1000)	0		1	0	(29235,250)		500	0	0	0	0	0	0	660	0	0	6	(29235,150)	
8	4	橙色	3	Lv3 破挡印记	yinjipodangcheng	1	1	(29235,3000)	0		1	0	(29235,1250)		500	0	0	0	0	0	0	1320	0	0	6	(29235,1150)	
8	4	橙色	4	Lv4 破挡印记	yinjipodangcheng	1	1	(29235,4800)	0		1	0	(29235,4250)		500	0	0	0	0	0	0	1980	0	0	6	(29235,4150)	
8	4	橙色	5	Lv5 破挡印记	yinjipodangcheng	1	1	(29235,7200)	0		1	0	(29235,9050)		500	0	0	0	0	0	0	2640	0	0	6	(29235,8950)	
8	4	橙色	6	Lv6 破挡印记	yinjipodangcheng	1	1	(29235,10000)	0		1	0	(29235,16250)		500	0	0	0	0	0	0	3300	0	0	6	(29235,16150)	
8	4	橙色	7	Lv7 破挡印记	yinjipodangcheng	1	1	(29235,14000)	0		1	0	(29235,26250)		500	0	0	0	0	0	0	3960	0	0	6	(29235,26150)	
8	4	橙色	8	Lv8 破挡印记	yinjipodangcheng	1	1	(29235,30000)	0		1	0	(29235,40250)		500	0	0	0	0	0	0	4620	0	0	6	(29235,40150)	
8	4	橙色	9	Lv9 破挡印记	yinjipodangcheng	1	1	(29235,54000)	0		1	0	(29235,70250)		500	0	0	0	0	0	0	5610	0	0	6	(29235,70150)	
8	4	橙色	10	Lv10 破挡印记	yinjipodangcheng	1	0		0		1	0	(29235,124250)		500	0	0	0	0	0	0	6600	0	0	6	(29235,124150)	
1	5	红色	1	Lv1 生命印记	yinjishengminghong	1	1	(29235,600)	0		1	0		[(999,5,1,1)]	500	0	0	500	0	0	0	0	0	0	8		
1	5	红色	2	Lv2 生命印记	yinjishengminghong	1	1	(29235,4000)	1	[(999,5,1)]	1	0	(29235,600)	[(999,5,1,1)]	500	0	0	1000	0	0	0	0	0	0	8	(29235,600)	
1	5	红色	3	Lv3 生命印记	yinjishengminghong	1	1	(29235,12000)	1	[(999,5,1)]	1	0	(29235,4600)	[(999,5,1,2)]	500	0	0	2000	0	0	0	0	0	0	8	(29235,4600)	[(999,5,1,1)]
1	5	红色	4	Lv4 生命印记	yinjishengminghong	1	1	(29235,19200)	1	[(999,5,1)]	1	0	(29235,16600)	[(999,5,1,3)]	500	0	0	3000	0	0	0	0	0	0	8	(29235,16600)	[(999,5,1,2)]
1	5	红色	5	Lv5 生命印记	yinjishengminghong	1	1	(29235,28800)	1	[(999,5,1)]	1	0	(29235,35800)	[(999,5,1,4)]	500	0	0	4000	0	0	0	0	0	0	8	(29235,35800)	[(999,5,1,3)]
1	5	红色	6	Lv6 生命印记	yinjishengminghong	1	1	(29235,40000)	1	[(999,5,1)]	1	0	(29235,64600)	[(999,5,1,5)]	500	0	0	5000	0	0	0	0	0	0	8	(29235,64600)	[(999,5,1,4)]
1	5	红色	7	Lv7 生命印记	yinjishengminghong	1	1	(29235,56000)	1	[(999,5,1)]	1	0	(29235,104600)	[(999,5,1,6)]	500	0	0	6000	0	0	0	0	0	0	8	(29235,104600)	[(999,5,1,5)]
1	5	红色	8	Lv8 生命印记	yinjishengminghong	1	1	(29235,120000)	2	[(999,5,1)]	1	0	(29235,160600)	[(999,5,1,7)]	500	0	0	7000	0	0	0	0	0	0	8	(29235,160600)	[(999,5,1,6)]
1	5	红色	9	Lv9 生命印记	yinjishengminghong	1	1	(29235,216000)	3	[(999,5,1)]	1	0	(29235,280600)	[(999,5,1,9)]	500	0	0	8500	0	0	0	0	0	0	8	(29235,280600)	[(999,5,1,8)]
1	5	红色	10	Lv10 生命印记	yinjishengminghong	1	0		0		1	0	(29235,496600)	[(999,5,1,12)]	500	0	0	10000	0	0	0	0	0	0	8	(29235,496600)	[(999,5,1,11)]
2	5	红色	1	Lv1 攻击印记	yinjigongjihong	1	1	(29235,600)	0		1	0		[(999,5,1,1)]	500	500	500	0	0	0	0	0	0	0	8		
2	5	红色	2	Lv2 攻击印记	yinjigongjihong	1	1	(29235,4000)	1	[(999,5,1)]	1	0	(29235,600)	[(999,5,1,1)]	500	1000	1000	0	0	0	0	0	0	0	8	(29235,600)	
2	5	红色	3	Lv3 攻击印记	yinjigongjihong	1	1	(29235,12000)	1	[(999,5,1)]	1	0	(29235,4600)	[(999,5,1,2)]	500	2000	2000	0	0	0	0	0	0	0	8	(29235,4600)	[(999,5,1,1)]
2	5	红色	4	Lv4 攻击印记	yinjigongjihong	1	1	(29235,19200)	1	[(999,5,1)]	1	0	(29235,16600)	[(999,5,1,3)]	500	3000	3000	0	0	0	0	0	0	0	8	(29235,16600)	[(999,5,1,2)]
2	5	红色	5	Lv5 攻击印记	yinjigongjihong	1	1	(29235,28800)	1	[(999,5,1)]	1	0	(29235,35800)	[(999,5,1,4)]	500	4000	4000	0	0	0	0	0	0	0	8	(29235,35800)	[(999,5,1,3)]
2	5	红色	6	Lv6 攻击印记	yinjigongjihong	1	1	(29235,40000)	1	[(999,5,1)]	1	0	(29235,64600)	[(999,5,1,5)]	500	5000	5000	0	0	0	0	0	0	0	8	(29235,64600)	[(999,5,1,4)]
2	5	红色	7	Lv7 攻击印记	yinjigongjihong	1	1	(29235,56000)	1	[(999,5,1)]	1	0	(29235,104600)	[(999,5,1,6)]	500	6000	6000	0	0	0	0	0	0	0	8	(29235,104600)	[(999,5,1,5)]
2	5	红色	8	Lv8 攻击印记	yinjigongjihong	1	1	(29235,120000)	2	[(999,5,1)]	1	0	(29235,160600)	[(999,5,1,7)]	500	7000	7000	0	0	0	0	0	0	0	8	(29235,160600)	[(999,5,1,6)]
2	5	红色	9	Lv9 攻击印记	yinjigongjihong	1	1	(29235,216000)	3	[(999,5,1)]	1	0	(29235,280600)	[(999,5,1,9)]	500	8500	8500	0	0	0	0	0	0	0	8	(29235,280600)	[(999,5,1,8)]
2	5	红色	10	Lv10 攻击印记	yinjigongjihong	1	0		0		1	0	(29235,496600)	[(999,5,1,12)]	500	10000	10000	0	0	0	0	0	0	0	8	(29235,496600)	[(999,5,1,11)]
3	5	红色	1	Lv1 暴击印记	yinjibaojihong	1	1	(29235,600)	0		1	0		[(999,5,1,1)]	500	0	0	0	500	0	0	0	0	0	8		
3	5	红色	2	Lv2 暴击印记	yinjibaojihong	1	1	(29235,4000)	1	[(999,5,1)]	1	0	(29235,600)	[(999,5,1,1)]	500	0	0	0	1000	0	0	0	0	0	8	(29235,600)	
3	5	红色	3	Lv3 暴击印记	yinjibaojihong	1	1	(29235,12000)	1	[(999,5,1)]	1	0	(29235,4600)	[(999,5,1,2)]	500	0	0	0	2000	0	0	0	0	0	8	(29235,4600)	[(999,5,1,1)]
3	5	红色	4	Lv4 暴击印记	yinjibaojihong	1	1	(29235,19200)	1	[(999,5,1)]	1	0	(29235,16600)	[(999,5,1,3)]	500	0	0	0	3000	0	0	0	0	0	8	(29235,16600)	[(999,5,1,2)]
3	5	红色	5	Lv5 暴击印记	yinjibaojihong	1	1	(29235,28800)	1	[(999,5,1)]	1	0	(29235,35800)	[(999,5,1,4)]	500	0	0	0	4000	0	0	0	0	0	8	(29235,35800)	[(999,5,1,3)]
3	5	红色	6	Lv6 暴击印记	yinjibaojihong	1	1	(29235,40000)	1	[(999,5,1)]	1	0	(29235,64600)	[(999,5,1,5)]	500	0	0	0	5000	0	0	0	0	0	8	(29235,64600)	[(999,5,1,4)]
3	5	红色	7	Lv7 暴击印记	yinjibaojihong	1	1	(29235,56000)	1	[(999,5,1)]	1	0	(29235,104600)	[(999,5,1,6)]	500	0	0	0	6000	0	0	0	0	0	8	(29235,104600)	[(999,5,1,5)]
3	5	红色	8	Lv8 暴击印记	yinjibaojihong	1	1	(29235,120000)	2	[(999,5,1)]	1	0	(29235,160600)	[(999,5,1,7)]	500	0	0	0	7000	0	0	0	0	0	8	(29235,160600)	[(999,5,1,6)]
3	5	红色	9	Lv9 暴击印记	yinjibaojihong	1	1	(29235,216000)	3	[(999,5,1)]	1	0	(29235,280600)	[(999,5,1,9)]	500	0	0	0	8500	0	0	0	0	0	8	(29235,280600)	[(999,5,1,8)]
3	5	红色	10	Lv10 暴击印记	yinjibaojihong	1	0		0		1	0	(29235,496600)	[(999,5,1,12)]	500	0	0	0	10000	0	0	0	0	0	8	(29235,496600)	[(999,5,1,11)]
4	5	红色	1	Lv1 免暴印记	yinjimianbaohong	1	1	(29235,600)	0		1	0		[(999,5,1,1)]	500	0	0	0	0	500	0	0	0	0	8		
4	5	红色	2	Lv2 免暴印记	yinjimianbaohong	1	1	(29235,4000)	1	[(999,5,1)]	1	0	(29235,600)	[(999,5,1,1)]	500	0	0	0	0	1000	0	0	0	0	8	(29235,600)	
4	5	红色	3	Lv3 免暴印记	yinjimianbaohong	1	1	(29235,12000)	1	[(999,5,1)]	1	0	(29235,4600)	[(999,5,1,2)]	500	0	0	0	0	2000	0	0	0	0	8	(29235,4600)	[(999,5,1,1)]
4	5	红色	4	Lv4 免暴印记	yinjimianbaohong	1	1	(29235,19200)	1	[(999,5,1)]	1	0	(29235,16600)	[(999,5,1,3)]	500	0	0	0	0	3000	0	0	0	0	8	(29235,16600)	[(999,5,1,2)]
4	5	红色	5	Lv5 免暴印记	yinjimianbaohong	1	1	(29235,28800)	1	[(999,5,1)]	1	0	(29235,35800)	[(999,5,1,4)]	500	0	0	0	0	4000	0	0	0	0	8	(29235,35800)	[(999,5,1,3)]
4	5	红色	6	Lv6 免暴印记	yinjimianbaohong	1	1	(29235,40000)	1	[(999,5,1)]	1	0	(29235,64600)	[(999,5,1,5)]	500	0	0	0	0	5000	0	0	0	0	8	(29235,64600)	[(999,5,1,4)]
4	5	红色	7	Lv7 免暴印记	yinjimianbaohong	1	1	(29235,56000)	1	[(999,5,1)]	1	0	(29235,104600)	[(999,5,1,6)]	500	0	0	0	0	6000	0	0	0	0	8	(29235,104600)	[(999,5,1,5)]
4	5	红色	8	Lv8 免暴印记	yinjimianbaohong	1	1	(29235,120000)	2	[(999,5,1)]	1	0	(29235,160600)	[(999,5,1,7)]	500	0	0	0	0	7000	0	0	0	0	8	(29235,160600)	[(999,5,1,6)]
4	5	红色	9	Lv9 免暴印记	yinjimianbaohong	1	1	(29235,216000)	3	[(999,5,1)]	1	0	(29235,280600)	[(999,5,1,9)]	500	0	0	0	0	8500	0	0	0	0	8	(29235,280600)	[(999,5,1,8)]
4	5	红色	10	Lv10 免暴印记	yinjimianbaohong	1	0		0		1	0	(29235,496600)	[(999,5,1,12)]	500	0	0	0	0	10000	0	0	0	0	8	(29235,496600)	[(999,5,1,11)]
5	5	红色	1	Lv1 破防印记	yinjipofanghong	1	1	(29235,600)	0		1	0		[(999,5,1,1)]	500	0	0	0	0	0	0	0	500	0	8		
5	5	红色	2	Lv2 破防印记	yinjipofanghong	1	1	(29235,4000)	1	[(999,5,1)]	1	0	(29235,600)	[(999,5,1,1)]	500	0	0	0	0	0	0	0	1000	0	8	(29235,600)	
5	5	红色	3	Lv3 破防印记	yinjipofanghong	1	1	(29235,12000)	1	[(999,5,1)]	1	0	(29235,4600)	[(999,5,1,2)]	500	0	0	0	0	0	0	0	2000	0	8	(29235,4600)	[(999,5,1,1)]
5	5	红色	4	Lv4 破防印记	yinjipofanghong	1	1	(29235,19200)	1	[(999,5,1)]	1	0	(29235,16600)	[(999,5,1,3)]	500	0	0	0	0	0	0	0	3000	0	8	(29235,16600)	[(999,5,1,2)]
5	5	红色	5	Lv5 破防印记	yinjipofanghong	1	1	(29235,28800)	1	[(999,5,1)]	1	0	(29235,35800)	[(999,5,1,4)]	500	0	0	0	0	0	0	0	4000	0	8	(29235,35800)	[(999,5,1,3)]
5	5	红色	6	Lv6 破防印记	yinjipofanghong	1	1	(29235,40000)	1	[(999,5,1)]	1	0	(29235,64600)	[(999,5,1,5)]	500	0	0	0	0	0	0	0	5000	0	8	(29235,64600)	[(999,5,1,4)]
5	5	红色	7	Lv7 破防印记	yinjipofanghong	1	1	(29235,56000)	1	[(999,5,1)]	1	0	(29235,104600)	[(999,5,1,6)]	500	0	0	0	0	0	0	0	6000	0	8	(29235,104600)	[(999,5,1,5)]
5	5	红色	8	Lv8 破防印记	yinjipofanghong	1	1	(29235,120000)	2	[(999,5,1)]	1	0	(29235,160600)	[(999,5,1,7)]	500	0	0	0	0	0	0	0	7000	0	8	(29235,160600)	[(999,5,1,6)]
5	5	红色	9	Lv9 破防印记	yinjipofanghong	1	1	(29235,216000)	3	[(999,5,1)]	1	0	(29235,280600)	[(999,5,1,9)]	500	0	0	0	0	0	0	0	8500	0	8	(29235,280600)	[(999,5,1,8)]
5	5	红色	10	Lv10 破防印记	yinjipofanghong	1	0		0		1	0	(29235,496600)	[(999,5,1,12)]	500	0	0	0	0	0	0	0	10000	0	8	(29235,496600)	[(999,5,1,11)]
6	5	红色	1	Lv1 免破印记	yinjimianpohong	1	1	(29235,600)	0		1	0		[(999,5,1,1)]	500	0	0	0	0	0	0	0	0	500	8		
6	5	红色	2	Lv2 免破印记	yinjimianpohong	1	1	(29235,4000)	1	[(999,5,1)]	1	0	(29235,600)	[(999,5,1,1)]	500	0	0	0	0	0	0	0	0	1000	8	(29235,600)	
6	5	红色	3	Lv3 免破印记	yinjimianpohong	1	1	(29235,12000)	1	[(999,5,1)]	1	0	(29235,4600)	[(999,5,1,2)]	500	0	0	0	0	0	0	0	0	2000	8	(29235,4600)	[(999,5,1,1)]
6	5	红色	4	Lv4 免破印记	yinjimianpohong	1	1	(29235,19200)	1	[(999,5,1)]	1	0	(29235,16600)	[(999,5,1,3)]	500	0	0	0	0	0	0	0	0	3000	8	(29235,16600)	[(999,5,1,2)]
6	5	红色	5	Lv5 免破印记	yinjimianpohong	1	1	(29235,28800)	1	[(999,5,1)]	1	0	(29235,35800)	[(999,5,1,4)]	500	0	0	0	0	0	0	0	0	4000	8	(29235,35800)	[(999,5,1,3)]
6	5	红色	6	Lv6 免破印记	yinjimianpohong	1	1	(29235,40000)	1	[(999,5,1)]	1	0	(29235,64600)	[(999,5,1,5)]	500	0	0	0	0	0	0	0	0	5000	8	(29235,64600)	[(999,5,1,4)]
6	5	红色	7	Lv7 免破印记	yinjimianpohong	1	1	(29235,56000)	1	[(999,5,1)]	1	0	(29235,104600)	[(999,5,1,6)]	500	0	0	0	0	0	0	0	0	6000	8	(29235,104600)	[(999,5,1,5)]
6	5	红色	8	Lv8 免破印记	yinjimianpohong	1	1	(29235,120000)	2	[(999,5,1)]	1	0	(29235,160600)	[(999,5,1,7)]	500	0	0	0	0	0	0	0	0	7000	8	(29235,160600)	[(999,5,1,6)]
6	5	红色	9	Lv9 免破印记	yinjimianpohong	1	1	(29235,216000)	3	[(999,5,1)]	1	0	(29235,280600)	[(999,5,1,9)]	500	0	0	0	0	0	0	0	0	8500	8	(29235,280600)	[(999,5,1,8)]
6	5	红色	10	Lv10 免破印记	yinjimianpohong	1	0		0		1	0	(29235,496600)	[(999,5,1,12)]	500	0	0	0	0	0	0	0	0	10000	8	(29235,496600)	[(999,5,1,11)]
7	5	红色	1	Lv1 格挡印记	yinjigedanghong	1	1	(29235,600)	0		1	0		[(999,5,1,1)]	500	0	0	0	0	0	500	0	0	0	8		
7	5	红色	2	Lv2 格挡印记	yinjigedanghong	1	1	(29235,4000)	1	[(999,5,1)]	1	0	(29235,600)	[(999,5,1,1)]	500	0	0	0	0	0	1000	0	0	0	8	(29235,600)	
7	5	红色	3	Lv3 格挡印记	yinjigedanghong	1	1	(29235,12000)	1	[(999,5,1)]	1	0	(29235,4600)	[(999,5,1,2)]	500	0	0	0	0	0	2000	0	0	0	8	(29235,4600)	[(999,5,1,1)]
7	5	红色	4	Lv4 格挡印记	yinjigedanghong	1	1	(29235,19200)	1	[(999,5,1)]	1	0	(29235,16600)	[(999,5,1,3)]	500	0	0	0	0	0	3000	0	0	0	8	(29235,16600)	[(999,5,1,2)]
7	5	红色	5	Lv5 格挡印记	yinjigedanghong	1	1	(29235,28800)	1	[(999,5,1)]	1	0	(29235,35800)	[(999,5,1,4)]	500	0	0	0	0	0	4000	0	0	0	8	(29235,35800)	[(999,5,1,3)]
7	5	红色	6	Lv6 格挡印记	yinjigedanghong	1	1	(29235,40000)	1	[(999,5,1)]	1	0	(29235,64600)	[(999,5,1,5)]	500	0	0	0	0	0	5000	0	0	0	8	(29235,64600)	[(999,5,1,4)]
7	5	红色	7	Lv7 格挡印记	yinjigedanghong	1	1	(29235,56000)	1	[(999,5,1)]	1	0	(29235,104600)	[(999,5,1,6)]	500	0	0	0	0	0	6000	0	0	0	8	(29235,104600)	[(999,5,1,5)]
7	5	红色	8	Lv8 格挡印记	yinjigedanghong	1	1	(29235,120000)	2	[(999,5,1)]	1	0	(29235,160600)	[(999,5,1,7)]	500	0	0	0	0	0	7000	0	0	0	8	(29235,160600)	[(999,5,1,6)]
7	5	红色	9	Lv9 格挡印记	yinjigedanghong	1	1	(29235,216000)	3	[(999,5,1)]	1	0	(29235,280600)	[(999,5,1,9)]	500	0	0	0	0	0	8500	0	0	0	8	(29235,280600)	[(999,5,1,8)]
7	5	红色	10	Lv10 格挡印记	yinjigedanghong	1	0		0		1	0	(29235,496600)	[(999,5,1,12)]	500	0	0	0	0	0	10000	0	0	0	8	(29235,496600)	[(999,5,1,11)]
8	5	红色	1	Lv1 破挡印记	yinjipodanghong	1	1	(29235,600)	0		1	0		[(999,5,1,1)]	500	0	0	0	0	0	0	500	0	0	8		
8	5	红色	2	Lv2 破挡印记	yinjipodanghong	1	1	(29235,4000)	1	[(999,5,1)]	1	0	(29235,600)	[(999,5,1,1)]	500	0	0	0	0	0	0	1000	0	0	8	(29235,600)	
8	5	红色	3	Lv3 破挡印记	yinjipodanghong	1	1	(29235,12000)	1	[(999,5,1)]	1	0	(29235,4600)	[(999,5,1,2)]	500	0	0	0	0	0	0	2000	0	0	8	(29235,4600)	[(999,5,1,1)]
8	5	红色	4	Lv4 破挡印记	yinjipodanghong	1	1	(29235,19200)	1	[(999,5,1)]	1	0	(29235,16600)	[(999,5,1,3)]	500	0	0	0	0	0	0	3000	0	0	8	(29235,16600)	[(999,5,1,2)]
8	5	红色	5	Lv5 破挡印记	yinjipodanghong	1	1	(29235,28800)	1	[(999,5,1)]	1	0	(29235,35800)	[(999,5,1,4)]	500	0	0	0	0	0	0	4000	0	0	8	(29235,35800)	[(999,5,1,3)]
8	5	红色	6	Lv6 破挡印记	yinjipodanghong	1	1	(29235,40000)	1	[(999,5,1)]	1	0	(29235,64600)	[(999,5,1,5)]	500	0	0	0	0	0	0	5000	0	0	8	(29235,64600)	[(999,5,1,4)]
8	5	红色	7	Lv7 破挡印记	yinjipodanghong	1	1	(29235,56000)	1	[(999,5,1)]	1	0	(29235,104600)	[(999,5,1,6)]	500	0	0	0	0	0	0	6000	0	0	8	(29235,104600)	[(999,5,1,5)]
8	5	红色	8	Lv8 破挡印记	yinjipodanghong	1	1	(29235,120000)	2	[(999,5,1)]	1	0	(29235,160600)	[(999,5,1,7)]	500	0	0	0	0	0	0	7000	0	0	8	(29235,160600)	[(999,5,1,6)]
8	5	红色	9	Lv9 破挡印记	yinjipodanghong	1	1	(29235,216000)	3	[(999,5,1)]	1	0	(29235,280600)	[(999,5,1,9)]	500	0	0	0	0	0	0	8500	0	0	8	(29235,280600)	[(999,5,1,8)]
8	5	红色	10	Lv10 破挡印记	yinjipodanghong	1	0		0		1	0	(29235,496600)	[(999,5,1,12)]	500	0	0	0	0	0	0	10000	0	0	8	(29235,496600)	[(999,5,1,11)]
999	1	绿色	1	Lv1 材料印记	baoshifagong1	0	0		0		0	0			0	0	0	0	0	0	0	0	0	0	8		
999	2	蓝色	1	Lv1 材料印记	baoshifagong2	0	0		0		0	0			0	0	0	0	0	0	0	0	0	0	8		
999	3	紫色	1	Lv1 材料印记	baoshifagong3	0	0		0		0	0			0	0	0	0	0	0	0	0	0	0	8		
999	4	橙色	1	Lv1 材料印记	baoshifagong4	0	0		0		0	0			0	0	0	0	0	0	0	0	0	0	8		
999	5	红色	1	Lv1 材料印记	cailiaoyinjihong	0	0		0		0	0			0	0	0	0	0	0	0	0	0	0	8		
