rewardId	desc	level	needZDL	oneFlyNum	mountLevel	PetNum	GemNum	mountCulNum	wishTimes	tarotTimes	wingTimes	FuWenNum	PetTimes	RingTimes	StarGirlStar	rewardItem	rewardItemShow	rewardTiLi	rewardTarot	rewardHero	bindRMB	money	UnbindRMB_S	Reputation	TaortHP	TempBless	request	requestNum
奖励ID	奖励描述	需要的等级	需要的战斗力	翅膀数（翅膀等级，翅膀个数）	骑宠达到的星数	宠物数（星数，个数）	合成宝石数（宝石等级，宝石个数）	神石培养坐骑次数	许愿次数	获取的命魂数（命魂品阶，个数）	羽翼培养次数	合成符文数(符文等级，符文个数)	每日宠物培养次数	每日婚戒培养次数	需要的星灵星数	物品奖励（服务端用）	物品奖励(客户端用）	体力奖励	命魂奖励	英雄奖励	魔晶奖励	金钱奖励	神石奖励	声望奖励	命力奖励	星灵临时幸运值(临时幸运数值，持续时间秒数)	达标人数	达标最大人数（无则不填）
1	坐骑达到3阶1星	0	0		32			0	0	0	0		0	0	0	[(26639,2),(26642,1)]	[(26639,2),(26642,1)]	0	0	0	0	0	0	0	0			
2	坐骑达到3阶2星	0	0		33			0	0	0	0		0	0	0			0	0	0	0	0	0	0	0			
3	坐骑达到3阶3星	0	0		34			0	0	0	0		0	0	0			0	0	0	0	0	0	0	0			
4	坐骑达到3阶4星	0	0		35			0	0	0	0		0	0	0			0	0	0	0	0	0	0	0			
5	坐骑达到3阶5星	0	0		36			0	0	0	0		0	0	0	[(26640,2)]	[(26640,2)]	0	0	0	0	0	0	0	0			
6	坐骑达到3阶6星	0	0		37			0	0	0	0		0	0	0			0	0	0	0	0	0	0	0			
7	坐骑达到3阶7星	0	0		38			0	0	0	0		0	0	0			0	0	0	0	0	0	0	0			
8	坐骑达到3阶8星	0	0		39			0	0	0	0		0	0	0			0	0	0	0	0	0	0	0			
9	坐骑达到3阶9星	0	0		40			0	0	0	0		0	0	0	[(26641,2)]	[(26641,2)]	0	0	0	0	0	0	0	0			
10	坐骑达到4阶0星	0	0		41			0	0	0	0		0	0	0			0	0	0	0	0	0	0	0			
11	坐骑达到4阶1星	0	0		42			0	0	0	0		0	0	0	[(26639,1),(26640,1),(26642,1)]	[(26639,1),(26640,1),(26642,1)]	0	0	0	0	0	0	0	0			
12	坐骑达到4阶2星	0	0		43			0	0	0	0		0	0	0			0	0	0	0	0	0	0	0			
13	坐骑达到4阶3星	0	0		44			0	0	0	0		0	0	0	[(26639,1),(26640,2)]	[(26639,1),(26640,2)]	0	0	0	0	0	0	0	0			
14	坐骑达到4阶4星	0	0		45			0	0	0	0		0	0	0			0	0	0	0	0	0	0	0			
15	坐骑达到4阶5星	0	0		46			0	0	0	0		0	0	0	[(26639,1),(26640,3)]	[(26639,1),(26640,3)]	0	0	0	0	0	0	0	0			
16	坐骑达到4阶6星	0	0		47			0	0	0	0		0	0	0	[(26640,2),(26642,1)]	[(26640,2),(26642,1)]	0	0	0	0	0	0	0	0			
17	坐骑达到4阶7星	0	0		48			0	0	0	0		0	0	0			0	0	0	0	0	0	0	0			
18	坐骑达到4阶8星	0	0		49			0	0	0	0		0	0	0	[(26640,3)]	[(26640,3)]	0	0	0	0	0	0	0	0			
19	坐骑达到4阶9星	0	0		50			0	0	0	0		0	0	0			0	0	0	0	0	0	0	0			
20	坐骑达到5阶0星	0	0		51			0	0	0	0		0	0	0	[(26640,4)]	[(26640,4)]	0	0	0	0	0	0	0	0			
21	坐骑达到5阶1星	0	0		52			0	0	0	0		0	0	0	[(26639,1),(26640,2),(26642,1),(25622,1)]	[(26639,1),(26640,2),(26642,1),(25622,1)]	0	0	0	0	0	0	0	0			
22	坐骑达到5阶2星	0	0		53			0	0	0	0		0	0	0			0	0	0	0	0	0	0	0			
23	坐骑达到5阶3星	0	0		54			0	0	0	0		0	0	0	[(26639,1),(26641,2),(25623,1)]	[(26639,1),(26641,2),(25623,1)]	0	0	0	0	0	0	0	0			
24	坐骑达到5阶4星	0	0		55			0	0	0	0		0	0	0			0	0	0	0	0	0	0	0			
25	坐骑达到5阶5星	0	0		56			0	0	0	0		0	0	0	[(26641,3),(25624,1)]	[(26641,3),(25624,1)]	0	0	0	0	0	0	0	0			
26	坐骑达到5阶6星	0	0		57			0	0	0	0		0	0	0	[(26641,2),(26642,1),(25624,1)]	[(26641,2),(26642,1),(25624,1)]	0	0	0	0	0	0	0	0			
27	坐骑达到5阶7星	0	0		58			0	0	0	0		0	0	0			0	0	0	0	0	0	0	0			
28	坐骑达到5阶8星	0	0		59			0	0	0	0		0	0	0	[(26640,1),(26641,2),(25625,1)]	[(26640,1),(26641,2),(25625,1)]	0	0	0	0	0	0	0	0			
29	坐骑达到5阶9星	0	0		60			0	0	0	0		0	0	0			0	0	0	0	0	0	0	0			
30	坐骑达到6阶0星	0	0		61			0	0	0	0		0	0	0	[(26640,2),(26641,2),(25626,1)]	[(26640,2),(26641,2),(25626,1)]	0	0	0	0	0	0	0	0			
31	坐骑达到6阶1星	0	0		62			0	0	0	0		0	0	0			0	0	0	0	0	0	0	0			
32	坐骑达到6阶2星	0	0		63			0	0	0	0		0	0	0			0	0	0	0	0	0	0	0			
33	坐骑达到6阶3星	0	0		64			0	0	0	0		0	0	0			0	0	0	0	0	0	0	0			
34	坐骑达到6阶4星	0	0		65			0	0	0	0		0	0	0			0	0	0	0	0	0	0	0			
35	坐骑达到6阶5星	0	0		66			0	0	0	0		0	0	0			0	0	0	0	0	0	0	0			
36	坐骑达到6阶6星	0	0		67			0	0	0	0		0	0	0			0	0	0	0	0	0	0	0			
37	坐骑达到6阶7星	0	0		68			0	0	0	0		0	0	0			0	0	0	0	0	0	0	0			
38	坐骑达到6阶8星	0	0		69			0	0	0	0		0	0	0			0	0	0	0	0	0	0	0			
39	坐骑达到6阶9星	0	0		70			0	0	0	0		0	0	0			0	0	0	0	0	0	0	0			
40	坐骑达到7阶0星	0	0		71			0	0	0	0		0	0	0			0	0	0	0	0	0	0	0			
41	坐骑达到7阶1星	0	0		72			0	0	0	0		0	0	0			0	0	0	0	0	0	0	0			
42	坐骑达到7阶2星	0	0		73			0	0	0	0		0	0	0			0	0	0	0	0	0	0	0			
43	坐骑达到7阶3星	0	0		74			0	0	0	0		0	0	0			0	0	0	0	0	0	0	0			
44	坐骑达到7阶4星	0	0		75			0	0	0	0		0	0	0			0	0	0	0	0	0	0	0			
45	坐骑达到7阶5星	0	0		76			0	0	0	0		0	0	0			0	0	0	0	0	0	0	0			
46	坐骑达到7阶6星	0	0		77			0	0	0	0		0	0	0			0	0	0	0	0	0	0	0			
47	坐骑达到7阶7星	0	0		78			0	0	0	0		0	0	0			0	0	0	0	0	0	0	0			
48	坐骑达到7阶8星	0	0		79			0	0	0	0		0	0	0			0	0	0	0	0	0	0	0			
49	坐骑达到7阶9星	0	0		80			0	0	0	0		0	0	0			0	0	0	0	0	0	0	0			
50	坐骑达到8阶0星	0	0		81			0	0	0	0		0	0	0			0	0	0	0	0	0	0	0			
51	坐骑神石培养100次	0	0		0			100	0	0	0		0	0	0	[(26640,1),(26642,1)]	[(26640,1),(26642,1)]	0	0	0	0	0	0	0	0		培养次数：	1000
52	坐骑神石培养300次	0	0		0			300	0	0	0		0	0	0	[(26641,2)]	[(26641,2)]	0	0	0	0	0	0	0	0		培养次数：	1000
53	坐骑神石培养1000次	0	0		0			1000	0	0	0		0	0	0	[(26644,1)]	[(26644,1)]	0	0	0	0	0	0	0	0		培养次数：	1000
54	合成8个5级宝石	0	0		0		(5,8)	0	0	0	0		0	0	0	[(25831,10),(26363,1)]	[(25831,10),(26363,1),(25828,1000000)]	0	0	0	0	1000000	0	0	0		合成个数：	8
55	合成6个6级宝石	0	0		0		(6,6)	0	0	0	0		0	0	0	[(25831,15),(26450,1)]	[(25831,15),(26450,1),(25828,1000000)]	0	0	0	0	1000000	0	0	0		合成个数：	6
56	合成4个7级宝石	0	0		0		(7,4)	0	0	0	0		0	0	0	[(25831,20),(26031,1)]	[(25831,20),(26031,1),(25828,2000000)]	0	0	0	0	2000000	0	0	0		合成个数：	4
57	每日许愿30次	0	0		0			0	30	0	0		0	0	0	[(25641,10)]	[(25641,10),(25828,500000)]	0	0	0	0	500000	0	0	0		许愿次数：	200
58	每日许愿80次	0	0		0			0	80	0	0		0	0	0	[(25642,10)]	[(25642,10),(25828,1000000)]	0	0	0	0	1000000	0	0	0		许愿次数：	200
59	每日许愿200次	0	0		0			0	200	0	0		0	0	0	[(25644,10)]	[(25644,10),(25828,2000000)]	0	0	0	0	2000000	0	0	0		许愿次数：	200
60	每日获得紫色或以上命魂5个	0	0		0			0	0	(4,5)	0		0	0	0	[(26043,10),(26364,1)]	[(26043,10),(26364,1),(25828,1000000)]	0	0	0	0	1000000	0	0	0		达标数量：	10
61	每日获得紫色或以上命魂10个	0	0		0			0	0	(4,10)	0		0	0	0	[(26043,10)]	[(26043,10),(25828,1000000)]	0	49	0	0	1000000	0	0	0		达标数量：	10
62	每日获得金色或以上命魂2个	0	0		0			0	0	(5,2)	0		0	0	0	[(26043,20)]	[(26043,20),(25828,2000000)]	0	2	0	0	2000000	0	0	0		达标数量：	2
63	羽翼培养100次	0	0		0			0	0	0	100		0	0	0	[(26492,1)]	[(26492,1),(25828,1000000)]	0	48	0	0	1000000	0	0	0		培养次数：	500
64	羽翼培养250次	0	0		0			0	0	0	250		0	0	0		[(25828,1000000)]	0	48	0	0	1000000	0	0	0		培养次数：	500
65	羽翼培养500次	0	0		0			0	0	0	500		0	0	0		[(25828,2000000)]	0	49	0	0	2000000	0	0	0		培养次数：	500
66	合成8个5级符文	0	0		0			0	0	0	0	(5,8)	0	0	0	[(25970,10),(26365,1)]	[(25970,10),(26365,1),(25828,1000000)]	0	0	0	0	1000000	0	0	0		合成个数：	8
67	合成6个6级符文	0	0		0			0	0	0	0	(6,6)	0	0	0	[(25970,20),(26450,1)]	[(25970,20),(26450,1),(25828,1000000)]	0	0	0	0	1000000	0	0	0		合成个数：	6
68	合成4个7级符文	0	0		0			0	0	0	0	(7,4)	0	0	0	[(25970,30),(26485,1)]	[(25970,30),(26485,1),(25828,2000000)]	0	0	0	0	2000000	0	0	0		合成个数：	4
69	宠物培养100次	0	0		0			0	0	0	0	0	100	0	0	[(26491,1)]	[(26491,1),(25828,1000000)]	0	48	0	0	1000000	0	0	0		培养次数：	500
70	宠物培养250次	0	0		0			0	0	0	0	0	250	0	0		[(25828,1000000)]	0	48	0	0	1000000	0	0	0		培养次数：	500
71	宠物培养500次	0	0		0			0	0	0	0	0	500	0	0		[(25828,2000000)]	0	49	0	0	2000000	0	0	0		培养次数：	500
72	婚戒锻造200次	0	0		0			0	0	0	0		0	200	0	[(26342,10),(26362,1)]	[(26342,10),(26362,1),(25828,500000)]	0	0	0	0	500000	0	0	0		锻造次数：	1000
73	婚戒锻造500次	0	0		0			0	0	0	0		0	500	0	[(26342,20)]	[(26342,20),(25828,1000000)]	0	0	0	0	1000000	0	0	0		锻造次数：	1000
74	婚戒锻造1000次	0	0		0			0	0	0	0		0	1000	0	[(26342,20),(26343,10)]	[(26342,20),(26343,10),(25828,1500000)]	0	0	0	0	1500000	0	0	0		锻造次数：	1000
75	星灵升星达到1星	0	0		0			0	0	0	0		0	0	1			0	0	0	0	0	0	0	0			
76	星灵升星达到2星	0	0		0			0	0	0	0		0	0	2		[(27476,12)]	0	0	0	0	0	0	0	0	(12,86400)		
77	星灵升星达到3星	0	0		0			0	0	0	0		0	0	3		[(27476,24)]	0	0	0	0	0	0	0	0	(24,86400)		
78	星灵升星达到4星	0	0		0			0	0	0	0		0	0	4		[(27476,35)]	0	0	0	0	0	0	0	0	(35,86400)		
79	星灵升星达到5星	0	0		0			0	0	0	0		0	0	5		[(27476,60)]	0	0	0	0	0	0	0	0	(60,86400)		
80	星灵升星达到6星	0	0		0			0	0	0	0		0	0	6		[(27476,134)]	0	0	0	0	0	0	0	0	(134,86400)		
81	星灵升星达到7星	0	0		0			0	0	0	0		0	0	7		[(27476,184)]	0	0	0	0	0	0	0	0	(184,86400)		
82	星灵升星达到8星	0	0		0			0	0	0	0		0	0	8		[(27476,220)]	0	0	0	0	0	0	0	0	(220,86400)		
83	星灵升星达到9星	0	0		0			0	0	0	0		0	0	9		[(27476,283)]	0	0	0	0	0	0	0	0	(283,86400)		
84	星灵升星达到10星	0	0		0			0	0	0	0		0	0	10		[(27476,427)]	0	0	0	0	0	0	0	0	(427,86400)		
85	星灵升星达到11星	0	0		0			0	0	0	0		0	0	11		[(27476,628)]	0	0	0	0	0	0	0	0	(628,86400)		
86	星灵升星达到12星	0	0		0			0	0	0	0		0	0	12		[(27476,860)]	0	0	0	0	0	0	0	0	(860,86400)		
87	星灵升星达到13星	0	0		0			0	0	0	0		0	0	13		[(27476,1160)]	0	0	0	0	0	0	0	0	(1160,86400)		
88	星灵升星达到14星	0	0		0			0	0	0	0		0	0	14		[(27476,1520)]	0	0	0	0	0	0	0	0	(1520,86400)		
89	星灵升星达到15星	0	0		0			0	0	0	0		0	0	15		[(27476,1962)]	0	0	0	0	0	0	0	0	(1962,86400)		
90	星灵升星达到16星	0	0		0			0	0	0	0		0	0	16		[(27476,2539)]	0	0	0	0	0	0	0	0	(2539,86400)		
91	星灵升星达到17星	0	0		0			0	0	0	0		0	0	17		[(27476,3131)]	0	0	0	0	0	0	0	0	(3131,86400)		
92	星灵升星达到18星	0	0		0			0	0	0	0		0	0	18		[(27476,3936)]	0	0	0	0	0	0	0	0	(3936,86400)		
93	星灵升星达到19星	0	0		0			0	0	0	0		0	0	19		[(27476,4743)]	0	0	0	0	0	0	0	0	(4743,86400)		
94	星灵升星达到20星	0	0		0			0	0	0	0		0	0	20			0	55	0	0	0	0	0	0			
