wingId	level	levelUpExp	maxLevel	trainNeedRMB	trainNeedItemCoding	trainAddExp	trainCritOdds	trainCrit	maxhp	attackspeed	anger	attack_p	defense_p	attack_m	defense_m	crit	critpress	antibroken	notbroken	parry	puncture	damageupgrade	damagereduce	resId	name	nameImg	icon
翅膀ID	翅膀等级	升级需要的经验	翅膀最大等级	培养需要的神石	培养需要道具coding	培养增加的经验	培养暴击概率	培养暴击倍数	生命	攻击速度	怒气	物攻	物防	法攻	法防	暴击	免暴	破防	免破	格挡	破挡	增伤	免伤	 羽翼资源id	羽翼名字	名字图片	图标
1	1	2400	20	10	25837	100	1000	3	1480	0	0	500	0	500	0	100	100	0	0	100	100	0	0	92002	白色恋人	YuYi_YY_TextBSLR	baiselianren
1	2	2560	20	10	25837	100	1000	3	1630	0	0	550	0	550	0	110	110	0	0	110	110	0	0	92002	白色恋人	YuYi_YY_TextBSLR	baiselianren
1	3	4800	20	10	25837	100	1000	3	1790	0	0	600	0	600	0	120	120	0	0	120	120	0	0	92002	白色恋人	YuYi_YY_TextBSLR	baiselianren
1	4	7520	20	10	25837	100	1000	3	2030	0	0	680	0	680	0	130	130	0	0	130	130	0	0	92002	白色恋人	YuYi_YY_TextBSLR	baiselianren
1	5	8540	20	10	25837	100	1000	3	2350	0	0	790	0	790	0	150	150	0	0	150	150	0	0	92002	白色恋人	YuYi_YY_TextBSLR	baiselianren
1	6	10780	20	10	25837	100	1000	3	2740	0	0	920	0	920	0	170	170	0	0	170	170	0	0	92002	白色恋人	YuYi_YY_TextBSLR	baiselianren
1	7	13020	20	10	25837	100	1000	3	3220	0	0	1080	0	1080	0	190	190	0	0	190	190	0	0	92002	白色恋人	YuYi_YY_TextBSLR	baiselianren
1	8	14980	20	10	25837	100	1000	3	3780	0	0	1260	0	1260	0	210	210	0	0	210	210	0	0	92002	白色恋人	YuYi_YY_TextBSLR	baiselianren
1	9	17220	20	10	25837	100	1000	3	4420	0	0	1480	0	1480	0	240	240	0	0	240	240	0	0	92002	白色恋人	YuYi_YY_TextBSLR	baiselianren
1	10	20944	20	10	25837	100	1000	3	5140	0	0	1720	0	1720	0	270	270	0	0	270	270	0	0	92002	白色恋人	YuYi_YY_TextBSLR	baiselianren
1	11	25160	20	10	25837	100	1000	3	5580	0	0	1860	0	1860	0	300	300	0	0	300	300	0	0	92002	白色恋人	YuYi_YY_TextBSLR	baiselianren
1	12	29376	20	10	25837	100	1000	3	6100	0	0	2040	0	2040	0	340	340	0	0	340	340	0	0	92002	白色恋人	YuYi_YY_TextBSLR	baiselianren
1	13	33456	20	10	25837	100	1000	3	6670	0	0	2230	0	2230	0	380	380	0	0	380	380	0	0	92002	白色恋人	YuYi_YY_TextBSLR	baiselianren
1	14	37672	20	10	25837	100	1000	3	7310	0	0	2440	0	2440	0	420	420	0	0	420	420	0	0	92002	白色恋人	YuYi_YY_TextBSLR	baiselianren
1	15	40656	20	10	25837	100	1000	3	8010	0	0	2670	0	2670	0	460	460	0	0	460	460	0	0	92002	白色恋人	YuYi_YY_TextBSLR	baiselianren
1	16	121968	20	10	25837	100	1000	3	8790	0	0	2930	0	2930	0	500	500	0	0	500	500	0	0	92002	白色恋人	YuYi_YY_TextBSLR	baiselianren
1	17	162492	20	10	25837	100	1000	3	9650	0	0	3220	0	3220	0	540	540	0	0	540	540	0	0	92002	白色恋人	YuYi_YY_TextBSLR	baiselianren
1	18	203280	20	10	25837	100	1000	3	10600	0	0	3540	0	3540	0	580	580	0	0	580	580	0	0	92002	白色恋人	YuYi_YY_TextBSLR	baiselianren
1	19	235884	20	10	25837	100	1000	3	11620	0	0	3880	0	3880	0	620	620	0	0	620	620	0	0	92002	白色恋人	YuYi_YY_TextBSLR	baiselianren
1	20	0	20	10	25837	100	1000	3	11820	0	0	4300	0	4300	0	680	680	0	0	680	680	0	0	92002	白色恋人	YuYi_YY_TextBSLR	baiselianren
2	1	2400	20	10	25837	100	1000	3	1480	0	0	500	0	500	0	100	100	0	0	100	100	0	0	92003	红粉佳人	YuYi_YY_TextHFJR	hongfenjiaren
2	2	2560	20	10	25837	100	1000	3	1630	0	0	550	0	550	0	110	110	0	0	110	110	0	0	92003	红粉佳人	YuYi_YY_TextHFJR	hongfenjiaren
2	3	4800	20	10	25837	100	1000	3	1790	0	0	600	0	600	0	120	120	0	0	120	120	0	0	92003	红粉佳人	YuYi_YY_TextHFJR	hongfenjiaren
2	4	7520	20	10	25837	100	1000	3	2030	0	0	680	0	680	0	130	130	0	0	130	130	0	0	92003	红粉佳人	YuYi_YY_TextHFJR	hongfenjiaren
2	5	8540	20	10	25837	100	1000	3	2350	0	0	790	0	790	0	150	150	0	0	150	150	0	0	92003	红粉佳人	YuYi_YY_TextHFJR	hongfenjiaren
2	6	10780	20	10	25837	100	1000	3	2740	0	0	920	0	920	0	170	170	0	0	170	170	0	0	92003	红粉佳人	YuYi_YY_TextHFJR	hongfenjiaren
2	7	13020	20	10	25837	100	1000	3	3220	0	0	1080	0	1080	0	190	190	0	0	190	190	0	0	92003	红粉佳人	YuYi_YY_TextHFJR	hongfenjiaren
2	8	14980	20	10	25837	100	1000	3	3780	0	0	1260	0	1260	0	210	210	0	0	210	210	0	0	92003	红粉佳人	YuYi_YY_TextHFJR	hongfenjiaren
2	9	17220	20	10	25837	100	1000	3	4420	0	0	1480	0	1480	0	240	240	0	0	240	240	0	0	92003	红粉佳人	YuYi_YY_TextHFJR	hongfenjiaren
2	10	20944	20	10	25837	100	1000	3	5140	0	0	1720	0	1720	0	270	270	0	0	270	270	0	0	92003	红粉佳人	YuYi_YY_TextHFJR	hongfenjiaren
2	11	25160	20	10	25837	100	1000	3	5580	0	0	1860	0	1860	0	300	300	0	0	300	300	0	0	92003	红粉佳人	YuYi_YY_TextHFJR	hongfenjiaren
2	12	29376	20	10	25837	100	1000	3	6100	0	0	2040	0	2040	0	340	340	0	0	340	340	0	0	92003	红粉佳人	YuYi_YY_TextHFJR	hongfenjiaren
2	13	33456	20	10	25837	100	1000	3	6670	0	0	2230	0	2230	0	380	380	0	0	380	380	0	0	92003	红粉佳人	YuYi_YY_TextHFJR	hongfenjiaren
2	14	37672	20	10	25837	100	1000	3	7310	0	0	2440	0	2440	0	420	420	0	0	420	420	0	0	92003	红粉佳人	YuYi_YY_TextHFJR	hongfenjiaren
2	15	40656	20	10	25837	100	1000	3	8010	0	0	2670	0	2670	0	460	460	0	0	460	460	0	0	92003	红粉佳人	YuYi_YY_TextHFJR	hongfenjiaren
2	16	121968	20	10	25837	100	1000	3	8790	0	0	2930	0	2930	0	500	500	0	0	500	500	0	0	92003	红粉佳人	YuYi_YY_TextHFJR	hongfenjiaren
2	17	162492	20	10	25837	100	1000	3	9650	0	0	3220	0	3220	0	540	540	0	0	540	540	0	0	92003	红粉佳人	YuYi_YY_TextHFJR	hongfenjiaren
2	18	203280	20	10	25837	100	1000	3	10600	0	0	3540	0	3540	0	580	580	0	0	580	580	0	0	92003	红粉佳人	YuYi_YY_TextHFJR	hongfenjiaren
2	19	235884	20	10	25837	100	1000	3	11620	0	0	3880	0	3880	0	620	620	0	0	620	620	0	0	92003	红粉佳人	YuYi_YY_TextHFJR	hongfenjiaren
2	20	0	20	10	25837	100	1000	3	11820	0	0	4300	0	4300	0	680	680	0	0	680	680	0	0	92003	红粉佳人	YuYi_YY_TextHFJR	hongfenjiaren
3	1	2400	20	10	25837	100	1000	3	1480	0	0	500	0	500	0	100	100	0	0	100	100	0	0	92004	青衣之恋	YuYi_YY_TextQYZL	qingyizhilian
3	2	2560	20	10	25837	100	1000	3	1630	0	0	550	0	550	0	110	110	0	0	110	110	0	0	92004	青衣之恋	YuYi_YY_TextQYZL	qingyizhilian
3	3	4800	20	10	25837	100	1000	3	1790	0	0	600	0	600	0	120	120	0	0	120	120	0	0	92004	青衣之恋	YuYi_YY_TextQYZL	qingyizhilian
3	4	7520	20	10	25837	100	1000	3	2030	0	0	680	0	680	0	130	130	0	0	130	130	0	0	92004	青衣之恋	YuYi_YY_TextQYZL	qingyizhilian
3	5	8540	20	10	25837	100	1000	3	2350	0	0	790	0	790	0	150	150	0	0	150	150	0	0	92004	青衣之恋	YuYi_YY_TextQYZL	qingyizhilian
3	6	10780	20	10	25837	100	1000	3	2740	0	0	920	0	920	0	170	170	0	0	170	170	0	0	92004	青衣之恋	YuYi_YY_TextQYZL	qingyizhilian
3	7	13020	20	10	25837	100	1000	3	3220	0	0	1080	0	1080	0	190	190	0	0	190	190	0	0	92004	青衣之恋	YuYi_YY_TextQYZL	qingyizhilian
3	8	14980	20	10	25837	100	1000	3	3780	0	0	1260	0	1260	0	210	210	0	0	210	210	0	0	92004	青衣之恋	YuYi_YY_TextQYZL	qingyizhilian
3	9	17220	20	10	25837	100	1000	3	4420	0	0	1480	0	1480	0	240	240	0	0	240	240	0	0	92004	青衣之恋	YuYi_YY_TextQYZL	qingyizhilian
3	10	20944	20	10	25837	100	1000	3	5140	0	0	1720	0	1720	0	270	270	0	0	270	270	0	0	92004	青衣之恋	YuYi_YY_TextQYZL	qingyizhilian
3	11	25160	20	10	25837	100	1000	3	5580	0	0	1860	0	1860	0	300	300	0	0	300	300	0	0	92004	青衣之恋	YuYi_YY_TextQYZL	qingyizhilian
3	12	29376	20	10	25837	100	1000	3	6100	0	0	2040	0	2040	0	340	340	0	0	340	340	0	0	92004	青衣之恋	YuYi_YY_TextQYZL	qingyizhilian
3	13	33456	20	10	25837	100	1000	3	6670	0	0	2230	0	2230	0	380	380	0	0	380	380	0	0	92004	青衣之恋	YuYi_YY_TextQYZL	qingyizhilian
3	14	37672	20	10	25837	100	1000	3	7310	0	0	2440	0	2440	0	420	420	0	0	420	420	0	0	92004	青衣之恋	YuYi_YY_TextQYZL	qingyizhilian
3	15	40656	20	10	25837	100	1000	3	8010	0	0	2670	0	2670	0	460	460	0	0	460	460	0	0	92004	青衣之恋	YuYi_YY_TextQYZL	qingyizhilian
3	16	121968	20	10	25837	100	1000	3	8790	0	0	2930	0	2930	0	500	500	0	0	500	500	0	0	92004	青衣之恋	YuYi_YY_TextQYZL	qingyizhilian
3	17	162492	20	10	25837	100	1000	3	9650	0	0	3220	0	3220	0	540	540	0	0	540	540	0	0	92004	青衣之恋	YuYi_YY_TextQYZL	qingyizhilian
3	18	203280	20	10	25837	100	1000	3	10600	0	0	3540	0	3540	0	580	580	0	0	580	580	0	0	92004	青衣之恋	YuYi_YY_TextQYZL	qingyizhilian
3	19	235884	20	10	25837	100	1000	3	11620	0	0	3880	0	3880	0	620	620	0	0	620	620	0	0	92004	青衣之恋	YuYi_YY_TextQYZL	qingyizhilian
3	20	0	20	10	25837	100	1000	3	11820	0	0	4300	0	4300	0	680	680	0	0	680	680	0	0	92004	青衣之恋	YuYi_YY_TextQYZL	qingyizhilian
4	1	2400	20	10	25837	100	1000	3	1480	0	0	500	0	500	0	100	100	0	0	100	100	0	0	92005	蓝色妖姬	YuYi_YY_TextLSYJ	lanseyaoji
4	2	2560	20	10	25837	100	1000	3	1630	0	0	550	0	550	0	110	110	0	0	110	110	0	0	92005	蓝色妖姬	YuYi_YY_TextLSYJ	lanseyaoji
4	3	4800	20	10	25837	100	1000	3	1790	0	0	600	0	600	0	120	120	0	0	120	120	0	0	92005	蓝色妖姬	YuYi_YY_TextLSYJ	lanseyaoji
4	4	7520	20	10	25837	100	1000	3	2030	0	0	680	0	680	0	130	130	0	0	130	130	0	0	92005	蓝色妖姬	YuYi_YY_TextLSYJ	lanseyaoji
4	5	8540	20	10	25837	100	1000	3	2350	0	0	790	0	790	0	150	150	0	0	150	150	0	0	92005	蓝色妖姬	YuYi_YY_TextLSYJ	lanseyaoji
4	6	10780	20	10	25837	100	1000	3	2740	0	0	920	0	920	0	170	170	0	0	170	170	0	0	92005	蓝色妖姬	YuYi_YY_TextLSYJ	lanseyaoji
4	7	13020	20	10	25837	100	1000	3	3220	0	0	1080	0	1080	0	190	190	0	0	190	190	0	0	92005	蓝色妖姬	YuYi_YY_TextLSYJ	lanseyaoji
4	8	14980	20	10	25837	100	1000	3	3780	0	0	1260	0	1260	0	210	210	0	0	210	210	0	0	92005	蓝色妖姬	YuYi_YY_TextLSYJ	lanseyaoji
4	9	17220	20	10	25837	100	1000	3	4420	0	0	1480	0	1480	0	240	240	0	0	240	240	0	0	92005	蓝色妖姬	YuYi_YY_TextLSYJ	lanseyaoji
4	10	20944	20	10	25837	100	1000	3	5140	0	0	1720	0	1720	0	270	270	0	0	270	270	0	0	92005	蓝色妖姬	YuYi_YY_TextLSYJ	lanseyaoji
4	11	25160	20	10	25837	100	1000	3	5580	0	0	1860	0	1860	0	300	300	0	0	300	300	0	0	92005	蓝色妖姬	YuYi_YY_TextLSYJ	lanseyaoji
4	12	29376	20	10	25837	100	1000	3	6100	0	0	2040	0	2040	0	340	340	0	0	340	340	0	0	92005	蓝色妖姬	YuYi_YY_TextLSYJ	lanseyaoji
4	13	33456	20	10	25837	100	1000	3	6670	0	0	2230	0	2230	0	380	380	0	0	380	380	0	0	92005	蓝色妖姬	YuYi_YY_TextLSYJ	lanseyaoji
4	14	37672	20	10	25837	100	1000	3	7310	0	0	2440	0	2440	0	420	420	0	0	420	420	0	0	92005	蓝色妖姬	YuYi_YY_TextLSYJ	lanseyaoji
4	15	40656	20	10	25837	100	1000	3	8010	0	0	2670	0	2670	0	460	460	0	0	460	460	0	0	92005	蓝色妖姬	YuYi_YY_TextLSYJ	lanseyaoji
4	16	121968	20	10	25837	100	1000	3	8790	0	0	2930	0	2930	0	500	500	0	0	500	500	0	0	92005	蓝色妖姬	YuYi_YY_TextLSYJ	lanseyaoji
4	17	162492	20	10	25837	100	1000	3	9650	0	0	3220	0	3220	0	540	540	0	0	540	540	0	0	92005	蓝色妖姬	YuYi_YY_TextLSYJ	lanseyaoji
4	18	203280	20	10	25837	100	1000	3	10600	0	0	3540	0	3540	0	580	580	0	0	580	580	0	0	92005	蓝色妖姬	YuYi_YY_TextLSYJ	lanseyaoji
4	19	235884	20	10	25837	100	1000	3	11620	0	0	3880	0	3880	0	620	620	0	0	620	620	0	0	92005	蓝色妖姬	YuYi_YY_TextLSYJ	lanseyaoji
4	20	0	20	10	25837	100	1000	3	11820	0	0	4300	0	4300	0	680	680	0	0	680	680	0	0	92005	蓝色妖姬	YuYi_YY_TextLSYJ	lanseyaoji
5	1	2400	20	10	25837	100	1000	3	1480	0	0	500	0	500	0	100	100	0	0	100	100	0	0	92006	紫陌倾城	YuYi_YY_TextZMQC	zimoqingcheng
5	2	2560	20	10	25837	100	1000	3	1630	0	0	550	0	550	0	110	110	0	0	110	110	0	0	92006	紫陌倾城	YuYi_YY_TextZMQC	zimoqingcheng
5	3	4800	20	10	25837	100	1000	3	1790	0	0	600	0	600	0	120	120	0	0	120	120	0	0	92006	紫陌倾城	YuYi_YY_TextZMQC	zimoqingcheng
5	4	7520	20	10	25837	100	1000	3	2030	0	0	680	0	680	0	130	130	0	0	130	130	0	0	92006	紫陌倾城	YuYi_YY_TextZMQC	zimoqingcheng
5	5	8540	20	10	25837	100	1000	3	2350	0	0	790	0	790	0	150	150	0	0	150	150	0	0	92006	紫陌倾城	YuYi_YY_TextZMQC	zimoqingcheng
5	6	10780	20	10	25837	100	1000	3	2740	0	0	920	0	920	0	170	170	0	0	170	170	0	0	92006	紫陌倾城	YuYi_YY_TextZMQC	zimoqingcheng
5	7	13020	20	10	25837	100	1000	3	3220	0	0	1080	0	1080	0	190	190	0	0	190	190	0	0	92006	紫陌倾城	YuYi_YY_TextZMQC	zimoqingcheng
5	8	14980	20	10	25837	100	1000	3	3780	0	0	1260	0	1260	0	210	210	0	0	210	210	0	0	92006	紫陌倾城	YuYi_YY_TextZMQC	zimoqingcheng
5	9	17220	20	10	25837	100	1000	3	4420	0	0	1480	0	1480	0	240	240	0	0	240	240	0	0	92006	紫陌倾城	YuYi_YY_TextZMQC	zimoqingcheng
5	10	20944	20	10	25837	100	1000	3	5140	0	0	1720	0	1720	0	270	270	0	0	270	270	0	0	92006	紫陌倾城	YuYi_YY_TextZMQC	zimoqingcheng
5	11	25160	20	10	25837	100	1000	3	5580	0	0	1860	0	1860	0	300	300	0	0	300	300	0	0	92006	紫陌倾城	YuYi_YY_TextZMQC	zimoqingcheng
5	12	29376	20	10	25837	100	1000	3	6100	0	0	2040	0	2040	0	340	340	0	0	340	340	0	0	92006	紫陌倾城	YuYi_YY_TextZMQC	zimoqingcheng
5	13	33456	20	10	25837	100	1000	3	6670	0	0	2230	0	2230	0	380	380	0	0	380	380	0	0	92006	紫陌倾城	YuYi_YY_TextZMQC	zimoqingcheng
5	14	37672	20	10	25837	100	1000	3	7310	0	0	2440	0	2440	0	420	420	0	0	420	420	0	0	92006	紫陌倾城	YuYi_YY_TextZMQC	zimoqingcheng
5	15	40656	20	10	25837	100	1000	3	8010	0	0	2670	0	2670	0	460	460	0	0	460	460	0	0	92006	紫陌倾城	YuYi_YY_TextZMQC	zimoqingcheng
5	16	121968	20	10	25837	100	1000	3	8790	0	0	2930	0	2930	0	500	500	0	0	500	500	0	0	92006	紫陌倾城	YuYi_YY_TextZMQC	zimoqingcheng
5	17	162492	20	10	25837	100	1000	3	9650	0	0	3220	0	3220	0	540	540	0	0	540	540	0	0	92006	紫陌倾城	YuYi_YY_TextZMQC	zimoqingcheng
5	18	203280	20	10	25837	100	1000	3	10600	0	0	3540	0	3540	0	580	580	0	0	580	580	0	0	92006	紫陌倾城	YuYi_YY_TextZMQC	zimoqingcheng
5	19	235884	20	10	25837	100	1000	3	11620	0	0	3880	0	3880	0	620	620	0	0	620	620	0	0	92006	紫陌倾城	YuYi_YY_TextZMQC	zimoqingcheng
5	20	0	20	10	25837	100	1000	3	11820	0	0	4300	0	4300	0	680	680	0	0	680	680	0	0	92006	紫陌倾城	YuYi_YY_TextZMQC	zimoqingcheng
6	1	2400	20	10	25837	100	1000	3	1480	0	0	500	0	500	0	100	100	0	0	100	100	0	0	92007	血舞一生	YuYi_YY_TextXWYS	xuewuyisheng
6	2	2560	20	10	25837	100	1000	3	1630	0	0	550	0	550	0	110	110	0	0	110	110	0	0	92007	血舞一生	YuYi_YY_TextXWYS	xuewuyisheng
6	3	4800	20	10	25837	100	1000	3	1790	0	0	600	0	600	0	120	120	0	0	120	120	0	0	92007	血舞一生	YuYi_YY_TextXWYS	xuewuyisheng
6	4	7520	20	10	25837	100	1000	3	2030	0	0	680	0	680	0	130	130	0	0	130	130	0	0	92007	血舞一生	YuYi_YY_TextXWYS	xuewuyisheng
6	5	8540	20	10	25837	100	1000	3	2350	0	0	790	0	790	0	150	150	0	0	150	150	0	0	92007	血舞一生	YuYi_YY_TextXWYS	xuewuyisheng
6	6	10780	20	10	25837	100	1000	3	2740	0	0	920	0	920	0	170	170	0	0	170	170	0	0	92007	血舞一生	YuYi_YY_TextXWYS	xuewuyisheng
6	7	13020	20	10	25837	100	1000	3	3220	0	0	1080	0	1080	0	190	190	0	0	190	190	0	0	92007	血舞一生	YuYi_YY_TextXWYS	xuewuyisheng
6	8	14980	20	10	25837	100	1000	3	3780	0	0	1260	0	1260	0	210	210	0	0	210	210	0	0	92007	血舞一生	YuYi_YY_TextXWYS	xuewuyisheng
6	9	17220	20	10	25837	100	1000	3	4420	0	0	1480	0	1480	0	240	240	0	0	240	240	0	0	92007	血舞一生	YuYi_YY_TextXWYS	xuewuyisheng
6	10	20944	20	10	25837	100	1000	3	5140	0	0	1720	0	1720	0	270	270	0	0	270	270	0	0	92007	血舞一生	YuYi_YY_TextXWYS	xuewuyisheng
6	11	25160	20	10	25837	100	1000	3	5580	0	0	1860	0	1860	0	300	300	0	0	300	300	0	0	92007	血舞一生	YuYi_YY_TextXWYS	xuewuyisheng
6	12	29376	20	10	25837	100	1000	3	6100	0	0	2040	0	2040	0	340	340	0	0	340	340	0	0	92007	血舞一生	YuYi_YY_TextXWYS	xuewuyisheng
6	13	33456	20	10	25837	100	1000	3	6670	0	0	2230	0	2230	0	380	380	0	0	380	380	0	0	92007	血舞一生	YuYi_YY_TextXWYS	xuewuyisheng
6	14	37672	20	10	25837	100	1000	3	7310	0	0	2440	0	2440	0	420	420	0	0	420	420	0	0	92007	血舞一生	YuYi_YY_TextXWYS	xuewuyisheng
6	15	40656	20	10	25837	100	1000	3	8010	0	0	2670	0	2670	0	460	460	0	0	460	460	0	0	92007	血舞一生	YuYi_YY_TextXWYS	xuewuyisheng
6	16	121968	20	10	25837	100	1000	3	8790	0	0	2930	0	2930	0	500	500	0	0	500	500	0	0	92007	血舞一生	YuYi_YY_TextXWYS	xuewuyisheng
6	17	162492	20	10	25837	100	1000	3	9650	0	0	3220	0	3220	0	540	540	0	0	540	540	0	0	92007	血舞一生	YuYi_YY_TextXWYS	xuewuyisheng
6	18	203280	20	10	25837	100	1000	3	10600	0	0	3540	0	3540	0	580	580	0	0	580	580	0	0	92007	血舞一生	YuYi_YY_TextXWYS	xuewuyisheng
6	19	235884	20	10	25837	100	1000	3	11620	0	0	3880	0	3880	0	620	620	0	0	620	620	0	0	92007	血舞一生	YuYi_YY_TextXWYS	xuewuyisheng
6	20	0	20	10	25837	100	1000	3	11820	0	0	4300	0	4300	0	680	680	0	0	680	680	0	0	92007	血舞一生	YuYi_YY_TextXWYS	xuewuyisheng
7	1	2400	20	10	25837	100	1000	3	1480	0	0	500	0	500	0	100	100	0	0	100	100	0	0	92008	璀璨人生	YuYi_YY_TextCCRS	cuicanrensheng
7	2	2560	20	10	25837	100	1000	3	1630	0	0	550	0	550	0	110	110	0	0	110	110	0	0	92008	璀璨人生	YuYi_YY_TextCCRS	cuicanrensheng
7	3	4800	20	10	25837	100	1000	3	1790	0	0	600	0	600	0	120	120	0	0	120	120	0	0	92008	璀璨人生	YuYi_YY_TextCCRS	cuicanrensheng
7	4	7520	20	10	25837	100	1000	3	2030	0	0	680	0	680	0	130	130	0	0	130	130	0	0	92008	璀璨人生	YuYi_YY_TextCCRS	cuicanrensheng
7	5	8540	20	10	25837	100	1000	3	2350	0	0	790	0	790	0	150	150	0	0	150	150	0	0	92008	璀璨人生	YuYi_YY_TextCCRS	cuicanrensheng
7	6	10780	20	10	25837	100	1000	3	2740	0	0	920	0	920	0	170	170	0	0	170	170	0	0	92008	璀璨人生	YuYi_YY_TextCCRS	cuicanrensheng
7	7	13020	20	10	25837	100	1000	3	3220	0	0	1080	0	1080	0	190	190	0	0	190	190	0	0	92008	璀璨人生	YuYi_YY_TextCCRS	cuicanrensheng
7	8	14980	20	10	25837	100	1000	3	3780	0	0	1260	0	1260	0	210	210	0	0	210	210	0	0	92008	璀璨人生	YuYi_YY_TextCCRS	cuicanrensheng
7	9	17220	20	10	25837	100	1000	3	4420	0	0	1480	0	1480	0	240	240	0	0	240	240	0	0	92008	璀璨人生	YuYi_YY_TextCCRS	cuicanrensheng
7	10	20944	20	10	25837	100	1000	3	5140	0	0	1720	0	1720	0	270	270	0	0	270	270	0	0	92008	璀璨人生	YuYi_YY_TextCCRS	cuicanrensheng
7	11	25160	20	10	25837	100	1000	3	5580	0	0	1860	0	1860	0	300	300	0	0	300	300	0	0	92008	璀璨人生	YuYi_YY_TextCCRS	cuicanrensheng
7	12	29376	20	10	25837	100	1000	3	6100	0	0	2040	0	2040	0	340	340	0	0	340	340	0	0	92008	璀璨人生	YuYi_YY_TextCCRS	cuicanrensheng
7	13	33456	20	10	25837	100	1000	3	6670	0	0	2230	0	2230	0	380	380	0	0	380	380	0	0	92008	璀璨人生	YuYi_YY_TextCCRS	cuicanrensheng
7	14	37672	20	10	25837	100	1000	3	7310	0	0	2440	0	2440	0	420	420	0	0	420	420	0	0	92008	璀璨人生	YuYi_YY_TextCCRS	cuicanrensheng
7	15	40656	20	10	25837	100	1000	3	8010	0	0	2670	0	2670	0	460	460	0	0	460	460	0	0	92008	璀璨人生	YuYi_YY_TextCCRS	cuicanrensheng
7	16	121968	20	10	25837	100	1000	3	8790	0	0	2930	0	2930	0	500	500	0	0	500	500	0	0	92008	璀璨人生	YuYi_YY_TextCCRS	cuicanrensheng
7	17	162492	20	10	25837	100	1000	3	9650	0	0	3220	0	3220	0	540	540	0	0	540	540	0	0	92008	璀璨人生	YuYi_YY_TextCCRS	cuicanrensheng
7	18	203280	20	10	25837	100	1000	3	10600	0	0	3540	0	3540	0	580	580	0	0	580	580	0	0	92008	璀璨人生	YuYi_YY_TextCCRS	cuicanrensheng
7	19	235884	20	10	25837	100	1000	3	11620	0	0	3880	0	3880	0	620	620	0	0	620	620	0	0	92008	璀璨人生	YuYi_YY_TextCCRS	cuicanrensheng
7	20	0	20	10	25837	100	1000	3	11820	0	0	4300	0	4300	0	680	680	0	0	680	680	0	0	92008	璀璨人生	YuYi_YY_TextCCRS	cuicanrensheng
8	1	2400	20	10	25837	100	1000	3	1480	0	0	500	0	500	0	100	100	0	0	100	100	0	0	92009	蓝色魅力	YuYi_YY_TextLSML	lanshemeili
8	2	2560	20	10	25837	100	1000	3	1630	0	0	550	0	550	0	110	110	0	0	110	110	0	0	92009	蓝色魅力	YuYi_YY_TextLSML	lanshemeili
8	3	4800	20	10	25837	100	1000	3	1790	0	0	600	0	600	0	120	120	0	0	120	120	0	0	92009	蓝色魅力	YuYi_YY_TextLSML	lanshemeili
8	4	7520	20	10	25837	100	1000	3	2030	0	0	680	0	680	0	130	130	0	0	130	130	0	0	92009	蓝色魅力	YuYi_YY_TextLSML	lanshemeili
8	5	8540	20	10	25837	100	1000	3	2350	0	0	790	0	790	0	150	150	0	0	150	150	0	0	92009	蓝色魅力	YuYi_YY_TextLSML	lanshemeili
8	6	10780	20	10	25837	100	1000	3	2740	0	0	920	0	920	0	170	170	0	0	170	170	0	0	92009	蓝色魅力	YuYi_YY_TextLSML	lanshemeili
8	7	13020	20	10	25837	100	1000	3	3220	0	0	1080	0	1080	0	190	190	0	0	190	190	0	0	92009	蓝色魅力	YuYi_YY_TextLSML	lanshemeili
8	8	14980	20	10	25837	100	1000	3	3780	0	0	1260	0	1260	0	210	210	0	0	210	210	0	0	92009	蓝色魅力	YuYi_YY_TextLSML	lanshemeili
8	9	17220	20	10	25837	100	1000	3	4420	0	0	1480	0	1480	0	240	240	0	0	240	240	0	0	92009	蓝色魅力	YuYi_YY_TextLSML	lanshemeili
8	10	20944	20	10	25837	100	1000	3	5140	0	0	1720	0	1720	0	270	270	0	0	270	270	0	0	92009	蓝色魅力	YuYi_YY_TextLSML	lanshemeili
8	11	25160	20	10	25837	100	1000	3	5580	0	0	1860	0	1860	0	300	300	0	0	300	300	0	0	92009	蓝色魅力	YuYi_YY_TextLSML	lanshemeili
8	12	29376	20	10	25837	100	1000	3	6100	0	0	2040	0	2040	0	340	340	0	0	340	340	0	0	92009	蓝色魅力	YuYi_YY_TextLSML	lanshemeili
8	13	33456	20	10	25837	100	1000	3	6670	0	0	2230	0	2230	0	380	380	0	0	380	380	0	0	92009	蓝色魅力	YuYi_YY_TextLSML	lanshemeili
8	14	37672	20	10	25837	100	1000	3	7310	0	0	2440	0	2440	0	420	420	0	0	420	420	0	0	92009	蓝色魅力	YuYi_YY_TextLSML	lanshemeili
8	15	40656	20	10	25837	100	1000	3	8010	0	0	2670	0	2670	0	460	460	0	0	460	460	0	0	92009	蓝色魅力	YuYi_YY_TextLSML	lanshemeili
8	16	121968	20	10	25837	100	1000	3	8790	0	0	2930	0	2930	0	500	500	0	0	500	500	0	0	92009	蓝色魅力	YuYi_YY_TextLSML	lanshemeili
8	17	162492	20	10	25837	100	1000	3	9650	0	0	3220	0	3220	0	540	540	0	0	540	540	0	0	92009	蓝色魅力	YuYi_YY_TextLSML	lanshemeili
8	18	203280	20	10	25837	100	1000	3	10600	0	0	3540	0	3540	0	580	580	0	0	580	580	0	0	92009	蓝色魅力	YuYi_YY_TextLSML	lanshemeili
8	19	235884	20	10	25837	100	1000	3	11620	0	0	3880	0	3880	0	620	620	0	0	620	620	0	0	92009	蓝色魅力	YuYi_YY_TextLSML	lanshemeili
8	20	0	20	10	25837	100	1000	3	11820	0	0	4300	0	4300	0	680	680	0	0	680	680	0	0	92009	蓝色魅力	YuYi_YY_TextLSML	lanshemeili
9	1	2400	20	10	25837	100	1000	3	1480	0	0	500	0	500	0	100	100	0	0	100	100	0	0	92010	倾城之恋	YuYi_YY_TextQCZL	qingchengzhilian
9	2	2560	20	10	25837	100	1000	3	1630	0	0	550	0	550	0	110	110	0	0	110	110	0	0	92010	倾城之恋	YuYi_YY_TextQCZL	qingchengzhilian
9	3	4800	20	10	25837	100	1000	3	1790	0	0	600	0	600	0	120	120	0	0	120	120	0	0	92010	倾城之恋	YuYi_YY_TextQCZL	qingchengzhilian
9	4	7520	20	10	25837	100	1000	3	2030	0	0	680	0	680	0	130	130	0	0	130	130	0	0	92010	倾城之恋	YuYi_YY_TextQCZL	qingchengzhilian
9	5	8540	20	10	25837	100	1000	3	2350	0	0	790	0	790	0	150	150	0	0	150	150	0	0	92010	倾城之恋	YuYi_YY_TextQCZL	qingchengzhilian
9	6	10780	20	10	25837	100	1000	3	2740	0	0	920	0	920	0	170	170	0	0	170	170	0	0	92010	倾城之恋	YuYi_YY_TextQCZL	qingchengzhilian
9	7	13020	20	10	25837	100	1000	3	3220	0	0	1080	0	1080	0	190	190	0	0	190	190	0	0	92010	倾城之恋	YuYi_YY_TextQCZL	qingchengzhilian
9	8	14980	20	10	25837	100	1000	3	3780	0	0	1260	0	1260	0	210	210	0	0	210	210	0	0	92010	倾城之恋	YuYi_YY_TextQCZL	qingchengzhilian
9	9	17220	20	10	25837	100	1000	3	4420	0	0	1480	0	1480	0	240	240	0	0	240	240	0	0	92010	倾城之恋	YuYi_YY_TextQCZL	qingchengzhilian
9	10	20944	20	10	25837	100	1000	3	5140	0	0	1720	0	1720	0	270	270	0	0	270	270	0	0	92010	倾城之恋	YuYi_YY_TextQCZL	qingchengzhilian
9	11	25160	20	10	25837	100	1000	3	5580	0	0	1860	0	1860	0	300	300	0	0	300	300	0	0	92010	倾城之恋	YuYi_YY_TextQCZL	qingchengzhilian
9	12	29376	20	10	25837	100	1000	3	6100	0	0	2040	0	2040	0	340	340	0	0	340	340	0	0	92010	倾城之恋	YuYi_YY_TextQCZL	qingchengzhilian
9	13	33456	20	10	25837	100	1000	3	6670	0	0	2230	0	2230	0	380	380	0	0	380	380	0	0	92010	倾城之恋	YuYi_YY_TextQCZL	qingchengzhilian
9	14	37672	20	10	25837	100	1000	3	7310	0	0	2440	0	2440	0	420	420	0	0	420	420	0	0	92010	倾城之恋	YuYi_YY_TextQCZL	qingchengzhilian
9	15	40656	20	10	25837	100	1000	3	8010	0	0	2670	0	2670	0	460	460	0	0	460	460	0	0	92010	倾城之恋	YuYi_YY_TextQCZL	qingchengzhilian
9	16	121968	20	10	25837	100	1000	3	8790	0	0	2930	0	2930	0	500	500	0	0	500	500	0	0	92010	倾城之恋	YuYi_YY_TextQCZL	qingchengzhilian
9	17	162492	20	10	25837	100	1000	3	9650	0	0	3220	0	3220	0	540	540	0	0	540	540	0	0	92010	倾城之恋	YuYi_YY_TextQCZL	qingchengzhilian
9	18	203280	20	10	25837	100	1000	3	10600	0	0	3540	0	3540	0	580	580	0	0	580	580	0	0	92010	倾城之恋	YuYi_YY_TextQCZL	qingchengzhilian
9	19	235884	20	10	25837	100	1000	3	11620	0	0	3880	0	3880	0	620	620	0	0	620	620	0	0	92010	倾城之恋	YuYi_YY_TextQCZL	qingchengzhilian
9	20	0	20	10	25837	100	1000	3	11820	0	0	4300	0	4300	0	680	680	0	0	680	680	0	0	92010	倾城之恋	YuYi_YY_TextQCZL	qingchengzhilian
10	1	2400	20	10	25837	100	1000	3	1480	0	0	500	0	500	0	100	100	0	0	100	100	0	0	92011	天使之翼	YuYi_YY_TextTSZY	szyuyi1
10	2	2560	20	10	25837	100	1000	3	1630	0	0	550	0	550	0	110	110	0	0	110	110	0	0	92011	天使之翼	YuYi_YY_TextTSZY	szyuyi1
10	3	4800	20	10	25837	100	1000	3	1790	0	0	600	0	600	0	120	120	0	0	120	120	0	0	92011	天使之翼	YuYi_YY_TextTSZY	szyuyi1
10	4	7520	20	10	25837	100	1000	3	2030	0	0	680	0	680	0	130	130	0	0	130	130	0	0	92011	天使之翼	YuYi_YY_TextTSZY	szyuyi1
10	5	8540	20	10	25837	100	1000	3	2350	0	0	790	0	790	0	150	150	0	0	150	150	0	0	92011	天使之翼	YuYi_YY_TextTSZY	szyuyi1
10	6	10780	20	10	25837	100	1000	3	2740	0	0	920	0	920	0	170	170	0	0	170	170	0	0	92011	天使之翼	YuYi_YY_TextTSZY	szyuyi1
10	7	13020	20	10	25837	100	1000	3	3220	0	0	1080	0	1080	0	190	190	0	0	190	190	0	0	92011	天使之翼	YuYi_YY_TextTSZY	szyuyi1
10	8	14980	20	10	25837	100	1000	3	3780	0	0	1260	0	1260	0	210	210	0	0	210	210	0	0	92011	天使之翼	YuYi_YY_TextTSZY	szyuyi1
10	9	17220	20	10	25837	100	1000	3	4420	0	0	1480	0	1480	0	240	240	0	0	240	240	0	0	92011	天使之翼	YuYi_YY_TextTSZY	szyuyi1
10	10	20944	20	10	25837	100	1000	3	5140	0	0	1720	0	1720	0	270	270	0	0	270	270	0	0	92011	天使之翼	YuYi_YY_TextTSZY	szyuyi1
10	11	25160	20	10	25837	100	1000	3	5580	0	0	1860	0	1860	0	300	300	0	0	300	300	0	0	92011	天使之翼	YuYi_YY_TextTSZY	szyuyi1
10	12	29376	20	10	25837	100	1000	3	6100	0	0	2040	0	2040	0	340	340	0	0	340	340	0	0	92011	天使之翼	YuYi_YY_TextTSZY	szyuyi1
10	13	33456	20	10	25837	100	1000	3	6670	0	0	2230	0	2230	0	380	380	0	0	380	380	0	0	92011	天使之翼	YuYi_YY_TextTSZY	szyuyi1
10	14	37672	20	10	25837	100	1000	3	7310	0	0	2440	0	2440	0	420	420	0	0	420	420	0	0	92011	天使之翼	YuYi_YY_TextTSZY	szyuyi1
10	15	40656	20	10	25837	100	1000	3	8010	0	0	2670	0	2670	0	460	460	0	0	460	460	0	0	92011	天使之翼	YuYi_YY_TextTSZY	szyuyi1
10	16	121968	20	10	25837	100	1000	3	8790	0	0	2930	0	2930	0	500	500	0	0	500	500	0	0	92011	天使之翼	YuYi_YY_TextTSZY	szyuyi1
10	17	162492	20	10	25837	100	1000	3	9650	0	0	3220	0	3220	0	540	540	0	0	540	540	0	0	92011	天使之翼	YuYi_YY_TextTSZY	szyuyi1
10	18	203280	20	10	25837	100	1000	3	10600	0	0	3540	0	3540	0	580	580	0	0	580	580	0	0	92011	天使之翼	YuYi_YY_TextTSZY	szyuyi1
10	19	235884	20	10	25837	100	1000	3	11620	0	0	3880	0	3880	0	620	620	0	0	620	620	0	0	92011	天使之翼	YuYi_YY_TextTSZY	szyuyi1
10	20	0	20	10	25837	100	1000	3	11820	0	0	4300	0	4300	0	680	680	0	0	680	680	0	0	92011	天使之翼	YuYi_YY_TextTSZY	szyuyi1
11	1	2400	20	10	25837	100	1000	3	1480	0	0	500	0	500	0	100	100	0	0	100	100	0	0	92012	恶魔之翼	YuYi_YY_TextEMZY	szyuyi2
11	2	2560	20	10	25837	100	1000	3	1630	0	0	550	0	550	0	110	110	0	0	110	110	0	0	92012	恶魔之翼	YuYi_YY_TextEMZY	szyuyi2
11	3	4800	20	10	25837	100	1000	3	1790	0	0	600	0	600	0	120	120	0	0	120	120	0	0	92012	恶魔之翼	YuYi_YY_TextEMZY	szyuyi2
11	4	7520	20	10	25837	100	1000	3	2030	0	0	680	0	680	0	130	130	0	0	130	130	0	0	92012	恶魔之翼	YuYi_YY_TextEMZY	szyuyi2
11	5	8540	20	10	25837	100	1000	3	2350	0	0	790	0	790	0	150	150	0	0	150	150	0	0	92012	恶魔之翼	YuYi_YY_TextEMZY	szyuyi2
11	6	10780	20	10	25837	100	1000	3	2740	0	0	920	0	920	0	170	170	0	0	170	170	0	0	92012	恶魔之翼	YuYi_YY_TextEMZY	szyuyi2
11	7	13020	20	10	25837	100	1000	3	3220	0	0	1080	0	1080	0	190	190	0	0	190	190	0	0	92012	恶魔之翼	YuYi_YY_TextEMZY	szyuyi2
11	8	14980	20	10	25837	100	1000	3	3780	0	0	1260	0	1260	0	210	210	0	0	210	210	0	0	92012	恶魔之翼	YuYi_YY_TextEMZY	szyuyi2
11	9	17220	20	10	25837	100	1000	3	4420	0	0	1480	0	1480	0	240	240	0	0	240	240	0	0	92012	恶魔之翼	YuYi_YY_TextEMZY	szyuyi2
11	10	20944	20	10	25837	100	1000	3	5140	0	0	1720	0	1720	0	270	270	0	0	270	270	0	0	92012	恶魔之翼	YuYi_YY_TextEMZY	szyuyi2
11	11	25160	20	10	25837	100	1000	3	5580	0	0	1860	0	1860	0	300	300	0	0	300	300	0	0	92012	恶魔之翼	YuYi_YY_TextEMZY	szyuyi2
11	12	29376	20	10	25837	100	1000	3	6100	0	0	2040	0	2040	0	340	340	0	0	340	340	0	0	92012	恶魔之翼	YuYi_YY_TextEMZY	szyuyi2
11	13	33456	20	10	25837	100	1000	3	6670	0	0	2230	0	2230	0	380	380	0	0	380	380	0	0	92012	恶魔之翼	YuYi_YY_TextEMZY	szyuyi2
11	14	37672	20	10	25837	100	1000	3	7310	0	0	2440	0	2440	0	420	420	0	0	420	420	0	0	92012	恶魔之翼	YuYi_YY_TextEMZY	szyuyi2
11	15	40656	20	10	25837	100	1000	3	8010	0	0	2670	0	2670	0	460	460	0	0	460	460	0	0	92012	恶魔之翼	YuYi_YY_TextEMZY	szyuyi2
11	16	121968	20	10	25837	100	1000	3	8790	0	0	2930	0	2930	0	500	500	0	0	500	500	0	0	92012	恶魔之翼	YuYi_YY_TextEMZY	szyuyi2
11	17	162492	20	10	25837	100	1000	3	9650	0	0	3220	0	3220	0	540	540	0	0	540	540	0	0	92012	恶魔之翼	YuYi_YY_TextEMZY	szyuyi2
11	18	203280	20	10	25837	100	1000	3	10600	0	0	3540	0	3540	0	580	580	0	0	580	580	0	0	92012	恶魔之翼	YuYi_YY_TextEMZY	szyuyi2
11	19	235884	20	10	25837	100	1000	3	11620	0	0	3880	0	3880	0	620	620	0	0	620	620	0	0	92012	恶魔之翼	YuYi_YY_TextEMZY	szyuyi2
11	20	0	20	10	25837	100	1000	3	11820	0	0	4300	0	4300	0	680	680	0	0	680	680	0	0	92012	恶魔之翼	YuYi_YY_TextEMZY	szyuyi2
12	1	2400	20	10	25837	100	1000	3	1480	0	0	500	0	500	0	100	100	0	0	100	100	0	0	92013	情人之翼	YuYi_YY_TextQRZY	qingrenjiechibang
12	2	2560	20	10	25837	100	1000	3	1630	0	0	550	0	550	0	110	110	0	0	110	110	0	0	92013	情人之翼	YuYi_YY_TextQRZY	qingrenjiechibang
12	3	4800	20	10	25837	100	1000	3	1790	0	0	600	0	600	0	120	120	0	0	120	120	0	0	92013	情人之翼	YuYi_YY_TextQRZY	qingrenjiechibang
12	4	7520	20	10	25837	100	1000	3	2030	0	0	680	0	680	0	130	130	0	0	130	130	0	0	92013	情人之翼	YuYi_YY_TextQRZY	qingrenjiechibang
12	5	8540	20	10	25837	100	1000	3	2350	0	0	790	0	790	0	150	150	0	0	150	150	0	0	92013	情人之翼	YuYi_YY_TextQRZY	qingrenjiechibang
12	6	10780	20	10	25837	100	1000	3	2740	0	0	920	0	920	0	170	170	0	0	170	170	0	0	92013	情人之翼	YuYi_YY_TextQRZY	qingrenjiechibang
12	7	13020	20	10	25837	100	1000	3	3220	0	0	1080	0	1080	0	190	190	0	0	190	190	0	0	92013	情人之翼	YuYi_YY_TextQRZY	qingrenjiechibang
12	8	14980	20	10	25837	100	1000	3	3780	0	0	1260	0	1260	0	210	210	0	0	210	210	0	0	92013	情人之翼	YuYi_YY_TextQRZY	qingrenjiechibang
12	9	17220	20	10	25837	100	1000	3	4420	0	0	1480	0	1480	0	240	240	0	0	240	240	0	0	92013	情人之翼	YuYi_YY_TextQRZY	qingrenjiechibang
12	10	20944	20	10	25837	100	1000	3	5140	0	0	1720	0	1720	0	270	270	0	0	270	270	0	0	92013	情人之翼	YuYi_YY_TextQRZY	qingrenjiechibang
12	11	25160	20	10	25837	100	1000	3	5580	0	0	1860	0	1860	0	300	300	0	0	300	300	0	0	92013	情人之翼	YuYi_YY_TextQRZY	qingrenjiechibang
12	12	29376	20	10	25837	100	1000	3	6100	0	0	2040	0	2040	0	340	340	0	0	340	340	0	0	92013	情人之翼	YuYi_YY_TextQRZY	qingrenjiechibang
12	13	33456	20	10	25837	100	1000	3	6670	0	0	2230	0	2230	0	380	380	0	0	380	380	0	0	92013	情人之翼	YuYi_YY_TextQRZY	qingrenjiechibang
12	14	37672	20	10	25837	100	1000	3	7310	0	0	2440	0	2440	0	420	420	0	0	420	420	0	0	92013	情人之翼	YuYi_YY_TextQRZY	qingrenjiechibang
12	15	40656	20	10	25837	100	1000	3	8010	0	0	2670	0	2670	0	460	460	0	0	460	460	0	0	92013	情人之翼	YuYi_YY_TextQRZY	qingrenjiechibang
12	16	121968	20	10	25837	100	1000	3	8790	0	0	2930	0	2930	0	500	500	0	0	500	500	0	0	92013	情人之翼	YuYi_YY_TextQRZY	qingrenjiechibang
12	17	162492	20	10	25837	100	1000	3	9650	0	0	3220	0	3220	0	540	540	0	0	540	540	0	0	92013	情人之翼	YuYi_YY_TextQRZY	qingrenjiechibang
12	18	203280	20	10	25837	100	1000	3	10600	0	0	3540	0	3540	0	580	580	0	0	580	580	0	0	92013	情人之翼	YuYi_YY_TextQRZY	qingrenjiechibang
12	19	235884	20	10	25837	100	1000	3	11620	0	0	3880	0	3880	0	620	620	0	0	620	620	0	0	92013	情人之翼	YuYi_YY_TextQRZY	qingrenjiechibang
12	20	0	20	10	25837	100	1000	3	11820	0	0	4300	0	4300	0	680	680	0	0	680	680	0	0	92013	情人之翼	YuYi_YY_TextQRZY	qingrenjiechibang
13	1	2400	20	10	25837	100	1000	3	1480	0	0	500	0	500	0	100	100	0	0	100	100	0	0	92014	红红火火	YuYi_YY_TextHHHH	chunjiechibang
13	2	2560	20	10	25837	100	1000	3	1630	0	0	550	0	550	0	110	110	0	0	110	110	0	0	92014	红红火火	YuYi_YY_TextHHHH	chunjiechibang
13	3	4800	20	10	25837	100	1000	3	1790	0	0	600	0	600	0	120	120	0	0	120	120	0	0	92014	红红火火	YuYi_YY_TextHHHH	chunjiechibang
13	4	7520	20	10	25837	100	1000	3	2030	0	0	680	0	680	0	130	130	0	0	130	130	0	0	92014	红红火火	YuYi_YY_TextHHHH	chunjiechibang
13	5	8540	20	10	25837	100	1000	3	2350	0	0	790	0	790	0	150	150	0	0	150	150	0	0	92014	红红火火	YuYi_YY_TextHHHH	chunjiechibang
13	6	10780	20	10	25837	100	1000	3	2740	0	0	920	0	920	0	170	170	0	0	170	170	0	0	92014	红红火火	YuYi_YY_TextHHHH	chunjiechibang
13	7	13020	20	10	25837	100	1000	3	3220	0	0	1080	0	1080	0	190	190	0	0	190	190	0	0	92014	红红火火	YuYi_YY_TextHHHH	chunjiechibang
13	8	14980	20	10	25837	100	1000	3	3780	0	0	1260	0	1260	0	210	210	0	0	210	210	0	0	92014	红红火火	YuYi_YY_TextHHHH	chunjiechibang
13	9	17220	20	10	25837	100	1000	3	4420	0	0	1480	0	1480	0	240	240	0	0	240	240	0	0	92014	红红火火	YuYi_YY_TextHHHH	chunjiechibang
13	10	20944	20	10	25837	100	1000	3	5140	0	0	1720	0	1720	0	270	270	0	0	270	270	0	0	92014	红红火火	YuYi_YY_TextHHHH	chunjiechibang
13	11	25160	20	10	25837	100	1000	3	5580	0	0	1860	0	1860	0	300	300	0	0	300	300	0	0	92014	红红火火	YuYi_YY_TextHHHH	chunjiechibang
13	12	29376	20	10	25837	100	1000	3	6100	0	0	2040	0	2040	0	340	340	0	0	340	340	0	0	92014	红红火火	YuYi_YY_TextHHHH	chunjiechibang
13	13	33456	20	10	25837	100	1000	3	6670	0	0	2230	0	2230	0	380	380	0	0	380	380	0	0	92014	红红火火	YuYi_YY_TextHHHH	chunjiechibang
13	14	37672	20	10	25837	100	1000	3	7310	0	0	2440	0	2440	0	420	420	0	0	420	420	0	0	92014	红红火火	YuYi_YY_TextHHHH	chunjiechibang
13	15	40656	20	10	25837	100	1000	3	8010	0	0	2670	0	2670	0	460	460	0	0	460	460	0	0	92014	红红火火	YuYi_YY_TextHHHH	chunjiechibang
13	16	121968	20	10	25837	100	1000	3	8790	0	0	2930	0	2930	0	500	500	0	0	500	500	0	0	92014	红红火火	YuYi_YY_TextHHHH	chunjiechibang
13	17	162492	20	10	25837	100	1000	3	9650	0	0	3220	0	3220	0	540	540	0	0	540	540	0	0	92014	红红火火	YuYi_YY_TextHHHH	chunjiechibang
13	18	203280	20	10	25837	100	1000	3	10600	0	0	3540	0	3540	0	580	580	0	0	580	580	0	0	92014	红红火火	YuYi_YY_TextHHHH	chunjiechibang
13	19	235884	20	10	25837	100	1000	3	11620	0	0	3880	0	3880	0	620	620	0	0	620	620	0	0	92014	红红火火	YuYi_YY_TextHHHH	chunjiechibang
13	20	0	20	10	25837	100	1000	3	11820	0	0	4300	0	4300	0	680	680	0	0	680	680	0	0	92014	红红火火	YuYi_YY_TextHHHH	chunjiechibang
14	1	2400	20	10	25837	100	1000	3	1480	0	0	500	0	500	0	100	100	0	0	100	100	0	0	92015	黑龙之翼	YuYi_YY_TextHLZY	heilongzhiyi
14	2	2560	20	10	25837	100	1000	3	1630	0	0	550	0	550	0	110	110	0	0	110	110	0	0	92015	黑龙之翼	YuYi_YY_TextHLZY	heilongzhiyi
14	3	4800	20	10	25837	100	1000	3	1790	0	0	600	0	600	0	120	120	0	0	120	120	0	0	92015	黑龙之翼	YuYi_YY_TextHLZY	heilongzhiyi
14	4	7520	20	10	25837	100	1000	3	2030	0	0	680	0	680	0	130	130	0	0	130	130	0	0	92015	黑龙之翼	YuYi_YY_TextHLZY	heilongzhiyi
14	5	8540	20	10	25837	100	1000	3	2350	0	0	790	0	790	0	150	150	0	0	150	150	0	0	92015	黑龙之翼	YuYi_YY_TextHLZY	heilongzhiyi
14	6	10780	20	10	25837	100	1000	3	2740	0	0	920	0	920	0	170	170	0	0	170	170	0	0	92015	黑龙之翼	YuYi_YY_TextHLZY	heilongzhiyi
14	7	13020	20	10	25837	100	1000	3	3220	0	0	1080	0	1080	0	190	190	0	0	190	190	0	0	92015	黑龙之翼	YuYi_YY_TextHLZY	heilongzhiyi
14	8	14980	20	10	25837	100	1000	3	3780	0	0	1260	0	1260	0	210	210	0	0	210	210	0	0	92015	黑龙之翼	YuYi_YY_TextHLZY	heilongzhiyi
14	9	17220	20	10	25837	100	1000	3	4420	0	0	1480	0	1480	0	240	240	0	0	240	240	0	0	92015	黑龙之翼	YuYi_YY_TextHLZY	heilongzhiyi
14	10	20944	20	10	25837	100	1000	3	5140	0	0	1720	0	1720	0	270	270	0	0	270	270	0	0	92015	黑龙之翼	YuYi_YY_TextHLZY	heilongzhiyi
14	11	25160	20	10	25837	100	1000	3	5580	0	0	1860	0	1860	0	300	300	0	0	300	300	0	0	92015	黑龙之翼	YuYi_YY_TextHLZY	heilongzhiyi
14	12	29376	20	10	25837	100	1000	3	6100	0	0	2040	0	2040	0	340	340	0	0	340	340	0	0	92015	黑龙之翼	YuYi_YY_TextHLZY	heilongzhiyi
14	13	33456	20	10	25837	100	1000	3	6670	0	0	2230	0	2230	0	380	380	0	0	380	380	0	0	92015	黑龙之翼	YuYi_YY_TextHLZY	heilongzhiyi
14	14	37672	20	10	25837	100	1000	3	7310	0	0	2440	0	2440	0	420	420	0	0	420	420	0	0	92015	黑龙之翼	YuYi_YY_TextHLZY	heilongzhiyi
14	15	40656	20	10	25837	100	1000	3	8010	0	0	2670	0	2670	0	460	460	0	0	460	460	0	0	92015	黑龙之翼	YuYi_YY_TextHLZY	heilongzhiyi
14	16	121968	20	10	25837	100	1000	3	8790	0	0	2930	0	2930	0	500	500	0	0	500	500	0	0	92015	黑龙之翼	YuYi_YY_TextHLZY	heilongzhiyi
14	17	162492	20	10	25837	100	1000	3	9650	0	0	3220	0	3220	0	540	540	0	0	540	540	0	0	92015	黑龙之翼	YuYi_YY_TextHLZY	heilongzhiyi
14	18	203280	20	10	25837	100	1000	3	10600	0	0	3540	0	3540	0	580	580	0	0	580	580	0	0	92015	黑龙之翼	YuYi_YY_TextHLZY	heilongzhiyi
14	19	235884	20	10	25837	100	1000	3	11620	0	0	3880	0	3880	0	620	620	0	0	620	620	0	0	92015	黑龙之翼	YuYi_YY_TextHLZY	heilongzhiyi
14	20	0	20	10	25837	100	1000	3	11820	0	0	4300	0	4300	0	680	680	0	0	680	680	0	0	92015	黑龙之翼	YuYi_YY_TextHLZY	heilongzhiyi
15	1	2400	20	10	25837	100	1000	3	1480	0	0	500	0	500	0	100	100	0	0	100	100	0	0	92016	怒火羽翼	YuYi_YY_TextNHYY	nuhuoyuyi
15	2	2560	20	10	25837	100	1000	3	1630	0	0	550	0	550	0	110	110	0	0	110	110	0	0	92016	怒火羽翼	YuYi_YY_TextNHYY	nuhuoyuyi
15	3	4800	20	10	25837	100	1000	3	1790	0	0	600	0	600	0	120	120	0	0	120	120	0	0	92016	怒火羽翼	YuYi_YY_TextNHYY	nuhuoyuyi
15	4	7520	20	10	25837	100	1000	3	2030	0	0	680	0	680	0	130	130	0	0	130	130	0	0	92016	怒火羽翼	YuYi_YY_TextNHYY	nuhuoyuyi
15	5	8540	20	10	25837	100	1000	3	2350	0	0	790	0	790	0	150	150	0	0	150	150	0	0	92016	怒火羽翼	YuYi_YY_TextNHYY	nuhuoyuyi
15	6	10780	20	10	25837	100	1000	3	2740	0	0	920	0	920	0	170	170	0	0	170	170	0	0	92016	怒火羽翼	YuYi_YY_TextNHYY	nuhuoyuyi
15	7	13020	20	10	25837	100	1000	3	3220	0	0	1080	0	1080	0	190	190	0	0	190	190	0	0	92016	怒火羽翼	YuYi_YY_TextNHYY	nuhuoyuyi
15	8	14980	20	10	25837	100	1000	3	3780	0	0	1260	0	1260	0	210	210	0	0	210	210	0	0	92016	怒火羽翼	YuYi_YY_TextNHYY	nuhuoyuyi
15	9	17220	20	10	25837	100	1000	3	4420	0	0	1480	0	1480	0	240	240	0	0	240	240	0	0	92016	怒火羽翼	YuYi_YY_TextNHYY	nuhuoyuyi
15	10	20944	20	10	25837	100	1000	3	5140	0	0	1720	0	1720	0	270	270	0	0	270	270	0	0	92016	怒火羽翼	YuYi_YY_TextNHYY	nuhuoyuyi
15	11	25160	20	10	25837	100	1000	3	5580	0	0	1860	0	1860	0	300	300	0	0	300	300	0	0	92016	怒火羽翼	YuYi_YY_TextNHYY	nuhuoyuyi
15	12	29376	20	10	25837	100	1000	3	6100	0	0	2040	0	2040	0	340	340	0	0	340	340	0	0	92016	怒火羽翼	YuYi_YY_TextNHYY	nuhuoyuyi
15	13	33456	20	10	25837	100	1000	3	6670	0	0	2230	0	2230	0	380	380	0	0	380	380	0	0	92016	怒火羽翼	YuYi_YY_TextNHYY	nuhuoyuyi
15	14	37672	20	10	25837	100	1000	3	7310	0	0	2440	0	2440	0	420	420	0	0	420	420	0	0	92016	怒火羽翼	YuYi_YY_TextNHYY	nuhuoyuyi
15	15	40656	20	10	25837	100	1000	3	8010	0	0	2670	0	2670	0	460	460	0	0	460	460	0	0	92016	怒火羽翼	YuYi_YY_TextNHYY	nuhuoyuyi
15	16	121968	20	10	25837	100	1000	3	8790	0	0	2930	0	2930	0	500	500	0	0	500	500	0	0	92016	怒火羽翼	YuYi_YY_TextNHYY	nuhuoyuyi
15	17	162492	20	10	25837	100	1000	3	9650	0	0	3220	0	3220	0	540	540	0	0	540	540	0	0	92016	怒火羽翼	YuYi_YY_TextNHYY	nuhuoyuyi
15	18	203280	20	10	25837	100	1000	3	10600	0	0	3540	0	3540	0	580	580	0	0	580	580	0	0	92016	怒火羽翼	YuYi_YY_TextNHYY	nuhuoyuyi
15	19	235884	20	10	25837	100	1000	3	11620	0	0	3880	0	3880	0	620	620	0	0	620	620	0	0	92016	怒火羽翼	YuYi_YY_TextNHYY	nuhuoyuyi
15	20	0	20	10	25837	100	1000	3	11820	0	0	4300	0	4300	0	680	680	0	0	680	680	0	0	92016	怒火羽翼	YuYi_YY_TextNHYY	nuhuoyuyi
16	1	2400	20	10	25837	100	1000	3	1480	0	0	500	0	500	0	100	100	0	0	100	100	0	0	92017	黄金之翼	YuYi_YY_TextHJZY	huangjinzhiyi
16	2	2560	20	10	25837	100	1000	3	1630	0	0	550	0	550	0	110	110	0	0	110	110	0	0	92017	黄金之翼	YuYi_YY_TextHJZY	huangjinzhiyi
16	3	4800	20	10	25837	100	1000	3	1790	0	0	600	0	600	0	120	120	0	0	120	120	0	0	92017	黄金之翼	YuYi_YY_TextHJZY	huangjinzhiyi
16	4	7520	20	10	25837	100	1000	3	2030	0	0	680	0	680	0	130	130	0	0	130	130	0	0	92017	黄金之翼	YuYi_YY_TextHJZY	huangjinzhiyi
16	5	8540	20	10	25837	100	1000	3	2350	0	0	790	0	790	0	150	150	0	0	150	150	0	0	92017	黄金之翼	YuYi_YY_TextHJZY	huangjinzhiyi
16	6	10780	20	10	25837	100	1000	3	2740	0	0	920	0	920	0	170	170	0	0	170	170	0	0	92017	黄金之翼	YuYi_YY_TextHJZY	huangjinzhiyi
16	7	13020	20	10	25837	100	1000	3	3220	0	0	1080	0	1080	0	190	190	0	0	190	190	0	0	92017	黄金之翼	YuYi_YY_TextHJZY	huangjinzhiyi
16	8	14980	20	10	25837	100	1000	3	3780	0	0	1260	0	1260	0	210	210	0	0	210	210	0	0	92017	黄金之翼	YuYi_YY_TextHJZY	huangjinzhiyi
16	9	17220	20	10	25837	100	1000	3	4420	0	0	1480	0	1480	0	240	240	0	0	240	240	0	0	92017	黄金之翼	YuYi_YY_TextHJZY	huangjinzhiyi
16	10	20944	20	10	25837	100	1000	3	5140	0	0	1720	0	1720	0	270	270	0	0	270	270	0	0	92017	黄金之翼	YuYi_YY_TextHJZY	huangjinzhiyi
16	11	25160	20	10	25837	100	1000	3	5580	0	0	1860	0	1860	0	300	300	0	0	300	300	0	0	92017	黄金之翼	YuYi_YY_TextHJZY	huangjinzhiyi
16	12	29376	20	10	25837	100	1000	3	6100	0	0	2040	0	2040	0	340	340	0	0	340	340	0	0	92017	黄金之翼	YuYi_YY_TextHJZY	huangjinzhiyi
16	13	33456	20	10	25837	100	1000	3	6670	0	0	2230	0	2230	0	380	380	0	0	380	380	0	0	92017	黄金之翼	YuYi_YY_TextHJZY	huangjinzhiyi
16	14	37672	20	10	25837	100	1000	3	7310	0	0	2440	0	2440	0	420	420	0	0	420	420	0	0	92017	黄金之翼	YuYi_YY_TextHJZY	huangjinzhiyi
16	15	40656	20	10	25837	100	1000	3	8010	0	0	2670	0	2670	0	460	460	0	0	460	460	0	0	92017	黄金之翼	YuYi_YY_TextHJZY	huangjinzhiyi
16	16	121968	20	10	25837	100	1000	3	8790	0	0	2930	0	2930	0	500	500	0	0	500	500	0	0	92017	黄金之翼	YuYi_YY_TextHJZY	huangjinzhiyi
16	17	162492	20	10	25837	100	1000	3	9650	0	0	3220	0	3220	0	540	540	0	0	540	540	0	0	92017	黄金之翼	YuYi_YY_TextHJZY	huangjinzhiyi
16	18	203280	20	10	25837	100	1000	3	10600	0	0	3540	0	3540	0	580	580	0	0	580	580	0	0	92017	黄金之翼	YuYi_YY_TextHJZY	huangjinzhiyi
16	19	235884	20	10	25837	100	1000	3	11620	0	0	3880	0	3880	0	620	620	0	0	620	620	0	0	92017	黄金之翼	YuYi_YY_TextHJZY	huangjinzhiyi
16	20	0	20	10	25837	100	1000	3	11820	0	0	4300	0	4300	0	680	680	0	0	680	680	0	0	92017	黄金之翼	YuYi_YY_TextHJZY	huangjinzhiyi
17	1	2400	20	10	25837	100	1000	3	1480	0	0	500	0	500	0	100	100	0	0	100	100	0	0	92018	七夕之梦	YuYi_YY_TextQXZM	qixichibang
17	2	2560	20	10	25837	100	1000	3	1630	0	0	550	0	550	0	110	110	0	0	110	110	0	0	92018	七夕之梦	YuYi_YY_TextQXZM	qixichibang
17	3	4800	20	10	25837	100	1000	3	1790	0	0	600	0	600	0	120	120	0	0	120	120	0	0	92018	七夕之梦	YuYi_YY_TextQXZM	qixichibang
17	4	7520	20	10	25837	100	1000	3	2030	0	0	680	0	680	0	130	130	0	0	130	130	0	0	92018	七夕之梦	YuYi_YY_TextQXZM	qixichibang
17	5	8540	20	10	25837	100	1000	3	2350	0	0	790	0	790	0	150	150	0	0	150	150	0	0	92018	七夕之梦	YuYi_YY_TextQXZM	qixichibang
17	6	10780	20	10	25837	100	1000	3	2740	0	0	920	0	920	0	170	170	0	0	170	170	0	0	92018	七夕之梦	YuYi_YY_TextQXZM	qixichibang
17	7	13020	20	10	25837	100	1000	3	3220	0	0	1080	0	1080	0	190	190	0	0	190	190	0	0	92018	七夕之梦	YuYi_YY_TextQXZM	qixichibang
17	8	14980	20	10	25837	100	1000	3	3780	0	0	1260	0	1260	0	210	210	0	0	210	210	0	0	92018	七夕之梦	YuYi_YY_TextQXZM	qixichibang
17	9	17220	20	10	25837	100	1000	3	4420	0	0	1480	0	1480	0	240	240	0	0	240	240	0	0	92018	七夕之梦	YuYi_YY_TextQXZM	qixichibang
17	10	20944	20	10	25837	100	1000	3	5140	0	0	1720	0	1720	0	270	270	0	0	270	270	0	0	92018	七夕之梦	YuYi_YY_TextQXZM	qixichibang
17	11	25160	20	10	25837	100	1000	3	5580	0	0	1860	0	1860	0	300	300	0	0	300	300	0	0	92018	七夕之梦	YuYi_YY_TextQXZM	qixichibang
17	12	29376	20	10	25837	100	1000	3	6100	0	0	2040	0	2040	0	340	340	0	0	340	340	0	0	92018	七夕之梦	YuYi_YY_TextQXZM	qixichibang
17	13	33456	20	10	25837	100	1000	3	6670	0	0	2230	0	2230	0	380	380	0	0	380	380	0	0	92018	七夕之梦	YuYi_YY_TextQXZM	qixichibang
17	14	37672	20	10	25837	100	1000	3	7310	0	0	2440	0	2440	0	420	420	0	0	420	420	0	0	92018	七夕之梦	YuYi_YY_TextQXZM	qixichibang
17	15	40656	20	10	25837	100	1000	3	8010	0	0	2670	0	2670	0	460	460	0	0	460	460	0	0	92018	七夕之梦	YuYi_YY_TextQXZM	qixichibang
17	16	121968	20	10	25837	100	1000	3	8790	0	0	2930	0	2930	0	500	500	0	0	500	500	0	0	92018	七夕之梦	YuYi_YY_TextQXZM	qixichibang
17	17	162492	20	10	25837	100	1000	3	9650	0	0	3220	0	3220	0	540	540	0	0	540	540	0	0	92018	七夕之梦	YuYi_YY_TextQXZM	qixichibang
17	18	203280	20	10	25837	100	1000	3	10600	0	0	3540	0	3540	0	580	580	0	0	580	580	0	0	92018	七夕之梦	YuYi_YY_TextQXZM	qixichibang
17	19	235884	20	10	25837	100	1000	3	11620	0	0	3880	0	3880	0	620	620	0	0	620	620	0	0	92018	七夕之梦	YuYi_YY_TextQXZM	qixichibang
17	20	0	20	10	25837	100	1000	3	11820	0	0	4300	0	4300	0	680	680	0	0	680	680	0	0	92018	七夕之梦	YuYi_YY_TextQXZM	qixichibang
18	1	2400	20	10	25837	100	1000	3	1480	0	0	500	0	500	0	100	100	0	0	100	100	0	0	92019	圣光赐福	YuYi_YY_TextSGCF	shengguangcifu
18	2	2560	20	10	25837	100	1000	3	1630	0	0	550	0	550	0	110	110	0	0	110	110	0	0	92019	圣光赐福	YuYi_YY_TextSGCF	shengguangcifu
18	3	4800	20	10	25837	100	1000	3	1790	0	0	600	0	600	0	120	120	0	0	120	120	0	0	92019	圣光赐福	YuYi_YY_TextSGCF	shengguangcifu
18	4	7520	20	10	25837	100	1000	3	2030	0	0	680	0	680	0	130	130	0	0	130	130	0	0	92019	圣光赐福	YuYi_YY_TextSGCF	shengguangcifu
18	5	8540	20	10	25837	100	1000	3	2350	0	0	790	0	790	0	150	150	0	0	150	150	0	0	92019	圣光赐福	YuYi_YY_TextSGCF	shengguangcifu
18	6	10780	20	10	25837	100	1000	3	2740	0	0	920	0	920	0	170	170	0	0	170	170	0	0	92019	圣光赐福	YuYi_YY_TextSGCF	shengguangcifu
18	7	13020	20	10	25837	100	1000	3	3220	0	0	1080	0	1080	0	190	190	0	0	190	190	0	0	92019	圣光赐福	YuYi_YY_TextSGCF	shengguangcifu
18	8	14980	20	10	25837	100	1000	3	3780	0	0	1260	0	1260	0	210	210	0	0	210	210	0	0	92019	圣光赐福	YuYi_YY_TextSGCF	shengguangcifu
18	9	17220	20	10	25837	100	1000	3	4420	0	0	1480	0	1480	0	240	240	0	0	240	240	0	0	92019	圣光赐福	YuYi_YY_TextSGCF	shengguangcifu
18	10	20944	20	10	25837	100	1000	3	5140	0	0	1720	0	1720	0	270	270	0	0	270	270	0	0	92019	圣光赐福	YuYi_YY_TextSGCF	shengguangcifu
18	11	25160	20	10	25837	100	1000	3	5580	0	0	1860	0	1860	0	300	300	0	0	300	300	0	0	92019	圣光赐福	YuYi_YY_TextSGCF	shengguangcifu
18	12	29376	20	10	25837	100	1000	3	6100	0	0	2040	0	2040	0	340	340	0	0	340	340	0	0	92019	圣光赐福	YuYi_YY_TextSGCF	shengguangcifu
18	13	33456	20	10	25837	100	1000	3	6670	0	0	2230	0	2230	0	380	380	0	0	380	380	0	0	92019	圣光赐福	YuYi_YY_TextSGCF	shengguangcifu
18	14	37672	20	10	25837	100	1000	3	7310	0	0	2440	0	2440	0	420	420	0	0	420	420	0	0	92019	圣光赐福	YuYi_YY_TextSGCF	shengguangcifu
18	15	40656	20	10	25837	100	1000	3	8010	0	0	2670	0	2670	0	460	460	0	0	460	460	0	0	92019	圣光赐福	YuYi_YY_TextSGCF	shengguangcifu
18	16	121968	20	10	25837	100	1000	3	8790	0	0	2930	0	2930	0	500	500	0	0	500	500	0	0	92019	圣光赐福	YuYi_YY_TextSGCF	shengguangcifu
18	17	162492	20	10	25837	100	1000	3	9650	0	0	3220	0	3220	0	540	540	0	0	540	540	0	0	92019	圣光赐福	YuYi_YY_TextSGCF	shengguangcifu
18	18	203280	20	10	25837	100	1000	3	10600	0	0	3540	0	3540	0	580	580	0	0	580	580	0	0	92019	圣光赐福	YuYi_YY_TextSGCF	shengguangcifu
18	19	235884	20	10	25837	100	1000	3	11620	0	0	3880	0	3880	0	620	620	0	0	620	620	0	0	92019	圣光赐福	YuYi_YY_TextSGCF	shengguangcifu
18	20	0	20	10	25837	100	1000	3	11820	0	0	4300	0	4300	0	680	680	0	0	680	680	0	0	92019	圣光赐福	YuYi_YY_TextSGCF	shengguangcifu
19	1	2400	20	10	25837	100	1000	3	1480	0	0	500	0	500	0	100	100	0	0	100	100	0	0	92020	冰蓝雪舞	YuYi_YY_TextBLXW	binglanxuewu
19	2	2560	20	10	25837	100	1000	3	1630	0	0	550	0	550	0	110	110	0	0	110	110	0	0	92020	冰蓝雪舞	YuYi_YY_TextBLXW	binglanxuewu
19	3	4800	20	10	25837	100	1000	3	1790	0	0	600	0	600	0	120	120	0	0	120	120	0	0	92020	冰蓝雪舞	YuYi_YY_TextBLXW	binglanxuewu
19	4	7520	20	10	25837	100	1000	3	2030	0	0	680	0	680	0	130	130	0	0	130	130	0	0	92020	冰蓝雪舞	YuYi_YY_TextBLXW	binglanxuewu
19	5	8540	20	10	25837	100	1000	3	2350	0	0	790	0	790	0	150	150	0	0	150	150	0	0	92020	冰蓝雪舞	YuYi_YY_TextBLXW	binglanxuewu
19	6	10780	20	10	25837	100	1000	3	2740	0	0	920	0	920	0	170	170	0	0	170	170	0	0	92020	冰蓝雪舞	YuYi_YY_TextBLXW	binglanxuewu
19	7	13020	20	10	25837	100	1000	3	3220	0	0	1080	0	1080	0	190	190	0	0	190	190	0	0	92020	冰蓝雪舞	YuYi_YY_TextBLXW	binglanxuewu
19	8	14980	20	10	25837	100	1000	3	3780	0	0	1260	0	1260	0	210	210	0	0	210	210	0	0	92020	冰蓝雪舞	YuYi_YY_TextBLXW	binglanxuewu
19	9	17220	20	10	25837	100	1000	3	4420	0	0	1480	0	1480	0	240	240	0	0	240	240	0	0	92020	冰蓝雪舞	YuYi_YY_TextBLXW	binglanxuewu
19	10	20944	20	10	25837	100	1000	3	5140	0	0	1720	0	1720	0	270	270	0	0	270	270	0	0	92020	冰蓝雪舞	YuYi_YY_TextBLXW	binglanxuewu
19	11	25160	20	10	25837	100	1000	3	5580	0	0	1860	0	1860	0	300	300	0	0	300	300	0	0	92020	冰蓝雪舞	YuYi_YY_TextBLXW	binglanxuewu
19	12	29376	20	10	25837	100	1000	3	6100	0	0	2040	0	2040	0	340	340	0	0	340	340	0	0	92020	冰蓝雪舞	YuYi_YY_TextBLXW	binglanxuewu
19	13	33456	20	10	25837	100	1000	3	6670	0	0	2230	0	2230	0	380	380	0	0	380	380	0	0	92020	冰蓝雪舞	YuYi_YY_TextBLXW	binglanxuewu
19	14	37672	20	10	25837	100	1000	3	7310	0	0	2440	0	2440	0	420	420	0	0	420	420	0	0	92020	冰蓝雪舞	YuYi_YY_TextBLXW	binglanxuewu
19	15	40656	20	10	25837	100	1000	3	8010	0	0	2670	0	2670	0	460	460	0	0	460	460	0	0	92020	冰蓝雪舞	YuYi_YY_TextBLXW	binglanxuewu
19	16	121968	20	10	25837	100	1000	3	8790	0	0	2930	0	2930	0	500	500	0	0	500	500	0	0	92020	冰蓝雪舞	YuYi_YY_TextBLXW	binglanxuewu
19	17	162492	20	10	25837	100	1000	3	9650	0	0	3220	0	3220	0	540	540	0	0	540	540	0	0	92020	冰蓝雪舞	YuYi_YY_TextBLXW	binglanxuewu
19	18	203280	20	10	25837	100	1000	3	10600	0	0	3540	0	3540	0	580	580	0	0	580	580	0	0	92020	冰蓝雪舞	YuYi_YY_TextBLXW	binglanxuewu
19	19	235884	20	10	25837	100	1000	3	11620	0	0	3880	0	3880	0	620	620	0	0	620	620	0	0	92020	冰蓝雪舞	YuYi_YY_TextBLXW	binglanxuewu
19	20	0	20	10	25837	100	1000	3	11820	0	0	4300	0	4300	0	680	680	0	0	680	680	0	0	92020	冰蓝雪舞	YuYi_YY_TextBLXW	binglanxuewu
20	1	2400	20	10	25837	100	1000	3	1480	0	0	500	0	500	0	100	100	0	0	100	100	0	0	92021	海盗之翼	YuYi_YY_TextHDZY	haidaozhiyi
20	2	2560	20	10	25837	100	1000	3	1630	0	0	550	0	550	0	110	110	0	0	110	110	0	0	92021	海盗之翼	YuYi_YY_TextHDZY	haidaozhiyi
20	3	4800	20	10	25837	100	1000	3	1790	0	0	600	0	600	0	120	120	0	0	120	120	0	0	92021	海盗之翼	YuYi_YY_TextHDZY	haidaozhiyi
20	4	7520	20	10	25837	100	1000	3	2030	0	0	680	0	680	0	130	130	0	0	130	130	0	0	92021	海盗之翼	YuYi_YY_TextHDZY	haidaozhiyi
20	5	8540	20	10	25837	100	1000	3	2350	0	0	790	0	790	0	150	150	0	0	150	150	0	0	92021	海盗之翼	YuYi_YY_TextHDZY	haidaozhiyi
20	6	10780	20	10	25837	100	1000	3	2740	0	0	920	0	920	0	170	170	0	0	170	170	0	0	92021	海盗之翼	YuYi_YY_TextHDZY	haidaozhiyi
20	7	13020	20	10	25837	100	1000	3	3220	0	0	1080	0	1080	0	190	190	0	0	190	190	0	0	92021	海盗之翼	YuYi_YY_TextHDZY	haidaozhiyi
20	8	14980	20	10	25837	100	1000	3	3780	0	0	1260	0	1260	0	210	210	0	0	210	210	0	0	92021	海盗之翼	YuYi_YY_TextHDZY	haidaozhiyi
20	9	17220	20	10	25837	100	1000	3	4420	0	0	1480	0	1480	0	240	240	0	0	240	240	0	0	92021	海盗之翼	YuYi_YY_TextHDZY	haidaozhiyi
20	10	20944	20	10	25837	100	1000	3	5140	0	0	1720	0	1720	0	270	270	0	0	270	270	0	0	92021	海盗之翼	YuYi_YY_TextHDZY	haidaozhiyi
20	11	25160	20	10	25837	100	1000	3	5580	0	0	1860	0	1860	0	300	300	0	0	300	300	0	0	92021	海盗之翼	YuYi_YY_TextHDZY	haidaozhiyi
20	12	29376	20	10	25837	100	1000	3	6100	0	0	2040	0	2040	0	340	340	0	0	340	340	0	0	92021	海盗之翼	YuYi_YY_TextHDZY	haidaozhiyi
20	13	33456	20	10	25837	100	1000	3	6670	0	0	2230	0	2230	0	380	380	0	0	380	380	0	0	92021	海盗之翼	YuYi_YY_TextHDZY	haidaozhiyi
20	14	37672	20	10	25837	100	1000	3	7310	0	0	2440	0	2440	0	420	420	0	0	420	420	0	0	92021	海盗之翼	YuYi_YY_TextHDZY	haidaozhiyi
20	15	40656	20	10	25837	100	1000	3	8010	0	0	2670	0	2670	0	460	460	0	0	460	460	0	0	92021	海盗之翼	YuYi_YY_TextHDZY	haidaozhiyi
20	16	121968	20	10	25837	100	1000	3	8790	0	0	2930	0	2930	0	500	500	0	0	500	500	0	0	92021	海盗之翼	YuYi_YY_TextHDZY	haidaozhiyi
20	17	162492	20	10	25837	100	1000	3	9650	0	0	3220	0	3220	0	540	540	0	0	540	540	0	0	92021	海盗之翼	YuYi_YY_TextHDZY	haidaozhiyi
20	18	203280	20	10	25837	100	1000	3	10600	0	0	3540	0	3540	0	580	580	0	0	580	580	0	0	92021	海盗之翼	YuYi_YY_TextHDZY	haidaozhiyi
20	19	235884	20	10	25837	100	1000	3	11620	0	0	3880	0	3880	0	620	620	0	0	620	620	0	0	92021	海盗之翼	YuYi_YY_TextHDZY	haidaozhiyi
20	20	0	20	10	25837	100	1000	3	11820	0	0	4300	0	4300	0	680	680	0	0	680	680	0	0	92021	海盗之翼	YuYi_YY_TextHDZY	haidaozhiyi
21	1	2400	20	10	25837	100	1000	3	1480	0	0	500	0	500	0	100	100	0	0	100	100	0	0	92022	冰霜之翼	YuYi_YY_TextBSZY	bingshuangzhiyi
21	2	2560	20	10	25837	100	1000	3	1630	0	0	550	0	550	0	110	110	0	0	110	110	0	0	92022	冰霜之翼	YuYi_YY_TextBSZY	bingshuangzhiyi
21	3	4800	20	10	25837	100	1000	3	1790	0	0	600	0	600	0	120	120	0	0	120	120	0	0	92022	冰霜之翼	YuYi_YY_TextBSZY	bingshuangzhiyi
21	4	7520	20	10	25837	100	1000	3	2030	0	0	680	0	680	0	130	130	0	0	130	130	0	0	92022	冰霜之翼	YuYi_YY_TextBSZY	bingshuangzhiyi
21	5	8540	20	10	25837	100	1000	3	2350	0	0	790	0	790	0	150	150	0	0	150	150	0	0	92022	冰霜之翼	YuYi_YY_TextBSZY	bingshuangzhiyi
21	6	10780	20	10	25837	100	1000	3	2740	0	0	920	0	920	0	170	170	0	0	170	170	0	0	92022	冰霜之翼	YuYi_YY_TextBSZY	bingshuangzhiyi
21	7	13020	20	10	25837	100	1000	3	3220	0	0	1080	0	1080	0	190	190	0	0	190	190	0	0	92022	冰霜之翼	YuYi_YY_TextBSZY	bingshuangzhiyi
21	8	14980	20	10	25837	100	1000	3	3780	0	0	1260	0	1260	0	210	210	0	0	210	210	0	0	92022	冰霜之翼	YuYi_YY_TextBSZY	bingshuangzhiyi
21	9	17220	20	10	25837	100	1000	3	4420	0	0	1480	0	1480	0	240	240	0	0	240	240	0	0	92022	冰霜之翼	YuYi_YY_TextBSZY	bingshuangzhiyi
21	10	20944	20	10	25837	100	1000	3	5140	0	0	1720	0	1720	0	270	270	0	0	270	270	0	0	92022	冰霜之翼	YuYi_YY_TextBSZY	bingshuangzhiyi
21	11	25160	20	10	25837	100	1000	3	5580	0	0	1860	0	1860	0	300	300	0	0	300	300	0	0	92022	冰霜之翼	YuYi_YY_TextBSZY	bingshuangzhiyi
21	12	29376	20	10	25837	100	1000	3	6100	0	0	2040	0	2040	0	340	340	0	0	340	340	0	0	92022	冰霜之翼	YuYi_YY_TextBSZY	bingshuangzhiyi
21	13	33456	20	10	25837	100	1000	3	6670	0	0	2230	0	2230	0	380	380	0	0	380	380	0	0	92022	冰霜之翼	YuYi_YY_TextBSZY	bingshuangzhiyi
21	14	37672	20	10	25837	100	1000	3	7310	0	0	2440	0	2440	0	420	420	0	0	420	420	0	0	92022	冰霜之翼	YuYi_YY_TextBSZY	bingshuangzhiyi
21	15	40656	20	10	25837	100	1000	3	8010	0	0	2670	0	2670	0	460	460	0	0	460	460	0	0	92022	冰霜之翼	YuYi_YY_TextBSZY	bingshuangzhiyi
21	16	121968	20	10	25837	100	1000	3	8790	0	0	2930	0	2930	0	500	500	0	0	500	500	0	0	92022	冰霜之翼	YuYi_YY_TextBSZY	bingshuangzhiyi
21	17	162492	20	10	25837	100	1000	3	9650	0	0	3220	0	3220	0	540	540	0	0	540	540	0	0	92022	冰霜之翼	YuYi_YY_TextBSZY	bingshuangzhiyi
21	18	203280	20	10	25837	100	1000	3	10600	0	0	3540	0	3540	0	580	580	0	0	580	580	0	0	92022	冰霜之翼	YuYi_YY_TextBSZY	bingshuangzhiyi
21	19	235884	20	10	25837	100	1000	3	11620	0	0	3880	0	3880	0	620	620	0	0	620	620	0	0	92022	冰霜之翼	YuYi_YY_TextBSZY	bingshuangzhiyi
21	20	0	20	10	25837	100	1000	3	11820	0	0	4300	0	4300	0	680	680	0	0	680	680	0	0	92022	冰霜之翼	YuYi_YY_TextBSZY	bingshuangzhiyi
22	1	2400	20	10	25837	100	1000	3	1480	0	0	500	0	500	0	100	100	0	0	100	100	0	0	92023	死灵之翼	YuYi_YY_TextSLZY	silingzhiyi
22	2	2560	20	10	25837	100	1000	3	1630	0	0	550	0	550	0	110	110	0	0	110	110	0	0	92023	死灵之翼	YuYi_YY_TextSLZY	silingzhiyi
22	3	4800	20	10	25837	100	1000	3	1790	0	0	600	0	600	0	120	120	0	0	120	120	0	0	92023	死灵之翼	YuYi_YY_TextSLZY	silingzhiyi
22	4	7520	20	10	25837	100	1000	3	2030	0	0	680	0	680	0	130	130	0	0	130	130	0	0	92023	死灵之翼	YuYi_YY_TextSLZY	silingzhiyi
22	5	8540	20	10	25837	100	1000	3	2350	0	0	790	0	790	0	150	150	0	0	150	150	0	0	92023	死灵之翼	YuYi_YY_TextSLZY	silingzhiyi
22	6	10780	20	10	25837	100	1000	3	2740	0	0	920	0	920	0	170	170	0	0	170	170	0	0	92023	死灵之翼	YuYi_YY_TextSLZY	silingzhiyi
22	7	13020	20	10	25837	100	1000	3	3220	0	0	1080	0	1080	0	190	190	0	0	190	190	0	0	92023	死灵之翼	YuYi_YY_TextSLZY	silingzhiyi
22	8	14980	20	10	25837	100	1000	3	3780	0	0	1260	0	1260	0	210	210	0	0	210	210	0	0	92023	死灵之翼	YuYi_YY_TextSLZY	silingzhiyi
22	9	17220	20	10	25837	100	1000	3	4420	0	0	1480	0	1480	0	240	240	0	0	240	240	0	0	92023	死灵之翼	YuYi_YY_TextSLZY	silingzhiyi
22	10	20944	20	10	25837	100	1000	3	5140	0	0	1720	0	1720	0	270	270	0	0	270	270	0	0	92023	死灵之翼	YuYi_YY_TextSLZY	silingzhiyi
22	11	25160	20	10	25837	100	1000	3	5580	0	0	1860	0	1860	0	300	300	0	0	300	300	0	0	92023	死灵之翼	YuYi_YY_TextSLZY	silingzhiyi
22	12	29376	20	10	25837	100	1000	3	6100	0	0	2040	0	2040	0	340	340	0	0	340	340	0	0	92023	死灵之翼	YuYi_YY_TextSLZY	silingzhiyi
22	13	33456	20	10	25837	100	1000	3	6670	0	0	2230	0	2230	0	380	380	0	0	380	380	0	0	92023	死灵之翼	YuYi_YY_TextSLZY	silingzhiyi
22	14	37672	20	10	25837	100	1000	3	7310	0	0	2440	0	2440	0	420	420	0	0	420	420	0	0	92023	死灵之翼	YuYi_YY_TextSLZY	silingzhiyi
22	15	40656	20	10	25837	100	1000	3	8010	0	0	2670	0	2670	0	460	460	0	0	460	460	0	0	92023	死灵之翼	YuYi_YY_TextSLZY	silingzhiyi
22	16	121968	20	10	25837	100	1000	3	8790	0	0	2930	0	2930	0	500	500	0	0	500	500	0	0	92023	死灵之翼	YuYi_YY_TextSLZY	silingzhiyi
22	17	162492	20	10	25837	100	1000	3	9650	0	0	3220	0	3220	0	540	540	0	0	540	540	0	0	92023	死灵之翼	YuYi_YY_TextSLZY	silingzhiyi
22	18	203280	20	10	25837	100	1000	3	10600	0	0	3540	0	3540	0	580	580	0	0	580	580	0	0	92023	死灵之翼	YuYi_YY_TextSLZY	silingzhiyi
22	19	235884	20	10	25837	100	1000	3	11620	0	0	3880	0	3880	0	620	620	0	0	620	620	0	0	92023	死灵之翼	YuYi_YY_TextSLZY	silingzhiyi
22	20	0	20	10	25837	100	1000	3	11820	0	0	4300	0	4300	0	680	680	0	0	680	680	0	0	92023	死灵之翼	YuYi_YY_TextSLZY	silingzhiyi
23	1	2400	20	10	25837	100	1000	3	1480	0	0	500	0	500	0	100	100	0	0	100	100	0	0	92024	暖冬迷梦	YuYi_YY_TextNDMM	nuandongmimeng
23	2	2560	20	10	25837	100	1000	3	1630	0	0	550	0	550	0	110	110	0	0	110	110	0	0	92024	暖冬迷梦	YuYi_YY_TextNDMM	nuandongmimeng
23	3	4800	20	10	25837	100	1000	3	1790	0	0	600	0	600	0	120	120	0	0	120	120	0	0	92024	暖冬迷梦	YuYi_YY_TextNDMM	nuandongmimeng
23	4	7520	20	10	25837	100	1000	3	2030	0	0	680	0	680	0	130	130	0	0	130	130	0	0	92024	暖冬迷梦	YuYi_YY_TextNDMM	nuandongmimeng
23	5	8540	20	10	25837	100	1000	3	2350	0	0	790	0	790	0	150	150	0	0	150	150	0	0	92024	暖冬迷梦	YuYi_YY_TextNDMM	nuandongmimeng
23	6	10780	20	10	25837	100	1000	3	2740	0	0	920	0	920	0	170	170	0	0	170	170	0	0	92024	暖冬迷梦	YuYi_YY_TextNDMM	nuandongmimeng
23	7	13020	20	10	25837	100	1000	3	3220	0	0	1080	0	1080	0	190	190	0	0	190	190	0	0	92024	暖冬迷梦	YuYi_YY_TextNDMM	nuandongmimeng
23	8	14980	20	10	25837	100	1000	3	3780	0	0	1260	0	1260	0	210	210	0	0	210	210	0	0	92024	暖冬迷梦	YuYi_YY_TextNDMM	nuandongmimeng
23	9	17220	20	10	25837	100	1000	3	4420	0	0	1480	0	1480	0	240	240	0	0	240	240	0	0	92024	暖冬迷梦	YuYi_YY_TextNDMM	nuandongmimeng
23	10	20944	20	10	25837	100	1000	3	5140	0	0	1720	0	1720	0	270	270	0	0	270	270	0	0	92024	暖冬迷梦	YuYi_YY_TextNDMM	nuandongmimeng
23	11	25160	20	10	25837	100	1000	3	5580	0	0	1860	0	1860	0	300	300	0	0	300	300	0	0	92024	暖冬迷梦	YuYi_YY_TextNDMM	nuandongmimeng
23	12	29376	20	10	25837	100	1000	3	6100	0	0	2040	0	2040	0	340	340	0	0	340	340	0	0	92024	暖冬迷梦	YuYi_YY_TextNDMM	nuandongmimeng
23	13	33456	20	10	25837	100	1000	3	6670	0	0	2230	0	2230	0	380	380	0	0	380	380	0	0	92024	暖冬迷梦	YuYi_YY_TextNDMM	nuandongmimeng
23	14	37672	20	10	25837	100	1000	3	7310	0	0	2440	0	2440	0	420	420	0	0	420	420	0	0	92024	暖冬迷梦	YuYi_YY_TextNDMM	nuandongmimeng
23	15	40656	20	10	25837	100	1000	3	8010	0	0	2670	0	2670	0	460	460	0	0	460	460	0	0	92024	暖冬迷梦	YuYi_YY_TextNDMM	nuandongmimeng
23	16	121968	20	10	25837	100	1000	3	8790	0	0	2930	0	2930	0	500	500	0	0	500	500	0	0	92024	暖冬迷梦	YuYi_YY_TextNDMM	nuandongmimeng
23	17	162492	20	10	25837	100	1000	3	9650	0	0	3220	0	3220	0	540	540	0	0	540	540	0	0	92024	暖冬迷梦	YuYi_YY_TextNDMM	nuandongmimeng
23	18	203280	20	10	25837	100	1000	3	10600	0	0	3540	0	3540	0	580	580	0	0	580	580	0	0	92024	暖冬迷梦	YuYi_YY_TextNDMM	nuandongmimeng
23	19	235884	20	10	25837	100	1000	3	11620	0	0	3880	0	3880	0	620	620	0	0	620	620	0	0	92024	暖冬迷梦	YuYi_YY_TextNDMM	nuandongmimeng
23	20	0	20	10	25837	100	1000	3	11820	0	0	4300	0	4300	0	680	680	0	0	680	680	0	0	92024	暖冬迷梦	YuYi_YY_TextNDMM	nuandongmimeng
24	1	2400	20	10	25837	100	1000	3	1480	0	0	500	0	500	0	100	100	0	0	100	100	0	0	92025	鹏程万里	YuYi_YY_TextXYHY	xiaoyuanhuiyi
24	2	2560	20	10	25837	100	1000	3	1630	0	0	550	0	550	0	110	110	0	0	110	110	0	0	92025	鹏程万里	YuYi_YY_TextXYHY	xiaoyuanhuiyi
24	3	4800	20	10	25837	100	1000	3	1790	0	0	600	0	600	0	120	120	0	0	120	120	0	0	92025	鹏程万里	YuYi_YY_TextXYHY	xiaoyuanhuiyi
24	4	7520	20	10	25837	100	1000	3	2030	0	0	680	0	680	0	130	130	0	0	130	130	0	0	92025	鹏程万里	YuYi_YY_TextXYHY	xiaoyuanhuiyi
24	5	8540	20	10	25837	100	1000	3	2350	0	0	790	0	790	0	150	150	0	0	150	150	0	0	92025	鹏程万里	YuYi_YY_TextXYHY	xiaoyuanhuiyi
24	6	10780	20	10	25837	100	1000	3	2740	0	0	920	0	920	0	170	170	0	0	170	170	0	0	92025	鹏程万里	YuYi_YY_TextXYHY	xiaoyuanhuiyi
24	7	13020	20	10	25837	100	1000	3	3220	0	0	1080	0	1080	0	190	190	0	0	190	190	0	0	92025	鹏程万里	YuYi_YY_TextXYHY	xiaoyuanhuiyi
24	8	14980	20	10	25837	100	1000	3	3780	0	0	1260	0	1260	0	210	210	0	0	210	210	0	0	92025	鹏程万里	YuYi_YY_TextXYHY	xiaoyuanhuiyi
24	9	17220	20	10	25837	100	1000	3	4420	0	0	1480	0	1480	0	240	240	0	0	240	240	0	0	92025	鹏程万里	YuYi_YY_TextXYHY	xiaoyuanhuiyi
24	10	20944	20	10	25837	100	1000	3	5140	0	0	1720	0	1720	0	270	270	0	0	270	270	0	0	92025	鹏程万里	YuYi_YY_TextXYHY	xiaoyuanhuiyi
24	11	25160	20	10	25837	100	1000	3	5580	0	0	1860	0	1860	0	300	300	0	0	300	300	0	0	92025	鹏程万里	YuYi_YY_TextXYHY	xiaoyuanhuiyi
24	12	29376	20	10	25837	100	1000	3	6100	0	0	2040	0	2040	0	340	340	0	0	340	340	0	0	92025	鹏程万里	YuYi_YY_TextXYHY	xiaoyuanhuiyi
24	13	33456	20	10	25837	100	1000	3	6670	0	0	2230	0	2230	0	380	380	0	0	380	380	0	0	92025	鹏程万里	YuYi_YY_TextXYHY	xiaoyuanhuiyi
24	14	37672	20	10	25837	100	1000	3	7310	0	0	2440	0	2440	0	420	420	0	0	420	420	0	0	92025	鹏程万里	YuYi_YY_TextXYHY	xiaoyuanhuiyi
24	15	40656	20	10	25837	100	1000	3	8010	0	0	2670	0	2670	0	460	460	0	0	460	460	0	0	92025	鹏程万里	YuYi_YY_TextXYHY	xiaoyuanhuiyi
24	16	121968	20	10	25837	100	1000	3	8790	0	0	2930	0	2930	0	500	500	0	0	500	500	0	0	92025	鹏程万里	YuYi_YY_TextXYHY	xiaoyuanhuiyi
24	17	162492	20	10	25837	100	1000	3	9650	0	0	3220	0	3220	0	540	540	0	0	540	540	0	0	92025	鹏程万里	YuYi_YY_TextXYHY	xiaoyuanhuiyi
24	18	203280	20	10	25837	100	1000	3	10600	0	0	3540	0	3540	0	580	580	0	0	580	580	0	0	92025	鹏程万里	YuYi_YY_TextXYHY	xiaoyuanhuiyi
24	19	235884	20	10	25837	100	1000	3	11620	0	0	3880	0	3880	0	620	620	0	0	620	620	0	0	92025	鹏程万里	YuYi_YY_TextXYHY	xiaoyuanhuiyi
24	20	0	20	10	25837	100	1000	3	11820	0	0	4300	0	4300	0	680	680	0	0	680	680	0	0	92025	鹏程万里	YuYi_YY_TextXYHY	xiaoyuanhuiyi
