zjID	FBID	index	fbName	FbImg	sceneID	needLevel	posX	posY	Monster1	x1	y1	face1	reward1	camp1	fight1	Monster2	x2	y2	face2	reward2	camp2	fight2	Monster3	x3	y3	face3	reward3	camp3	fight3	mc1	mc2	mc3	rewardId	jlyl	ljyl
章节ID	副本ID	副本索引（在一个章节中副本类型的排列顺序）	副本名字	副本界面中的副本图标	副本场景ID	需要等级	进入x坐标	进入y坐标	怪物1	坐标x1	坐标y1	朝向1	奖励1	阵营1	战斗底图1	怪物2	坐标x2	坐标y2	朝向2	奖励2	阵营2	战斗底图2	怪物3	坐标x3	坐标y3	朝向3	奖励3	阵营3	战斗底图3	怪物配置1(怪物npc类型,坐标x,坐标y,朝向,奖励ID,战斗阵营id,战斗类型)	怪物配置2	怪物配置3	通关翻牌奖励ID	副本奖励预览（客户端显示）	龙晶预览（客户端显示）
1	1	1	龙人队长	FB_Yuan2	33	28	198	289	4001	481	685	0	11	11	21	4001	1035	796	0	12	12	21	4023	1367	600	0	13	13	21	(4001,481,685,0,11,11,21)	(4001,1035,796,0,12,12,21)	(4023,1367,600,0,13,13,21)	14	[25828,25676,35607]	[25681,3～12]
1	2	2	圣光祭司	5004	34	29	201	219	4002	550	226	0	15	21	22	4002	460	624	0	16	22	22	4024	1368	639	0	17	23	22	(4002,550,226,0,15,21,22)	(4002,460,624,0,16,22,22)	(4024,1368,639,0,17,23,22)	18	[25828,25676,35608]	[25681,3～12]
2	3	1	龙人法师	FB_Yuan2	35	30	512	782	4003	789	697	0	19	31	23	4003	1127	526	0	20	32	23	4025	1464	274	0	21	33	23	(4003,789,697,0,19,31,23)	(4003,1127,526,0,20,32,23)	(4025,1464,274,0,21,33,23)	22	[25828,25676,35607]	[25681,6～24]
2	4	2	死神残影	4023	36	30	238	1343	4004	733	1111	0	23	41	24	4004	1509	791	0	24	42	24	4026	1589	452	0	25	43	24	(4004,733,1111,0,23,41,24)	(4004,1509,791,0,24,42,24)	(4026,1589,452,0,25,43,24)	26	[25828,25676,35608]	[25681,6～24]
2	5	3	龙人祭司	FB_Yuan2	35	31	512	782	4005	789	697	0	27	51	23	4005	1127	526	0	28	52	23	4027	1464	274	0	29	53	23	(4005,789,697,0,27,51,23)	(4005,1127,526,0,28,52,23)	(4027,1464,274,0,29,53,23)	30	[25828,25676,35609]	[25681,6～24]
2	6	4	圣辉护卫	20002	36	31	238	1343	4006	733	1111	0	31	61	24	4006	1509	791	0	32	62	24	4028	1589	452	0	33	63	24	(4006,733,1111,0,31,61,24)	(4006,1509,791,0,32,62,24)	(4028,1589,452,0,33,63,24)	34	[25828,25676,35610]	[25681,6～24]
2	7	5	龙人勇士	FB_Yuan2	35	32	512	782	4007	789	697	0	35	71	23	4007	1127	526	0	36	72	23	4029	1464	274	0	37	73	23	(4007,789,697,0,35,71,23)	(4007,1127,526,0,36,72,23)	(4029,1464,274,0,37,73,23)	38	[25828,25676,35611]	[25681,6～24]
2	8	6	大法师	5003	36	32	238	1343	4008	733	1111	0	39	81	24	4008	1509	791	0	40	82	24	4030	1589	452	0	41	83	24	(4008,733,1111,0,39,81,24)	(4008,1509,791,0,40,82,24)	(4030,1589,452,0,41,83,24)	42	[25828,25676,35606]	[25681,6～24]
2	9	7	龙人弓手	FB_Yuan2	35	33	512	782	4009	789	697	0	43	91	23	4009	1127	526	0	44	92	23	4031	1464	274	0	45	93	23	(4009,789,697,0,43,91,23)	(4009,1127,526,0,44,92,23)	(4031,1464,274,0,45,93,23)	46	[25828,25676,35606]	[25681,6～24]
2	10	8	月光射手	FB_Yuan2	36	33	238	1343	4010	733	1111	0	47	101	24	4010	1509	791	0	48	102	24	4032	1589	452	0	49	103	24	(4010,733,1111,0,47,101,24)	(4010,1509,791,0,48,102,24)	(4032,1589,452,0,49,103,24)	50	[25828,25676,35607]	[25681,6～24]
2	11	9	迷之雷神	4016	35	34	512	782	4011	789	697	0	51	111	23	4011	1127	526	0	52	112	23	4033	1464	274	0	53	113	23	(4011,789,697,0,51,111,23)	(4011,1127,526,0,52,112,23)	(4033,1464,274,0,53,113,23)	54	[25828,25676,35608]	[25681,6～24]
2	12	10	圣光祭司	FB_Yuan2	36	34	238	1343	4012	733	1111	0	55	121	24	4012	1509	791	0	56	122	24	4034	1589	452	0	57	123	24	(4012,733,1111,0,55,121,24)	(4012,1509,791,0,56,122,24)	(4034,1589,452,0,57,123,24)	58	[25828,25676,35609]	[25681,6～24]
2	13	11	拉拉队长	FB_Yuan2	35	35	512	782	4013	789	697	0	59	131	23	4013	1127	526	0	60	132	23	4035	1464	274	0	61	133	23	(4013,789,697,0,59,131,23)	(4013,1127,526,0,60,132,23)	(4035,1464,274,0,61,133,23)	62	[25828,25676,35610]	[25681,9～36]
2	14	12	天空射手	4018	36	35	238	1343	4014	733	1111	0	63	141	24	4014	1509	791	0	64	142	24	4036	1589	452	0	65	143	24	(4014,733,1111,0,63,141,24)	(4014,1509,791,0,64,142,24)	(4036,1589,452,0,65,143,24)	66	[25828,25676,35611]	[25681,9～36]
2	15	13	龙人射手	FB_Yuan2	35	36	512	782	4015	789	697	0	67	151	23	4015	1127	526	0	68	152	23	4037	1464	274	0	69	153	23	(4015,789,697,0,67,151,23)	(4015,1127,526,0,68,152,23)	(4037,1464,274,0,69,153,23)	70	[25828,25676,35606]	[25681,9～36]
2	16	14	冠军骑士	FB_Yuan2	36	36	238	1343	4016	733	1111	0	71	161	24	4016	1509	791	0	72	162	24	4038	1589	452	0	73	163	24	(4016,733,1111,0,71,161,24)	(4016,1509,791,0,72,162,24)	(4038,1589,452,0,73,163,24)	74	[25828,25676,35606]	[25681,9～36]
2	17	15	正义天使	500	35	37	512	782	4017	789	697	0	75	171	23	4017	1127	526	0	76	172	23	4039	1464	274	0	77	173	23	(4017,789,697,0,75,171,23)	(4017,1127,526,0,76,172,23)	(4039,1464,274,0,77,173,23)	78	[25828,25676,35607]	[25681,9～36]
2	18	16	百花骑士	FB_Yuan2	36	37	238	1343	4018	733	1111	0	79	181	24	4018	1509	791	0	80	182	24	4040	1589	452	0	81	183	24	(4018,733,1111,0,79,181,24)	(4018,1509,791,0,80,182,24)	(4040,1589,452,0,81,183,24)	82	[25828,25676,35608]	[25681,9～36]
2	19	17	神圣祭司	FB_Yuan2	35	38	512	782	4019	789	697	0	83	191	23	4019	1127	526	0	84	192	23	4041	1464	274	0	85	193	23	(4019,789,697,0,83,191,23)	(4019,1127,526,0,84,192,23)	(4041,1464,274,0,85,193,23)	86	[25828,25676,35609]	[25681,9～36]
2	20	18	红袍女巫	5005	36	38	238	1343	4020	733	1111	0	87	201	24	4020	1509	791	0	88	202	24	4042	1589	452	0	89	203	24	(4020,733,1111,0,87,201,24)	(4020,1509,791,0,88,202,24)	(4042,1589,452,0,89,203,24)	90	[25828,25676,35610]	[25681,9～36]
2	21	19	龙人护卫	FB_Yuan2	35	39	512	782	4021	789	697	0	91	211	23	4021	1127	526	0	92	212	23	4043	1464	274	0	93	213	23	(4021,789,697,0,91,211,23)	(4021,1127,526,0,92,212,23)	(4043,1464,274,0,93,213,23)	94	[25828,25676,35611]	[25681,9～36]
2	22	20	绝美艳后	5006	36	39	238	1343	4022	733	1111	0	95	221	24	4022	1509	791	0	96	222	24	4044	1589	452	0	97	223	24	(4022,733,1111,0,95,221,24)	(4022,1509,791,0,96,222,24)	(4044,1589,452,0,97,223,24)	98	[25828,25676,35606]	[25681,9～36]
3	23	1	龙人勇者	FB_Yuan2	37	40	243	949	4001	507	840	0	99	231	25	4001	964	547	0	100	232	25	4045	1482	332	0	101	233	25	(4001,507,840,0,99,231,25)	(4001,964,547,0,100,232,25)	(4045,1482,332,0,101,233,25)	102	[25828,25677,25689]	[25682,9～36]
3	24	2	虔诚祭司	FB_Yuan2	38	41	385	1522	4002	725	1350	0	103	241	26	4002	1509	791	0	104	242	26	4046	2000	565	0	105	243	26	(4002,725,1350,0,103,241,26)	(4002,1509,791,0,104,242,26)	(4046,2000,565,0,105,243,26)	106	[25828,25677,25690]	[25682,9～36]
3	25	3	月光女神	FB_Yuan2	37	42	243	949	4003	507	840	0	107	251	25	4003	964	547	0	108	252	25	4047	1482	332	0	109	253	25	(4003,507,840,0,107,251,25)	(4003,964,547,0,108,252,25)	(4047,1482,332,0,109,253,25)	110	[25828,25677,25691]	[25682,9～36]
3	26	4	圣光女巫	5004	38	43	385	1522	4004	725	1350	0	111	261	26	4004	1509	791	0	112	262	26	4048	2000	565	0	113	263	26	(4004,725,1350,0,111,261,26)	(4004,1509,791,0,112,262,26)	(4048,2000,565,0,113,263,26)	114	[25828,25677,25692]	[25682,9～36]
3	27	5	龙人魔导	FB_Yuan2	37	44	243	949	4005	507	840	0	115	271	25	4005	964	547	0	116	272	25	4049	1482	332	0	117	273	25	(4005,507,840,0,115,271,25)	(4005,964,547,0,116,272,25)	(4049,1482,332,0,117,273,25)	118	[25828,25677,25693]	[25682,9～36]
3	28	6	御林铁卫	FB_Yuan2	38	45	385	1522	4006	725	1350	0	119	281	26	4006	1509	791	0	120	282	26	4050	2000	565	0	121	283	26	(4006,725,1350,0,119,281,26)	(4006,1509,791,0,120,282,26)	(4050,2000,565,0,121,283,26)	122	[25828,25677,25688]	[25682,9～36]
3	29	7	神女祭司	FB_Yuan2	37	46	243	949	4007	507	840	0	123	291	25	4007	964	547	0	124	292	25	4051	1482	332	0	125	293	25	(4007,507,840,0,123,291,25)	(4007,964,547,0,124,292,25)	(4051,1482,332,0,125,293,25)	126	[25828,25677,25688]	[25682,9～36]
3	30	8	雷神	4016	38	47	385	1522	4008	725	1350	0	127	301	26	4008	1509	791	0	128	302	26	4052	2000	565	0	129	303	26	(4008,725,1350,0,127,301,26)	(4008,1509,791,0,128,302,26)	(4052,2000,565,0,129,303,26)	130	[25828,25677,25689]	[25682,9～36]
3	31	9	圣辉守卫	FB_Yuan2	37	48	243	949	4009	507	840	0	131	311	25	4009	964	547	0	132	312	25	4053	1482	332	0	133	313	25	(4009,507,840,0,131,311,25)	(4009,964,547,0,132,312,25)	(4053,1482,332,0,133,313,25)	134	[25828,25677,25690]	[25682,9～36]
3	32	10	众神之王	FB_Yuan2	38	49	385	1522	4010	725	1350	0	135	321	26	4010	1509	791	0	136	322	26	4054	2000	565	0	137	323	26	(4010,725,1350,0,135,321,26)	(4010,1509,791,0,136,322,26)	(4054,2000,565,0,137,323,26)	138	[25828,25677,25691]	[25682,9～36]
3	33	11	见习法师	FB_Yuan2	37	50	243	949	4011	507	840	0	139	331	25	4011	964	547	0	140	332	25	4055	1482	332	0	141	333	25	(4011,507,840,0,139,331,25)	(4011,964,547,0,140,332,25)	(4055,1482,332,0,141,333,25)	142	[25828,25677,25692]	[25682,18～72]
3	34	12	死神	4023	38	51	385	1522	4012	725	1350	0	143	341	26	4012	1509	791	0	144	342	26	4056	2000	565	0	145	343	26	(4012,725,1350,0,143,341,26)	(4012,1509,791,0,144,342,26)	(4056,2000,565,0,145,343,26)	146	[25828,25677,25693]	[25682,18～72]
3	35	13	圣光神女	FB_Yuan2	37	52	243	949	4013	507	840	0	147	351	25	4013	964	547	0	148	352	25	4057	1482	332	0	149	353	25	(4013,507,840,0,147,351,25)	(4013,964,547,0,148,352,25)	(4057,1482,332,0,149,353,25)	150	[25828,25677,25688]	[25682,18～72]
3	36	14	执法队长	FB_Yuan2	38	53	385	1522	4014	725	1350	0	151	361	26	4014	1509	791	0	152	362	26	4058	2000	565	0	153	363	26	(4014,725,1350,0,151,361,26)	(4014,1509,791,0,152,362,26)	(4058,2000,565,0,153,363,26)	154	[25828,25677,25688]	[25682,18～72]
3	37	15	顽固龙人	FB_Yuan2	37	54	243	949	4015	507	840	0	155	371	25	4015	964	547	0	156	372	25	4059	1482	332	0	157	373	25	(4015,507,840,0,155,371,25)	(4015,964,547,0,156,372,25)	(4059,1482,332,0,157,373,25)	158	[25828,25677,25689]	[25682,18～72]
3	38	16	红袍女巫	5005	38	55	385	1522	4016	725	1350	0	159	381	26	4016	1509	791	0	160	382	26	4060	2000	565	0	161	383	26	(4016,725,1350,0,159,381,26)	(4016,1509,791,0,160,382,26)	(4060,2000,565,0,161,383,26)	162	[25828,25677,25690]	[25682,18～72]
3	39	17	圣光祭司	FB_Yuan2	37	56	243	949	4017	507	840	0	163	391	25	4017	964	547	0	164	392	25	4061	1482	332	0	165	393	25	(4017,507,840,0,163,391,25)	(4017,964,547,0,164,392,25)	(4061,1482,332,0,165,393,25)	166	[25828,25677,25691]	[25682,18～72]
3	40	18	审判之箭	FB_Yuan2	38	57	385	1522	4018	725	1350	0	167	401	26	4018	1509	791	0	168	402	26	4062	2000	565	0	169	403	26	(4018,725,1350,0,167,401,26)	(4018,1509,791,0,168,402,26)	(4062,2000,565,0,169,403,26)	170	[25828,25677,25692]	[25682,18～72]
3	41	19	火之女巫	FB_Yuan2	37	58	243	949	4019	507	840	0	171	411	25	4019	964	547	0	172	412	25	4063	1482	332	0	173	413	25	(4019,507,840,0,171,411,25)	(4019,964,547,0,172,412,25)	(4063,1482,332,0,173,413,25)	174	[25828,25677,25693]	[25682,18～72]
3	42	20	血族剑姬	5001	38	59	385	1522	4020	725	1350	0	175	421	26	4020	1509	791	0	176	422	26	4064	2000	565	0	177	423	26	(4020,725,1350,0,175,421,26)	(4020,1509,791,0,176,422,26)	(4064,2000,565,0,177,423,26)	178	[25828,25677,25688]	[25682,18～72]
4	43	1	放哨士兵	FB_Yuan2	39	60	241	234	4021	473	591	0	179	431	27	4021	893	800	0	180	432	27	4065	1329	601	0	181	433	27	(4021,473,591,0,179,431,27)	(4021,893,800,0,180,432,27)	(4065,1329,601,0,181,433,27)	182	[25828,25678,25695]	[25683,9～36]
4	44	2	夺命剑姬	FB_Yuan2	40	61	236	234	4022	265	638	0	183	441	28	4022	748	687	0	184	442	28	4066	1287	441	0	185	443	28	(4022,265,638,0,183,441,28)	(4022,748,687,0,184,442,28)	(4066,1287,441,0,185,443,28)	186	[25828,25678,25696]	[25683,9～36]
4	45	3	守卫之剑	FB_Yuan2	39	62	241	234	4001	473	591	0	187	451	27	4001	893	800	0	188	452	27	4067	1329	601	0	189	453	27	(4001,473,591,0,187,451,27)	(4001,893,800,0,188,452,27)	(4067,1329,601,0,189,453,27)	190	[25828,25678,25697]	[25683,9～36]
4	46	4	神王残影	5008	40	63	236	234	4002	265	638	0	191	461	28	4002	748	687	0	192	462	28	4068	1287	441	0	193	463	28	(4002,265,638,0,191,461,28)	(4002,748,687,0,192,462,28)	(4068,1287,441,0,193,463,28)	194	[25828,25678,25698]	[25683,9～36]
4	47	5	守卫之手	FB_Yuan2	39	64	241	234	4003	473	591	0	195	471	27	4003	893	800	0	196	472	27	4069	1329	601	0	197	473	27	(4003,473,591,0,195,471,27)	(4003,893,800,0,196,472,27)	(4069,1329,601,0,197,473,27)	198	[25828,25678,25699]	[25683,9～36]
4	48	6	守卫之翼	FB_Yuan2	40	65	236	234	4004	265	638	0	199	481	28	4004	748	687	0	200	482	28	4070	1287	441	0	201	483	28	(4004,265,638,0,199,481,28)	(4004,748,687,0,200,482,28)	(4070,1287,441,0,201,483,28)	202	[25828,25678,25694]	[25683,9～36]
4	49	7	震怒雷神	FB_Yuan2	39	66	241	234	4005	473	591	0	203	491	27	4005	893	800	0	204	492	27	4071	1329	601	0	205	493	27	(4005,473,591,0,203,491,27)	(4005,893,800,0,204,492,27)	(4071,1329,601,0,205,493,27)	206	[25828,25678,25694]	[25683,9～36]
4	50	8	守卫之盾	FB_Yuan2	40	67	236	234	4006	265	638	0	207	501	28	4006	748	687	0	208	502	28	4072	1287	441	0	209	503	28	(4006,265,638,0,207,501,28)	(4006,748,687,0,208,502,28)	(4072,1287,441,0,209,503,28)	210	[25828,25678,25695]	[25683,9～36]
4	51	9	大法师	5003	39	68	241	234	4007	473	591	0	211	511	27	4007	893	800	0	212	512	27	4073	1329	601	0	213	513	27	(4007,473,591,0,211,511,27)	(4007,893,800,0,212,512,27)	(4073,1329,601,0,213,513,27)	214	[25828,25678,25696]	[25683,9～36]
4	52	10	虔诚火女	FB_Yuan2	40	69	236	234	4008	265	638	0	215	521	28	4008	748	687	0	216	522	28	4074	1287	441	0	217	523	28	(4008,265,638,0,215,521,28)	(4008,748,687,0,216,522,28)	(4074,1287,441,0,217,523,28)	218	[25828,25678,25697]	[25683,9～36]
4	53	11	审判之箭	FB_Yuan2	39	70	241	234	4009	473	591	0	219	531	27	4009	893	800	0	220	532	27	4075	1329	601	0	221	533	27	(4009,473,591,0,219,531,27)	(4009,893,800,0,220,532,27)	(4075,1329,601,0,221,533,27)	222	[25828,25678,25698]	[25683,18～72]
4	54	12	红衣祭司	FB_Yuan2	40	71	236	234	4010	265	638	0	223	541	28	4010	748	687	0	224	542	28	4076	1287	441	0	225	543	28	(4010,265,638,0,223,541,28)	(4010,748,687,0,224,542,28)	(4076,1287,441,0,225,543,28)	226	[25828,25678,25699]	[25683,18～72]
4	55	13	圣光法师	FB_Yuan2	39	72	241	234	4011	473	591	0	227	551	27	4011	893	800	0	228	552	27	4077	1329	601	0	229	553	27	(4011,473,591,0,227,551,27)	(4011,893,800,0,228,552,27)	(4077,1329,601,0,229,553,27)	230	[25828,25678,25694]	[25683,18～72]
4	56	14	红袍法师	5005	40	73	236	234	4012	265	638	0	231	561	28	4012	748	687	0	232	562	28	4078	1287	441	0	233	563	28	(4012,265,638,0,231,561,28)	(4012,748,687,0,232,562,28)	(4078,1287,441,0,233,563,28)	234	[25828,25678,25694]	[25683,18～72]
4	57	15	龙人总管	FB_Yuan2	39	74	241	234	4013	473	591	0	235	571	27	4013	893	800	0	236	572	27	4079	1329	601	0	237	573	27	(4013,473,591,0,235,571,27)	(4013,893,800,0,236,572,27)	(4079,1329,601,0,237,573,27)	238	[25828,25678,25695]	[25683,18～72]
4	58	16	审判天后	FB_Yuan2	40	75	236	234	4014	265	638	0	239	581	28	4014	748	687	0	240	582	28	4080	1287	441	0	241	583	28	(4014,265,638,0,239,581,28)	(4014,748,687,0,240,582,28)	(4080,1287,441,0,241,583,28)	242	[25828,25678,25696]	[25683,18～72]
4	59	17	龙人弓手	FB_Yuan2	39	76	241	234	4015	473	591	0	243	591	27	4015	893	800	0	244	592	27	4081	1329	601	0	245	593	27	(4015,473,591,0,243,591,27)	(4015,893,800,0,244,592,27)	(4081,1329,601,0,245,593,27)	246	[25828,25678,25697]	[25683,18～72]
4	60	18	圣辉之魂	FB_Yuan2	40	77	236	234	4016	265	638	0	247	601	28	4016	748	687	0	248	602	28	4082	1287	441	0	249	603	28	(4016,265,638,0,247,601,28)	(4016,748,687,0,248,602,28)	(4082,1287,441,0,249,603,28)	250	[25828,25678,25698]	[25683,18～72]
4	61	19	钢铁守卫	FB_Yuan2	39	78	241	234	4017	473	591	0	251	611	27	4017	893	800	0	252	612	27	4083	1329	601	0	253	613	27	(4017,473,591,0,251,611,27)	(4017,893,800,0,252,612,27)	(4083,1329,601,0,253,613,27)	254	[25828,25678,25699]	[25683,18～72]
4	62	20	地狱斧王	5009	40	79	236	234	4018	265	638	0	255	621	28	4018	748	687	0	256	622	28	4084	1287	441	0	257	623	28	(4018,265,638,0,255,621,28)	(4018,748,687,0,256,622,28)	(4084,1287,441,0,257,623,28)	258	[25828,25678,25694]	[25683,18～72]
5	63	1	龙魔导	FB_Yuan2	41	80	258	295	4019	658	321	0	259	631	29	4019	998	491	0	260	632	29	4085	1392	327	0	261	633	29	(4019,658,321,0,259,631,29)	(4019,998,491,0,260,632,29)	(4085,1392,327,0,261,633,29)	262	[25828,25679,25701]	[25684,9～36]
5	64	2	龙弓手	FB_Yuan2	42	81	161	383	4020	627	287	0	263	641	30	4020	1056	276	0	264	642	30	4086	1173	774	0	265	643	30	(4020,627,287,0,263,641,30)	(4020,1056,276,0,264,642,30)	(4086,1173,774,0,265,643,30)	266	[25828,25679,25702]	[25684,9～36]
5	65	3	幻术妖姬	5007	41	82	258	295	4021	658	321	0	267	651	29	4021	998	491	0	268	652	29	4087	1392	327	0	269	653	29	(4021,658,321,0,267,651,29)	(4021,998,491,0,268,652,29)	(4087,1392,327,0,269,653,29)	270	[25828,25679,25703]	[25684,9～36]
5	66	4	放哨黑手	FB_Yuan2	42	83	161	383	4022	627	287	0	271	661	30	4022	1056	276	0	272	662	30	4088	1173	774	0	273	663	30	(4022,627,287,0,271,661,30)	(4022,1056,276,0,272,662,30)	(4088,1173,774,0,273,663,30)	274	[25828,25679,25704]	[25684,9～36]
5	67	5	夺命灵手	FB_Yuan2	41	84	258	295	4001	658	321	0	275	671	29	4001	998	491	0	276	672	29	4089	1392	327	0	277	673	29	(4001,658,321,0,275,671,29)	(4001,998,491,0,276,672,29)	(4089,1392,327,0,277,673,29)	278	[25828,25679,25705]	[25684,9～36]
5	68	6	绝美艳后	5006	42	85	161	383	4002	627	287	0	279	681	30	4002	1056	276	0	280	682	30	4090	1173	774	0	281	683	30	(4002,627,287,0,279,681,30)	(4002,1056,276,0,280,682,30)	(4090,1173,774,0,281,683,30)	282	[25828,25679,25700]	[25684,9～36]
5	69	7	战斗骑士	FB_Yuan2	41	86	258	295	4003	658	321	0	283	691	29	4003	998	491	0	284	692	29	4091	1392	327	0	285	693	29	(4003,658,321,0,283,691,29)	(4003,998,491,0,284,692,29)	(4091,1392,327,0,285,693,29)	286	[25828,25679,25700]	[25684,9～36]
5	70	8	刀郎士	FB_Yuan2	42	87	161	383	4004	627	287	0	287	701	30	4004	1056	276	0	288	702	30	4092	1173	774	0	289	703	30	(4004,627,287,0,287,701,30)	(4004,1056,276,0,288,702,30)	(4092,1173,774,0,289,703,30)	290	[25828,25679,25701]	[25684,9～36]
5	71	9	战争之王	5002	41	88	258	295	4005	658	321	0	291	711	29	4005	998	491	0	292	712	29	4093	1392	327	0	293	713	29	(4005,658,321,0,291,711,29)	(4005,998,491,0,292,712,29)	(4093,1392,327,0,293,713,29)	294	[25828,25679,25702]	[25684,9～36]
5	72	10	媚祭祀	FB_Yuan2	42	89	161	383	4006	627	287	0	295	721	30	4006	1056	276	0	296	722	30	4094	1173	774	0	297	723	30	(4006,627,287,0,295,721,30)	(4006,1056,276,0,296,722,30)	(4094,1173,774,0,297,723,30)	298	[25828,25679,25703]	[25684,9～36]
5	73	11	杖魔导	FB_Yuan2	41	90	258	295	4007	658	321	0	299	731	29	4007	998	491	0	300	732	29	4095	1392	327	0	301	733	29	(4007,658,321,0,299,731,29)	(4007,998,491,0,300,732,29)	(4095,1392,327,0,301,733,29)	302	[25828,25679,25704]	[25684,18～72]
5	74	12	天空射手	4018	42	91	161	383	4008	627	287	0	303	741	30	4008	1056	276	0	304	742	30	4096	1173	774	0	305	743	30	(4008,627,287,0,303,741,30)	(4008,1056,276,0,304,742,30)	(4096,1173,774,0,305,743,30)	306	[25828,25679,25705]	[25684,18～72]
5	75	13	前锋士兵	FB_Yuan2	41	92	258	295	4009	658	321	0	307	751	29	4009	998	491	0	308	752	29	4097	1392	327	0	309	753	29	(4009,658,321,0,307,751,29)	(4009,998,491,0,308,752,29)	(4097,1392,327,0,309,753,29)	310	[25828,25679,25700]	[25684,18～72]
5	76	14	梦祭司	FB_Yuan2	42	93	161	383	4010	627	287	0	311	761	30	4010	1056	276	0	312	762	30	4098	1173	774	0	313	763	30	(4010,627,287,0,311,761,30)	(4010,1056,276,0,312,762,30)	(4098,1173,774,0,313,763,30)	314	[25828,25679,25700]	[25684,18～72]
5	77	15	太阳神	4028	41	94	258	295	4011	658	321	0	315	771	29	4011	998	491	0	316	772	29	4099	1392	327	0	317	773	29	(4011,658,321,0,315,771,29)	(4011,998,491,0,316,772,29)	(4099,1392,327,0,317,773,29)	318	[25828,25679,25701]	[25684,18～72]
5	78	16	天贤法师	FB_Yuan2	42	95	161	383	4012	627	287	0	319	781	30	4012	1056	276	0	320	782	30	4100	1173	774	0	321	783	30	(4012,627,287,0,319,781,30)	(4012,1056,276,0,320,782,30)	(4100,1173,774,0,321,783,30)	322	[25828,25679,25702]	[25684,18～72]
5	79	17	幻天死神	FB_Yuan2	41	96	258	295	4013	658	321	0	323	791	29	4013	998	491	0	324	792	29	4101	1392	327	0	325	793	29	(4013,658,321,0,323,791,29)	(4013,998,491,0,324,792,29)	(4101,1392,327,0,325,793,29)	326	[25828,25679,25703]	[25684,18～72]
5	80	18	烈焰女神	5011	42	97	161	383	4014	627	287	0	327	801	30	4014	1056	276	0	328	802	30	4102	1173	774	0	329	803	30	(4014,627,287,0,327,801,30)	(4014,1056,276,0,328,802,30)	(4102,1173,774,0,329,803,30)	330	[25828,25679,25704]	[25684,18～72]
5	81	19	钢铁守卫	FB_Yuan2	41	98	258	295	4015	658	321	0	331	811	29	4015	998	491	0	332	812	29	4103	1392	327	0	333	813	29	(4015,658,321,0,331,811,29)	(4015,998,491,0,332,812,29)	(4103,1392,327,0,333,813,29)	334	[25828,25679,25705]	[25684,18～72]
5	82	20	审判天使	40051	42	99	161	383	4016	627	287	0	335	821	30	4016	1056	276	0	336	822	30	4104	1173	774	0	337	823	30	(4016,627,287,0,335,821,30)	(4016,1056,276,0,336,822,30)	(4104,1173,774,0,337,823,30)	338	[25828,25679,25700]	[25684,18～72]
6	83	1	失职甲兵	FB_Yuan2	33	100	198	289	4017	481	685	0	339	831	21	4017	1035	796	0	340	832	21	4105	1367	600	0	341	833	21	(4017,481,685,0,339,831,21)	(4017,1035,796,0,340,832,21)	(4105,1367,600,0,341,833,21)	342	[25828,25680,25707]	[25685,9～36]
6	84	2	潜逃铁卫	FB_Yuan2	34	101	201	219	4018	800	314	0	343	841	22	4018	1143	327	0	344	842	22	4106	1368	639	0	345	843	22	(4018,800,314,0,343,841,22)	(4018,1143,327,0,344,842,22)	(4106,1368,639,0,345,843,22)	346	[25828,25680,25708]	[25685,9～36]
6	85	3	玲珑魔导	FB_Yuan2	33	102	198	289	4019	481	685	0	347	851	21	4019	1035	796	0	348	852	21	4107	1367	600	0	349	853	21	(4019,481,685,0,347,851,21)	(4019,1035,796,0,348,852,21)	(4107,1367,600,0,349,853,21)	350	[25828,25680,25709]	[25685,9～36]
6	86	4	正义天使	500	34	103	201	219	4020	800	314	0	351	861	22	4020	1143	327	0	352	862	22	4108	1368	639	0	353	863	22	(4020,800,314,0,351,861,22)	(4020,1143,327,0,352,862,22)	(4108,1368,639,0,353,863,22)	354	[25828,25680,25710]	[25685,9～36]
6	87	5	执法队员	FB_Yuan2	33	104	198	289	4021	481	685	0	355	871	21	4021	1035	796	0	356	872	21	4109	1367	600	0	357	873	21	(4021,481,685,0,355,871,21)	(4021,1035,796,0,356,872,21)	(4109,1367,600,0,357,873,21)	358	[25828,25680,25711]	[25685,9～36]
6	88	6	城中队长	FB_Yuan2	34	105	201	219	4022	800	314	0	359	881	22	4022	1143	327	0	360	882	22	4110	1368	639	0	361	883	22	(4022,800,314,0,359,881,22)	(4022,1143,327,0,360,882,22)	(4110,1368,639,0,361,883,22)	362	[25828,25680,25706]	[25685,9～36]
6	89	7	城管守卫	20006	33	106	198	289	4001	481	685	0	363	891	21	4001	1035	796	0	364	892	21	4111	1367	600	0	365	893	21	(4001,481,685,0,363,891,21)	(4001,1035,796,0,364,892,21)	(4111,1367,600,0,365,893,21)	366	[25828,25680,25706]	[25685,9～36]
6	90	8	刀锋士兵	FB_Yuan2	34	107	201	219	4002	800	314	0	367	901	22	4002	1143	327	0	368	902	22	4112	1368	639	0	369	903	22	(4002,800,314,0,367,901,22)	(4002,1143,327,0,368,902,22)	(4112,1368,639,0,369,903,22)	370	[25828,25680,25707]	[25685,9～36]
6	91	9	索菲亚	FB_Yuan2	33	108	198	289	4003	481	685	0	371	911	21	4003	1035	796	0	372	912	21	4113	1367	600	0	373	913	21	(4003,481,685,0,371,911,21)	(4003,1035,796,0,372,912,21)	(4113,1367,600,0,373,913,21)	374	[25828,25680,25708]	[25685,9～36]
6	92	10	圣光祭司	5004	34	109	201	219	4004	800	314	0	375	921	22	4004	1143	327	0	376	922	22	4114	1368	639	0	377	923	22	(4004,800,314,0,375,921,22)	(4004,1143,327,0,376,922,22)	(4114,1368,639,0,377,923,22)	378	[25828,25680,25709]	[25685,9～36]
6	93	11	离魂护卫	FB_Yuan2	33	110	198	289	4005	481	685	0	379	931	21	4005	1035	796	0	380	932	21	4115	1367	600	0	381	933	21	(4005,481,685,0,379,931,21)	(4005,1035,796,0,380,932,21)	(4115,1367,600,0,381,933,21)	382	[25828,25680,25710]	[25685,18～72]
6	94	12	梦魇天后	FB_Yuan2	34	111	201	219	4006	800	314	0	383	941	22	4006	1143	327	0	384	942	22	4116	1368	639	0	385	943	22	(4006,800,314,0,383,941,22)	(4006,1143,327,0,384,942,22)	(4116,1368,639,0,385,943,22)	386	[25828,25680,25711]	[25685,18～72]
6	95	13	太阳神	4028	33	112	198	289	4007	481	685	0	387	951	21	4007	1035	796	0	388	952	21	4117	1367	600	0	389	953	21	(4007,481,685,0,387,951,21)	(4007,1035,796,0,388,952,21)	(4117,1367,600,0,389,953,21)	390	[25828,25680,25706]	[25685,18～72]
6	96	14	审判之箭	FB_Yuan2	34	113	201	219	4008	800	314	0	391	961	22	4008	1143	327	0	392	962	22	4118	1368	639	0	393	963	22	(4008,800,314,0,391,961,22)	(4008,1143,327,0,392,962,22)	(4118,1368,639,0,393,963,22)	394	[25828,25680,25706]	[25685,18～72]
6	97	15	红衣祭司	FB_Yuan2	33	114	198	289	4009	481	685	0	395	971	21	4009	1035	796	0	396	972	21	4119	1367	600	0	397	973	21	(4009,481,685,0,395,971,21)	(4009,1035,796,0,396,972,21)	(4119,1367,600,0,397,973,21)	398	[25828,25680,25707]	[25685,18～72]
6	98	16	阿精	FB_Yuan2	34	115	201	219	4010	800	314	0	399	981	22	4010	1143	327	0	400	982	22	4120	1368	639	0	401	983	22	(4010,800,314,0,399,981,22)	(4010,1143,327,0,400,982,22)	(4120,1368,639,0,401,983,22)	402	[25828,25680,25708]	[25685,18～72]
6	99	17	阿细	FB_Yuan2	33	116	198	289	4011	481	685	0	403	991	21	4011	1035	796	0	404	992	21	4121	1367	600	0	405	993	21	(4011,481,685,0,403,991,21)	(4011,1035,796,0,404,992,21)	(4121,1367,600,0,405,993,21)	406	[25828,25680,25709]	[25685,18～72]
6	100	18	城管守卫	20006	34	117	201	219	4012	800	314	0	407	1001	22	4012	1143	327	0	408	1002	22	4122	1368	639	0	409	1003	22	(4012,800,314,0,407,1001,22)	(4012,1143,327,0,408,1002,22)	(4122,1368,639,0,409,1003,22)	410	[25828,25680,25710]	[25685,18～72]
6	101	19	钢铁守卫	FB_Yuan2	33	118	198	289	4013	481	685	0	411	1011	21	4013	1035	796	0	412	1012	21	4123	1367	600	0	413	1013	21	(4013,481,685,0,411,1011,21)	(4013,1035,796,0,412,1012,21)	(4123,1367,600,0,413,1013,21)	414	[25828,25680,25711]	[25685,18～72]
6	102	20	寒冰女巫	5010	34	119	201	219	4014	800	314	0	415	1021	22	4014	1143	327	0	416	1022	22	4124	1368	639	0	417	1023	22	(4014,800,314,0,415,1021,22)	(4014,1143,327,0,416,1022,22)	(4124,1368,639,0,417,1023,22)	418	[25828,25680,25706]	[25685,18～72]
7	103	1	小龙人	FB_Yuan2	72	120	512	782	4015	789	697	0	419	1031	23	4015	1127	526	0	420	1032	23	4125	1464	274	0	421	1033	23	(4015,789,697,0,419,1031,23)	(4015,1127,526,0,420,1032,23)	(4125,1464,274,0,421,1033,23)	422	[25828,26500,26514]	[25686,9～36]
7	104	2	龙兵	FB_Yuan2	73	121	238	1343	4016	733	1111	0	423	1041	24	4016	1509	791	0	424	1042	24	4126	1589	452	0	425	1043	24	(4016,733,1111,0,423,1041,24)	(4016,1509,791,0,424,1042,24)	(4126,1589,452,0,425,1043,24)	426	[25828,26500,26515]	[25686,9～36]
7	105	3	寒冰女巫	5010	72	122	512	782	4017	789	697	0	427	1051	23	4017	1127	526	0	428	1052	23	4127	1464	274	0	429	1053	23	(4017,789,697,0,427,1051,23)	(4017,1127,526,0,428,1052,23)	(4127,1464,274,0,429,1053,23)	430	[25828,26500,26516]	[25686,9～36]
7	106	4	龙总管	FB_Yuan2	73	123	238	1343	4018	733	1111	0	431	1061	24	4018	1509	791	0	432	1062	24	4128	1589	452	0	433	1063	24	(4018,733,1111,0,431,1061,24)	(4018,1509,791,0,432,1062,24)	(4128,1589,452,0,433,1063,24)	434	[25828,26500,26517]	[25686,9～36]
7	107	5	龙弓手	FB_Yuan2	72	124	512	782	4019	789	697	0	435	1071	23	4019	1127	526	0	436	1072	23	4129	1464	274	0	437	1073	23	(4019,789,697,0,435,1071,23)	(4019,1127,526,0,436,1072,23)	(4129,1464,274,0,437,1073,23)	438	[25828,26500,26518]	[25686,9～36]
7	108	6	审判天使	40051	73	125	238	1343	4020	733	1111	0	439	1081	24	4020	1509	791	0	440	1082	24	4130	1589	452	0	441	1083	24	(4020,733,1111,0,439,1081,24)	(4020,1509,791,0,440,1082,24)	(4130,1589,452,0,441,1083,24)	442	[25828,26500,26513]	[25686,9～36]
7	109	7	红衣祭司	FB_Yuan2	72	126	512	782	4021	789	697	0	443	1091	23	4021	1127	526	0	444	1092	23	4131	1464	274	0	445	1093	23	(4021,789,697,0,443,1091,23)	(4021,1127,526,0,444,1092,23)	(4131,1464,274,0,445,1093,23)	446	[25828,26500,26513]	[25686,9～36]
7	110	8	天空射手	FB_Yuan2	73	127	238	1343	4022	733	1111	0	447	1101	24	4022	1509	791	0	448	1102	24	4132	1589	452	0	449	1103	24	(4022,733,1111,0,447,1101,24)	(4022,1509,791,0,448,1102,24)	(4132,1589,452,0,449,1103,24)	450	[25828,26500,26514]	[25686,9～36]
7	111	9	圣辉护卫	FB_Yuan2	72	128	512	782	4001	789	697	0	451	1111	23	4001	1127	526	0	452	1112	23	4133	1464	274	0	453	1113	23	(4001,789,697,0,451,1111,23)	(4001,1127,526,0,452,1112,23)	(4133,1464,274,0,453,1113,23)	454	[25828,26500,26515]	[25686,9～36]
7	112	10	哈雷	FB_Yuan2	73	129	238	1343	4002	733	1111	0	455	1121	24	4002	1509	791	0	456	1122	24	4134	1589	452	0	457	1123	24	(4002,733,1111,0,455,1121,24)	(4002,1509,791,0,456,1122,24)	(4134,1589,452,0,457,1123,24)	458	[25828,26500,26516]	[25686,9～36]
7	113	11	绝美艳后	5006	72	130	512	782	4003	789	697	0	459	1131	23	4003	1127	526	0	460	1132	23	4135	1464	274	0	461	1133	23	(4003,789,697,0,459,1131,23)	(4003,1127,526,0,460,1132,23)	(4135,1464,274,0,461,1133,23)	462	[25828,26500,26517]	[25686,18～72]
7	114	12	执法士兵	FB_Yuan2	73	131	238	1343	4004	733	1111	0	463	1141	24	4004	1509	791	0	464	1142	24	4136	1589	452	0	465	1143	24	(4004,733,1111,0,463,1141,24)	(4004,1509,791,0,464,1142,24)	(4136,1589,452,0,465,1143,24)	466	[25828,26500,26518]	[25686,18～72]
7	115	13	城中士兵	FB_Yuan2	72	132	512	782	4005	789	697	0	467	1151	23	4005	1127	526	0	468	1152	23	4137	1464	274	0	469	1153	23	(4005,789,697,0,467,1151,23)	(4005,1127,526,0,468,1152,23)	(4137,1464,274,0,469,1153,23)	470	[25828,26500,26513]	[25686,18～72]
7	116	14	刀锋战士	FB_Yuan2	73	133	238	1343	4006	733	1111	0	471	1161	24	4006	1509	791	0	472	1162	24	4138	1589	452	0	473	1163	24	(4006,733,1111,0,471,1161,24)	(4006,1509,791,0,472,1162,24)	(4138,1589,452,0,473,1163,24)	474	[25828,26500,26513]	[25686,18～72]
7	117	15	屠龙剑圣	5014	72	134	512	782	4007	789	697	0	475	1171	23	4007	1127	526	0	476	1172	23	4139	1464	274	0	477	1173	23	(4007,789,697,0,475,1171,23)	(4007,1127,526,0,476,1172,23)	(4139,1464,274,0,477,1173,23)	478	[25828,26500,26514]	[25686,18～72]
7	118	16	放哨者	FB_Yuan2	73	135	238	1343	4008	733	1111	0	479	1181	24	4008	1509	791	0	480	1182	24	4140	1589	452	0	481	1183	24	(4008,733,1111,0,479,1181,24)	(4008,1509,791,0,480,1182,24)	(4140,1589,452,0,481,1183,24)	482	[25828,26500,26515]	[25686,18～72]
7	119	17	夺命手	FB_Yuan2	72	136	512	782	4009	789	697	0	483	1191	23	4009	1127	526	0	484	1192	23	4141	1464	274	0	485	1193	23	(4009,789,697,0,483,1191,23)	(4009,1127,526,0,484,1192,23)	(4141,1464,274,0,485,1193,23)	486	[25828,26500,26516]	[25686,18～72]
7	120	18	守卫者	FB_Yuan2	73	137	238	1343	4010	733	1111	0	487	1201	24	4010	1509	791	0	488	1202	24	4142	1589	452	0	489	1203	24	(4010,733,1111,0,487,1201,24)	(4010,1509,791,0,488,1202,24)	(4142,1589,452,0,489,1203,24)	490	[25828,26500,26517]	[25686,18～72]
7	121	19	雷神	FB_Yuan2	72	138	512	782	4011	789	697	0	491	1211	23	4011	1127	526	0	492	1212	23	4143	1464	274	0	493	1213	23	(4011,789,697,0,491,1211,23)	(4011,1127,526,0,492,1212,23)	(4143,1464,274,0,493,1213,23)	494	[25828,26500,26518]	[25686,18～72]
7	122	20	天堂圣使	5015	73	139	238	1343	4012	733	1111	0	495	1221	24	4012	1509	791	0	496	1222	24	4144	1589	452	0	497	1223	24	(4012,733,1111,0,495,1221,24)	(4012,1509,791,0,496,1222,24)	(4144,1589,452,0,497,1223,24)	498	[25828,26500,26513]	[25686,18～72]
8	123	1	死亡守卫	FB_Yuan2	74	140	243	949	4013	507	840	0	499	1231	25	4013	964	547	0	500	1232	25	4145	1482	332	0	501	1233	25	(4013,507,840,0,499,1231,25)	(4013,964,547,0,500,1232,25)	(4145,1482,332,0,501,1233,25)	502	[25828,27067,27058]	[26607,9～36]
8	124	2	死亡勇士	FB_Yuan2	75	141	385	1522	4014	725	1350	0	503	1241	26	4014	1509	791	0	504	1242	26	4146	2000	565	0	505	1243	26	(4014,725,1350,0,503,1241,26)	(4014,1509,791,0,504,1242,26)	(4146,2000,565,0,505,1243,26)	506	[25828,27067,27059]	[26607,9～36]
8	125	3	骷髅王	5018	74	142	243	949	4015	507	840	0	507	1251	25	4015	964	547	0	508	1252	25	4147	1482	332	0	509	1253	25	(4015,507,840,0,507,1251,25)	(4015,964,547,0,508,1252,25)	(4147,1482,332,0,509,1253,25)	510	[25828,27067,27060]	[26607,9～36]
8	126	4	圣城守卫	FB_Yuan2	75	143	385	1522	4016	725	1350	0	511	1261	26	4016	1509	791	0	512	1262	26	4148	2000	565	0	513	1263	26	(4016,725,1350,0,511,1261,26)	(4016,1509,791,0,512,1262,26)	(4148,2000,565,0,513,1263,26)	514	[25828,27067,27061]	[26607,9～36]
8	127	5	圣城勇士	FB_Yuan2	74	144	243	949	4017	507	840	0	515	1271	25	4017	964	547	0	516	1272	25	4149	1482	332	0	517	1273	25	(4017,507,840,0,515,1271,25)	(4017,964,547,0,516,1272,25)	(4149,1482,332,0,517,1273,25)	518	[25828,27067,27062]	[26607,9～36]
8	128	6	神王之子	5016	75	145	385	1522	4018	725	1350	0	519	1281	26	4018	1509	791	0	520	1282	26	4150	2000	565	0	521	1283	26	(4018,725,1350,0,519,1281,26)	(4018,1509,791,0,520,1282,26)	(4150,2000,565,0,521,1283,26)	522	[25828,27067,27057]	[26607,9～36]
8	129	7	红衣祭司	5005	74	146	243	949	4019	507	840	0	523	1291	25	4019	964	547	0	524	1292	25	4151	1482	332	0	525	1293	25	(4019,507,840,0,523,1291,25)	(4019,964,547,0,524,1292,25)	(4151,1482,332,0,525,1293,25)	526	[25828,27067,27057]	[26607,9～36]
8	130	8	绝美艳后	FB_Yuan2	75	147	385	1522	4020	725	1350	0	527	1301	26	4020	1509	791	0	528	1302	26	4152	2000	565	0	529	1303	26	(4020,725,1350,0,527,1301,26)	(4020,1509,791,0,528,1302,26)	(4152,2000,565,0,529,1303,26)	530	[25828,27067,27058]	[26607,9～36]
8	131	9	圣辉护卫	FB_Yuan2	74	148	243	949	4021	507	840	0	531	1311	25	4021	964	547	0	532	1312	25	4153	1482	332	0	533	1313	25	(4021,507,840,0,531,1311,25)	(4021,964,547,0,532,1312,25)	(4153,1482,332,0,533,1313,25)	534	[25828,27067,27059]	[26607,9～36]
8	132	10	雷神	4016	75	149	385	1522	4022	725	1350	0	535	1321	26	4022	1509	791	0	536	1322	26	4154	2000	565	0	537	1323	26	(4022,725,1350,0,535,1321,26)	(4022,1509,791,0,536,1322,26)	(4154,2000,565,0,537,1323,26)	538	[25828,27067,27060]	[26607,9～36]
8	133	11	月之祭司	5017	74	150	243	949	4001	507	840	0	539	1331	25	4001	964	547	0	540	1332	25	4155	1482	332	0	541	1333	25	(4001,507,840,0,539,1331,25)	(4001,964,547,0,540,1332,25)	(4155,1482,332,0,541,1333,25)	542	[25828,27067,27061]	[26607,18～72]
8	134	12	龙统领	FB_Yuan2	75	151	385	1522	4002	725	1350	0	543	1341	26	4002	1509	791	0	544	1342	26	4156	2000	565	0	545	1343	26	(4002,725,1350,0,543,1341,26)	(4002,1509,791,0,544,1342,26)	(4156,2000,565,0,545,1343,26)	546	[25828,27067,27062]	[26607,18～72]
8	135	13	龙射手	FB_Yuan2	74	152	243	949	4003	507	840	0	547	1351	25	4003	964	547	0	548	1352	25	4157	1482	332	0	549	1353	25	(4003,507,840,0,547,1351,25)	(4003,964,547,0,548,1352,25)	(4157,1482,332,0,549,1353,25)	550	[25828,27067,27057]	[26607,18～72]
8	136	14	刀锋勇士	FB_Yuan2	75	153	385	1522	4004	725	1350	0	551	1361	26	4004	1509	791	0	552	1362	26	4158	2000	565	0	553	1363	26	(4004,725,1350,0,551,1361,26)	(4004,1509,791,0,552,1362,26)	(4158,2000,565,0,553,1363,26)	554	[25828,27067,27057]	[26607,18～72]
8	137	15	太阳神	4028	74	154	243	949	4005	507	840	0	555	1371	25	4005	964	547	0	556	1372	25	4159	1482	332	0	557	1373	25	(4005,507,840,0,555,1371,25)	(4005,964,547,0,556,1372,25)	(4159,1482,332,0,557,1373,25)	558	[25828,27067,27058]	[26607,18～72]
8	138	16	精英死亡守卫	FB_Yuan2	75	155	385	1522	4006	725	1350	0	559	1381	26	4006	1509	791	0	560	1382	26	4160	2000	565	0	561	1383	26	(4006,725,1350,0,559,1381,26)	(4006,1509,791,0,560,1382,26)	(4160,2000,565,0,561,1383,26)	562	[25828,27067,27059]	[26607,18～72]
8	139	17	精英死亡勇士	FB_Yuan2	74	156	243	949	4007	507	840	0	563	1391	25	4007	964	547	0	564	1392	25	4161	1482	332	0	565	1393	25	(4007,507,840,0,563,1391,25)	(4007,964,547,0,564,1392,25)	(4161,1482,332,0,565,1393,25)	566	[25828,27067,27060]	[26607,18～72]
8	140	18	精英圣城守卫	FB_Yuan2	75	157	385	1522	4008	725	1350	0	567	1401	26	4008	1509	791	0	568	1402	26	4162	2000	565	0	569	1403	26	(4008,725,1350,0,567,1401,26)	(4008,1509,791,0,568,1402,26)	(4162,2000,565,0,569,1403,26)	570	[25828,27067,27061]	[26607,18～72]
8	141	19	精英圣城勇士	FB_Yuan2	74	158	243	949	4009	507	840	0	571	1411	25	4009	964	547	0	572	1412	25	4163	1482	332	0	573	1413	25	(4009,507,840,0,571,1411,25)	(4009,964,547,0,572,1412,25)	(4163,1482,332,0,573,1413,25)	574	[25828,27067,27062]	[26607,18～72]
8	142	20	精英骷髅王	5018	75	159	385	1522	4010	725	1350	0	575	1421	26	4010	1509	791	0	576	1422	26	4164	2000	565	0	577	1423	26	(4010,725,1350,0,575,1421,26)	(4010,1509,791,0,576,1422,26)	(4164,2000,565,0,577,1423,26)	578	[25828,27067,27057]	[26607,18～72]
9	143	1	精灵士兵	FB_Yuan2	74	160	243	949	4011	507	840	0	579	1431	25	4011	964	547	0	580	1432	25	4165	1482	332	0	581	1433	25	(4011,507,840,0,579,1431,25)	(4011,964,547,0,580,1432,25)	(4165,1482,332,0,581,1433,25)	582	[25828,27926,27908]	[27066,9～36]
9	144	2	精灵守卫	FB_Yuan2	75	161	385	1522	4012	725	1350	0	583	1441	26	4012	1509	791	0	584	1442	26	4166	2000	565	0	585	1443	26	(4012,725,1350,0,583,1441,26)	(4012,1509,791,0,584,1442,26)	(4166,2000,565,0,585,1443,26)	586	[25828,27926,27909]	[27066,9～36]
9	145	3	精灵勇士	FB_Yuan2	74	162	243	949	4013	507	840	0	587	1451	25	4013	964	547	0	588	1452	25	4167	1482	332	0	589	1453	25	(4013,507,840,0,587,1451,25)	(4013,964,547,0,588,1452,25)	(4167,1482,332,0,589,1453,25)	590	[25828,27926,27910]	[27066,9～36]
9	146	4	精灵铁卫	FB_Yuan2	75	163	385	1522	4014	725	1350	0	591	1461	26	4014	1509	791	0	592	1462	26	4168	2000	565	0	593	1463	26	(4014,725,1350,0,591,1461,26)	(4014,1509,791,0,592,1462,26)	(4168,2000,565,0,593,1463,26)	594	[25828,27926,27911]	[27066,9～36]
9	147	5	红袍法师	5005	74	164	243	949	4015	507	840	0	595	1471	25	4015	964	547	0	596	1472	25	4169	1482	332	0	597	1473	25	(4015,507,840,0,595,1471,25)	(4015,964,547,0,596,1472,25)	(4169,1482,332,0,597,1473,25)	598	[25828,27926,27912]	[27066,9～36]
9	148	6	精灵统领	FB_Yuan2	75	165	385	1522	4016	725	1350	0	599	1481	26	4016	1509	791	0	600	1482	26	4170	2000	565	0	601	1483	26	(4016,725,1350,0,599,1481,26)	(4016,1509,791,0,600,1482,26)	(4170,2000,565,0,601,1483,26)	602	[25828,27926,27907]	[27066,9～36]
9	149	7	精灵射手	FB_Yuan2	74	166	243	949	4017	507	840	0	603	1491	25	4017	964	547	0	604	1492	25	4171	1482	332	0	605	1493	25	(4017,507,840,0,603,1491,25)	(4017,964,547,0,604,1492,25)	(4171,1482,332,0,605,1493,25)	606	[25828,27926,27907]	[27066,9～36]
9	150	8	堕落天使	5022	75	167	385	1522	4018	725	1350	0	607	1501	26	4018	1509	791	0	608	1502	26	4172	2000	565	0	609	1503	26	(4018,725,1350,0,607,1501,26)	(4018,1509,791,0,608,1502,26)	(4172,2000,565,0,609,1503,26)	610	[25828,27926,27908]	[27066,9～36]
9	151	9	龙护卫	FB_Yuan2	74	168	243	949	4019	507	840	0	611	1511	25	4019	964	547	0	612	1512	25	4173	1482	332	0	613	1513	25	(4019,507,840,0,611,1511,25)	(4019,964,547,0,612,1512,25)	(4173,1482,332,0,613,1513,25)	614	[25828,27926,27909]	[27066,9～36]
9	152	10	龙弓手	FB_Yuan2	75	169	385	1522	4020	725	1350	0	615	1521	26	4020	1509	791	0	616	1522	26	4174	2000	565	0	617	1523	26	(4020,725,1350,0,615,1521,26)	(4020,1509,791,0,616,1522,26)	(4174,2000,565,0,617,1523,26)	618	[25828,27926,27910]	[27066,9～36]
9	153	11	战神熊猫	5020	74	170	243	949	4021	507	840	0	619	1531	25	4021	964	547	0	620	1532	25	4175	1482	332	0	621	1533	25	(4021,507,840,0,619,1531,25)	(4021,964,547,0,620,1532,25)	(4175,1482,332,0,621,1533,25)	622	[25828,27926,27911]	[27066,18～72]
9	154	12	前锋勇士	FB_Yuan2	75	171	385	1522	4022	725	1350	0	623	1541	26	4022	1509	791	0	624	1542	26	4176	2000	565	0	625	1543	26	(4022,725,1350,0,623,1541,26)	(4022,1509,791,0,624,1542,26)	(4176,2000,565,0,625,1543,26)	626	[25828,27926,27912]	[27066,18～72]
9	155	13	前锋护卫	FB_Yuan2	74	172	243	949	4001	507	840	0	627	1551	25	4001	964	547	0	628	1552	25	4177	1482	332	0	629	1553	25	(4001,507,840,0,627,1551,25)	(4001,964,547,0,628,1552,25)	(4177,1482,332,0,629,1553,25)	630	[25828,27926,27907]	[27066,18～72]
9	156	14	审判天使	40051	75	173	385	1522	4002	725	1350	0	631	1561	26	4002	1509	791	0	632	1562	26	4178	2000	565	0	633	1563	26	(4002,725,1350,0,631,1561,26)	(4002,1509,791,0,632,1562,26)	(4178,2000,565,0,633,1563,26)	634	[25828,27926,27907]	[27066,18～72]
9	157	15	刀锋战士	FB_Yuan2	74	174	243	949	4003	507	840	0	635	1571	25	4003	964	547	0	636	1572	25	4179	1482	332	0	637	1573	25	(4003,507,840,0,635,1571,25)	(4003,964,547,0,636,1572,25)	(4179,1482,332,0,637,1573,25)	638	[25828,27926,27908]	[27066,18～72]
9	158	16	刀锋队长	FB_Yuan2	75	175	385	1522	4004	725	1350	0	639	1581	26	4004	1509	791	0	640	1582	26	4180	2000	565	0	641	1583	26	(4004,725,1350,0,639,1581,26)	(4004,1509,791,0,640,1582,26)	(4180,2000,565,0,641,1583,26)	642	[25828,27926,27909]	[27066,18～72]
9	159	17	天堂圣使	5015	74	176	243	949	4005	507	840	0	643	1591	25	4005	964	547	0	644	1592	25	4181	1482	332	0	645	1593	25	(4005,507,840,0,643,1591,25)	(4005,964,547,0,644,1592,25)	(4181,1482,332,0,645,1593,25)	646	[25828,27926,27910]	[27066,18～72]
9	160	18	钢铁勇士	FB_Yuan2	75	177	385	1522	4006	725	1350	0	647	1601	26	4006	1509	791	0	648	1602	26	4182	2000	565	0	649	1603	26	(4006,725,1350,0,647,1601,26)	(4006,1509,791,0,648,1602,26)	(4182,2000,565,0,649,1603,26)	650	[25828,27926,27911]	[27066,18～72]
9	161	19	钢铁守卫	FB_Yuan2	74	178	243	949	4007	507	840	0	651	1611	25	4007	964	547	0	652	1612	25	4183	1482	332	0	653	1613	25	(4007,507,840,0,651,1611,25)	(4007,964,547,0,652,1612,25)	(4183,1482,332,0,653,1613,25)	654	[25828,27926,27912]	[27066,18～72]
9	162	20	死亡骑士	5021	75	179	385	1522	4008	725	1350	0	655	1621	26	4008	1509	791	0	656	1622	26	4184	2000	565	0	657	1623	26	(4008,725,1350,0,655,1621,26)	(4008,1509,791,0,656,1622,26)	(4184,2000,565,0,657,1623,26)	658	[25828,27926,27907]	[27066,18～72]
