reward_Id	big_type	toll_gate_level	little_type	ifboss	money		rate1	itemcoding1	cnt1	rate2	itemcoding2	cnt2	rate3	itemcoding3	cnt3	rate4	itemcoding4	cnt4	rate5	itemcoding5	cnt5	rate6	itemcoding6	cnt6
奖励ID	大类	关卡级别	小类	(纯拉表用）是否BOSS	奖励金币		奖励物品概率	物品类型	物品数量	奖励物品概率	物品类型	物品数量	奖励物品概率	物品类型	物品数量	奖励物品概率	物品类型	物品数量	奖励物品概率	物品类型	物品数量	奖励物品概率	物品类型	物品数量
11	1	1	第一场战斗	0	0		9900	25681	1	100	35607	1	0	0	0	0	0	0	0	0	0	0	0	0
12	1	1	第二场战斗	0	0		9900	25681	1	100	35607	1	0	0	0	0	0	0	0	0	0	0	0	0
13	1	1	boss战斗	1	9375		9900	25681	1	100	35607	1	0	0	0	0	0	0	0	0	0	0	0	0
14	1	1	翻牌	0	0		6500	25681	1	2000	25681	2	1000	25681	4	250	35607	1	250	25676	1	500	25681	3
15	1	2	第一场战斗	0	0		9900	25681	1	100	35608	1	0	0	0	0	0	0	0	0	0	0	0	0
16	1	2	第二场战斗	0	0		9900	25681	1	100	35608	1	0	0	0	0	0	0	0	0	0	0	0	0
17	1	2	boss战斗	1	9375		9900	25681	1	100	35608	1	0	0	0	0	0	0	0	0	0	0	0	0
18	1	2	翻牌	0	0		6500	25681	1	2000	25681	2	1000	25681	4	250	35608	1	250	25676	1	500	25681	3
19	1	3	第一场战斗	0	0		9900	25681	2	100	35607	1	0	0	0	0	0	0	0	0	0	0	0	0
20	1	3	第二场战斗	0	0		9900	25681	2	100	35607	1	0	0	0	0	0	0	0	0	0	0	0	0
21	1	3	boss战斗	1	13125		9900	25681	2	100	35607	1	0	0	0	0	0	0	0	0	0	0	0	0
22	1	3	翻牌	0	0		6500	25681	2	2000	25681	4	1000	25681	8	250	35607	1	250	25676	2	500	25681	6
23	1	4	第一场战斗	0	0		9900	25681	2	100	35608	1	0	0	0	0	0	0	0	0	0	0	0	0
24	1	4	第二场战斗	0	0		9900	25681	2	100	35608	1	0	0	0	0	0	0	0	0	0	0	0	0
25	1	4	boss战斗	1	13125		9900	25681	2	100	35608	1	0	0	0	0	0	0	0	0	0	0	0	0
26	1	4	翻牌	0	0		6500	25681	2	2000	25681	4	1000	25681	8	250	35608	1	250	25676	2	500	25681	6
27	1	5	第一场战斗	0	0		9900	25681	2	100	35609	1	0	0	0	0	0	0	0	0	0	0	0	0
28	1	5	第二场战斗	0	0		9900	25681	2	100	35609	1	0	0	0	0	0	0	0	0	0	0	0	0
29	1	5	boss战斗	1	14250		9900	25681	2	100	35609	1	0	0	0	0	0	0	0	0	0	0	0	0
30	1	5	翻牌	0	0		6500	25681	2	2000	25681	4	1000	25681	8	250	35609	1	250	25676	2	500	25681	6
31	1	6	第一场战斗	0	0		9900	25681	2	100	35610	1	0	0	0	0	0	0	0	0	0	0	0	0
32	1	6	第二场战斗	0	0		9900	25681	2	100	35610	1	0	0	0	0	0	0	0	0	0	0	0	0
33	1	6	boss战斗	1	14250		9900	25681	2	100	35610	1	0	0	0	0	0	0	0	0	0	0	0	0
34	1	6	翻牌	0	0		6500	25681	2	2000	25681	4	1000	25681	8	250	35610	1	250	25676	2	500	25681	6
35	1	7	第一场战斗	0	0		9900	25681	2	100	35611	1	0	0	0	0	0	0	0	0	0	0	0	0
36	1	7	第二场战斗	0	0		9900	25681	2	100	35611	1	0	0	0	0	0	0	0	0	0	0	0	0
37	1	7	boss战斗	1	15375		9900	25681	2	100	35611	1	0	0	0	0	0	0	0	0	0	0	0	0
38	1	7	翻牌	0	0		6500	25681	2	2000	25681	4	1000	25681	8	250	35611	1	250	25676	2	500	25681	6
39	1	8	第一场战斗	0	0		9900	25681	2	100	35606	1	0	0	0	0	0	0	0	0	0	0	0	0
40	1	8	第二场战斗	0	0		9900	25681	2	100	35606	1	0	0	0	0	0	0	0	0	0	0	0	0
41	1	8	boss战斗	1	15375		9900	25681	2	100	35606	1	0	0	0	0	0	0	0	0	0	0	0	0
42	1	8	翻牌	0	0		6500	25681	2	2000	25681	4	1000	25681	8	250	35606	1	250	25676	2	500	25681	6
43	1	9	第一场战斗	0	0		9900	25681	2	100	35606	1	0	0	0	0	0	0	0	0	0	0	0	0
44	1	9	第二场战斗	0	0		9900	25681	2	100	35606	1	0	0	0	0	0	0	0	0	0	0	0	0
45	1	9	boss战斗	1	16500		9900	25681	2	100	35606	1	0	0	0	0	0	0	0	0	0	0	0	0
46	1	9	翻牌	0	0		6500	25681	2	2000	25681	4	1000	25681	8	250	35606	1	250	25676	2	500	25681	6
47	1	10	第一场战斗	0	0		9900	25681	2	100	35607	1	0	0	0	0	0	0	0	0	0	0	0	0
48	1	10	第二场战斗	0	0		9900	25681	2	100	35607	1	0	0	0	0	0	0	0	0	0	0	0	0
49	1	10	boss战斗	1	16500		9900	25681	2	100	35607	1	0	0	0	0	0	0	0	0	0	0	0	0
50	1	10	翻牌	0	0		6500	25681	2	2000	25681	4	1000	25681	8	250	35607	1	250	25676	2	500	25681	6
51	1	11	第一场战斗	0	0		9900	25681	2	100	35608	1	0	0	0	0	0	0	0	0	0	0	0	0
52	1	11	第二场战斗	0	0		9900	25681	2	100	35608	1	0	0	0	0	0	0	0	0	0	0	0	0
53	1	11	boss战斗	1	17625		9900	25681	2	100	35608	1	0	0	0	0	0	0	0	0	0	0	0	0
54	1	11	翻牌	0	0		6500	25681	2	2000	25681	4	1000	25681	8	250	35608	1	250	25676	2	500	25681	6
55	1	12	第一场战斗	0	0		9900	25681	2	100	35609	1	0	0	0	0	0	0	0	0	0	0	0	0
56	1	12	第二场战斗	0	0		9900	25681	2	100	35609	1	0	0	0	0	0	0	0	0	0	0	0	0
57	1	12	boss战斗	1	17625		9900	25681	2	100	35609	1	0	0	0	0	0	0	0	0	0	0	0	0
58	1	12	翻牌	0	0		6500	25681	2	2000	25681	4	1000	25681	8	250	35609	1	250	25676	2	500	25681	6
59	1	13	第一场战斗	0	0		9900	25681	3	100	35610	1	0	0	0	0	0	0	0	0	0	0	0	0
60	1	13	第二场战斗	0	0		9900	25681	3	100	35610	1	0	0	0	0	0	0	0	0	0	0	0	0
61	1	13	boss战斗	1	19875		9900	25681	3	100	35610	1	0	0	0	0	0	0	0	0	0	0	0	0
62	1	13	翻牌	0	0		6500	25681	3	2000	25681	6	1000	25681	12	250	35610	1	250	25676	3	500	25681	9
63	1	14	第一场战斗	0	0		9900	25681	3	100	35611	1	0	0	0	0	0	0	0	0	0	0	0	0
64	1	14	第二场战斗	0	0		9900	25681	3	100	35611	1	0	0	0	0	0	0	0	0	0	0	0	0
65	1	14	boss战斗	1	19875		9900	25681	3	100	35611	1	0	0	0	0	0	0	0	0	0	0	0	0
66	1	14	翻牌	0	0		6500	25681	3	2000	25681	6	1000	25681	12	250	35611	1	250	25676	3	500	25681	9
67	1	15	第一场战斗	0	0		9900	25681	3	100	35606	1	0	0	0	0	0	0	0	0	0	0	0	0
68	1	15	第二场战斗	0	0		9900	25681	3	100	35606	1	0	0	0	0	0	0	0	0	0	0	0	0
69	1	15	boss战斗	1	21000		9900	25681	3	100	35606	1	0	0	0	0	0	0	0	0	0	0	0	0
70	1	15	翻牌	0	0		6500	25681	3	2000	25681	6	1000	25681	12	250	35606	1	250	25676	3	500	25681	9
71	1	16	第一场战斗	0	0		9900	25681	3	100	35606	1	0	0	0	0	0	0	0	0	0	0	0	0
72	1	16	第二场战斗	0	0		9900	25681	3	100	35606	1	0	0	0	0	0	0	0	0	0	0	0	0
73	1	16	boss战斗	1	21000		9900	25681	3	100	35606	1	0	0	0	0	0	0	0	0	0	0	0	0
74	1	16	翻牌	0	0		6500	25681	3	2000	25681	6	1000	25681	12	250	35606	1	250	25676	3	500	25681	9
75	1	17	第一场战斗	0	0		9900	25681	3	100	35607	1	0	0	0	0	0	0	0	0	0	0	0	0
76	1	17	第二场战斗	0	0		9900	25681	3	100	35607	1	0	0	0	0	0	0	0	0	0	0	0	0
77	1	17	boss战斗	1	22125		9900	25681	3	100	35607	1	0	0	0	0	0	0	0	0	0	0	0	0
78	1	17	翻牌	0	0		6500	25681	3	2000	25681	6	1000	25681	12	250	35607	1	250	25676	3	500	25681	9
79	1	18	第一场战斗	0	0		9900	25681	3	100	35608	1	0	0	0	0	0	0	0	0	0	0	0	0
80	1	18	第二场战斗	0	0		9900	25681	3	100	35608	1	0	0	0	0	0	0	0	0	0	0	0	0
81	1	18	boss战斗	1	22125		9900	25681	3	100	35608	1	0	0	0	0	0	0	0	0	0	0	0	0
82	1	18	翻牌	0	0		6500	25681	3	2000	25681	6	1000	25681	12	250	35608	1	250	25676	3	500	25681	9
83	1	19	第一场战斗	0	0		9900	25681	3	100	35609	1	0	0	0	0	0	0	0	0	0	0	0	0
84	1	19	第二场战斗	0	0		9900	25681	3	100	35609	1	0	0	0	0	0	0	0	0	0	0	0	0
85	1	19	boss战斗	1	23250		9900	25681	3	100	35609	1	0	0	0	0	0	0	0	0	0	0	0	0
86	1	19	翻牌	0	0		6500	25681	3	2000	25681	6	1000	25681	12	250	35609	1	250	25676	3	500	25681	9
87	1	20	第一场战斗	0	0		9900	25681	3	100	35610	1	0	0	0	0	0	0	0	0	0	0	0	0
88	1	20	第二场战斗	0	0		9900	25681	3	100	35610	1	0	0	0	0	0	0	0	0	0	0	0	0
89	1	20	boss战斗	1	23250		9900	25681	3	100	35610	1	0	0	0	0	0	0	0	0	0	0	0	0
90	1	20	翻牌	0	0		6500	25681	3	2000	25681	6	1000	25681	12	250	35610	1	250	25676	3	500	25681	9
91	1	21	第一场战斗	0	0		9900	25681	3	100	35611	1	0	0	0	0	0	0	0	0	0	0	0	0
92	1	21	第二场战斗	0	0		9900	25681	3	100	35611	1	0	0	0	0	0	0	0	0	0	0	0	0
93	1	21	boss战斗	1	24375		9900	25681	3	100	35611	1	0	0	0	0	0	0	0	0	0	0	0	0
94	1	21	翻牌	0	0		6500	25681	3	2000	25681	6	1000	25681	12	250	35611	1	250	25676	3	500	25681	9
95	1	22	第一场战斗	0	0		9900	25681	3	100	35606	1	0	0	0	0	0	0	0	0	0	0	0	0
96	1	22	第二场战斗	0	0		9900	25681	3	100	35606	1	0	0	0	0	0	0	0	0	0	0	0	0
97	1	22	boss战斗	1	24375		9900	25681	3	100	35606	1	0	0	0	0	0	0	0	0	0	0	0	0
98	1	22	翻牌	0	0		6500	25681	3	2000	25681	6	1000	25681	12	250	35606	1	250	25676	3	500	25681	9
99	1	23	第一场战斗	0	0		9950	25682	3	50	25689	1	0	0	0	0	0	0	0	0	0	0	0	0
100	1	23	第二场战斗	0	0		9950	25682	3	50	25689	1	0	0	0	0	0	0	0	0	0	0	0	0
101	1	23	boss战斗	1	25000		9950	25682	3	50	25689	1	0	0	0	0	0	0	0	0	0	0	0	0
102	1	23	翻牌	0	0		7200	25682	3	2000	25682	6	600	25682	12	100	25689	1	100	25677	1	300	25682	9
103	1	24	第一场战斗	0	0		9950	25682	3	50	25690	1	0	0	0	0	0	0	0	0	0	0	0	0
104	1	24	第二场战斗	0	0		9950	25682	3	50	25690	1	0	0	0	0	0	0	0	0	0	0	0	0
105	1	24	boss战斗	1	28125		9950	25682	3	50	25690	1	0	0	0	0	0	0	0	0	0	0	0	0
106	1	24	翻牌	0	0		7200	25682	3	2000	25682	6	600	25682	12	100	25690	1	100	25677	1	300	25682	9
107	1	25	第一场战斗	0	0		9950	25682	3	50	25691	1	0	0	0	0	0	0	0	0	0	0	0	0
108	1	25	第二场战斗	0	0		9950	25682	3	50	25691	1	0	0	0	0	0	0	0	0	0	0	0	0
109	1	25	boss战斗	1	31250		9950	25682	3	50	25691	1	0	0	0	0	0	0	0	0	0	0	0	0
110	1	25	翻牌	0	0		7200	25682	3	2000	25682	6	600	25682	12	100	25691	1	100	25677	1	300	25682	9
111	1	26	第一场战斗	0	0		9950	25682	3	50	25692	1	0	0	0	0	0	0	0	0	0	0	0	0
112	1	26	第二场战斗	0	0		9950	25682	3	50	25692	1	0	0	0	0	0	0	0	0	0	0	0	0
113	1	26	boss战斗	1	34375		9950	25682	3	50	25692	1	0	0	0	0	0	0	0	0	0	0	0	0
114	1	26	翻牌	0	0		7200	25682	3	2000	25682	6	600	25682	12	100	25692	1	100	25677	1	300	25682	9
115	1	27	第一场战斗	0	0		9950	25682	3	50	25693	1	0	0	0	0	0	0	0	0	0	0	0	0
116	1	27	第二场战斗	0	0		9950	25682	3	50	25693	1	0	0	0	0	0	0	0	0	0	0	0	0
117	1	27	boss战斗	1	37500		9950	25682	3	50	25693	1	0	0	0	0	0	0	0	0	0	0	0	0
118	1	27	翻牌	0	0		7200	25682	3	2000	25682	6	600	25682	12	100	25693	1	100	25677	1	300	25682	9
119	1	28	第一场战斗	0	0		9950	25682	3	50	25688	1	0	0	0	0	0	0	0	0	0	0	0	0
120	1	28	第二场战斗	0	0		9950	25682	3	50	25688	1	0	0	0	0	0	0	0	0	0	0	0	0
121	1	28	boss战斗	1	40625		9950	25682	3	50	25688	1	0	0	0	0	0	0	0	0	0	0	0	0
122	1	28	翻牌	0	0		7200	25682	3	2000	25682	6	600	25682	12	100	25688	1	100	25677	1	300	25682	9
123	1	29	第一场战斗	0	0		9950	25682	3	50	25688	1	0	0	0	0	0	0	0	0	0	0	0	0
124	1	29	第二场战斗	0	0		9950	25682	3	50	25688	1	0	0	0	0	0	0	0	0	0	0	0	0
125	1	29	boss战斗	1	43750		9950	25682	3	50	25688	1	0	0	0	0	0	0	0	0	0	0	0	0
126	1	29	翻牌	0	0		7200	25682	3	2000	25682	6	600	25682	12	100	25688	1	100	25677	1	300	25682	9
127	1	30	第一场战斗	0	0		9950	25682	3	50	25689	1	0	0	0	0	0	0	0	0	0	0	0	0
128	1	30	第二场战斗	0	0		9950	25682	3	50	25689	1	0	0	0	0	0	0	0	0	0	0	0	0
129	1	30	boss战斗	1	50000		9950	25682	3	50	25689	1	0	0	0	0	0	0	0	0	0	0	0	0
130	1	30	翻牌	0	0		7200	25682	3	2000	25682	6	600	25682	12	100	25689	1	100	25677	1	300	25682	9
131	1	31	第一场战斗	0	0		9950	25682	3	50	25690	1	0	0	0	0	0	0	0	0	0	0	0	0
132	1	31	第二场战斗	0	0		9950	25682	3	50	25690	1	0	0	0	0	0	0	0	0	0	0	0	0
133	1	31	boss战斗	1	56250		9950	25682	3	50	25690	1	0	0	0	0	0	0	0	0	0	0	0	0
134	1	31	翻牌	0	0		7200	25682	3	2000	25682	6	600	25682	12	100	25690	1	100	25677	1	300	25682	9
135	1	32	第一场战斗	0	0		9950	25682	3	50	25691	1	0	0	0	0	0	0	0	0	0	0	0	0
136	1	32	第二场战斗	0	0		9950	25682	3	50	25691	1	0	0	0	0	0	0	0	0	0	0	0	0
137	1	32	boss战斗	1	62500		9950	25682	3	50	25691	1	0	0	0	0	0	0	0	0	0	0	0	0
138	1	32	翻牌	0	0		7200	25682	3	2000	25682	6	600	25682	12	100	25691	1	100	25677	1	300	25682	9
139	1	33	第一场战斗	0	0		9950	25682	6	50	25692	1	0	0	0	0	0	0	0	0	0	0	0	0
140	1	33	第二场战斗	0	0		9950	25682	6	50	25692	1	0	0	0	0	0	0	0	0	0	0	0	0
141	1	33	boss战斗	1	68750		9950	25682	6	50	25692	1	0	0	0	0	0	0	0	0	0	0	0	0
142	1	33	翻牌	0	0		7200	25682	6	2000	25682	12	600	25682	24	100	25692	1	100	25677	2	300	25682	18
143	1	34	第一场战斗	0	0		9950	25682	6	50	25693	1	0	0	0	0	0	0	0	0	0	0	0	0
144	1	34	第二场战斗	0	0		9950	25682	6	50	25693	1	0	0	0	0	0	0	0	0	0	0	0	0
145	1	34	boss战斗	1	75000		9950	25682	6	50	25693	1	0	0	0	0	0	0	0	0	0	0	0	0
146	1	34	翻牌	0	0		7200	25682	6	2000	25682	12	600	25682	24	100	25693	1	100	25677	2	300	25682	18
147	1	35	第一场战斗	0	0		9950	25682	6	50	25688	1	0	0	0	0	0	0	0	0	0	0	0	0
148	1	35	第二场战斗	0	0		9950	25682	6	50	25688	1	0	0	0	0	0	0	0	0	0	0	0	0
149	1	35	boss战斗	1	81250		9950	25682	6	50	25688	1	0	0	0	0	0	0	0	0	0	0	0	0
150	1	35	翻牌	0	0		7200	25682	6	2000	25682	12	600	25682	24	100	25688	1	100	25677	2	300	25682	18
151	1	36	第一场战斗	0	0		9950	25682	6	50	25688	1	0	0	0	0	0	0	0	0	0	0	0	0
152	1	36	第二场战斗	0	0		9950	25682	6	50	25688	1	0	0	0	0	0	0	0	0	0	0	0	0
153	1	36	boss战斗	1	87500		9950	25682	6	50	25688	1	0	0	0	0	0	0	0	0	0	0	0	0
154	1	36	翻牌	0	0		7200	25682	6	2000	25682	12	600	25682	24	100	25688	1	100	25677	2	300	25682	18
155	1	37	第一场战斗	0	0		9950	25682	6	50	25689	1	0	0	0	0	0	0	0	0	0	0	0	0
156	1	37	第二场战斗	0	0		9950	25682	6	50	25689	1	0	0	0	0	0	0	0	0	0	0	0	0
157	1	37	boss战斗	1	93750		9950	25682	6	50	25689	1	0	0	0	0	0	0	0	0	0	0	0	0
158	1	37	翻牌	0	0		7200	25682	6	2000	25682	12	600	25682	24	100	25689	1	100	25677	2	300	25682	18
159	1	38	第一场战斗	0	0		9950	25682	6	50	25690	1	0	0	0	0	0	0	0	0	0	0	0	0
160	1	38	第二场战斗	0	0		9950	25682	6	50	25690	1	0	0	0	0	0	0	0	0	0	0	0	0
161	1	38	boss战斗	1	100000		9950	25682	6	50	25690	1	0	0	0	0	0	0	0	0	0	0	0	0
162	1	38	翻牌	0	0		7200	25682	6	2000	25682	12	600	25682	24	100	25690	1	100	25677	2	300	25682	18
163	1	39	第一场战斗	0	0		9950	25682	6	50	25691	1	0	0	0	0	0	0	0	0	0	0	0	0
164	1	39	第二场战斗	0	0		9950	25682	6	50	25691	1	0	0	0	0	0	0	0	0	0	0	0	0
165	1	39	boss战斗	1	106250		9950	25682	6	50	25691	1	0	0	0	0	0	0	0	0	0	0	0	0
166	1	39	翻牌	0	0		7200	25682	6	2000	25682	12	600	25682	24	100	25691	1	100	25677	2	300	25682	18
167	1	40	第一场战斗	0	0		9950	25682	6	50	25692	1	0	0	0	0	0	0	0	0	0	0	0	0
168	1	40	第二场战斗	0	0		9950	25682	6	50	25692	1	0	0	0	0	0	0	0	0	0	0	0	0
169	1	40	boss战斗	1	112500		9950	25682	6	50	25692	1	0	0	0	0	0	0	0	0	0	0	0	0
170	1	40	翻牌	0	0		7200	25682	6	2000	25682	12	600	25682	24	100	25692	1	100	25677	2	300	25682	18
171	1	41	第一场战斗	0	0		9950	25682	6	50	25693	1	0	0	0	0	0	0	0	0	0	0	0	0
172	1	41	第二场战斗	0	0		9950	25682	6	50	25693	1	0	0	0	0	0	0	0	0	0	0	0	0
173	1	41	boss战斗	1	118750		9950	25682	6	50	25693	1	0	0	0	0	0	0	0	0	0	0	0	0
174	1	41	翻牌	0	0		7200	25682	6	2000	25682	12	600	25682	24	100	25693	1	100	25677	2	300	25682	18
175	1	42	第一场战斗	0	0		9950	25682	6	50	25688	1	0	0	0	0	0	0	0	0	0	0	0	0
176	1	42	第二场战斗	0	0		9950	25682	6	50	25688	1	0	0	0	0	0	0	0	0	0	0	0	0
177	1	42	boss战斗	1	125000		9950	25682	6	50	25688	1	0	0	0	0	0	0	0	0	0	0	0	0
178	1	42	翻牌	0	0		7200	25682	6	2000	25682	12	600	25682	24	100	25688	1	100	25677	2	300	25682	18
179	1	43	第一场战斗	0	0		9950	25683	3	50	25695	1	0	0	0	0	0	0	0	0	0	0	0	0
180	1	43	第二场战斗	0	0		9950	25683	3	50	25695	1	0	0	0	0	0	0	0	0	0	0	0	0
181	1	43	boss战斗	1	125625		9950	25683	3	50	25695	1	0	0	0	0	0	0	0	0	0	0	0	0
182	1	43	翻牌	0	0		7200	25683	3	2000	25683	6	600	25683	12	100	25695	1	100	25678	1	300	25683	9
183	1	44	第一场战斗	0	0		9950	25683	3	50	25696	1	0	0	0	0	0	0	0	0	0	0	0	0
184	1	44	第二场战斗	0	0		9950	25683	3	50	25696	1	0	0	0	0	0	0	0	0	0	0	0	0
185	1	44	boss战斗	1	126250		9950	25683	3	50	25696	1	0	0	0	0	0	0	0	0	0	0	0	0
186	1	44	翻牌	0	0		7200	25683	3	2000	25683	6	600	25683	12	100	25696	1	100	25678	1	300	25683	9
187	1	45	第一场战斗	0	0		9950	25683	3	200	25697	1	0	0	0	0	0	0	0	0	0	0	0	0
188	1	45	第二场战斗	0	0		9950	25683	3	200	25697	1	0	0	0	0	0	0	0	0	0	0	0	0
189	1	45	boss战斗	1	126875		9950	25683	3	200	25697	1	0	0	0	0	0	0	0	0	0	0	0	0
190	1	45	翻牌	0	0		7200	25683	3	2000	25683	6	600	25683	12	100	25697	1	100	25678	1	300	25683	9
191	1	46	第一场战斗	0	0		9950	25683	3	50	25698	1	0	0	0	0	0	0	0	0	0	0	0	0
192	1	46	第二场战斗	0	0		9950	25683	3	50	25698	1	0	0	0	0	0	0	0	0	0	0	0	0
193	1	46	boss战斗	1	127500		9950	25683	3	50	25698	1	0	0	0	0	0	0	0	0	0	0	0	0
194	1	46	翻牌	0	0		7200	25683	3	2000	25683	6	600	25683	12	100	25698	1	100	25678	1	300	25683	9
195	1	47	第一场战斗	0	0		9950	25683	3	50	25699	1	0	0	0	0	0	0	0	0	0	0	0	0
196	1	47	第二场战斗	0	0		9950	25683	3	50	25699	1	0	0	0	0	0	0	0	0	0	0	0	0
197	1	47	boss战斗	1	128125		9950	25683	3	50	25699	1	0	0	0	0	0	0	0	0	0	0	0	0
198	1	47	翻牌	0	0		7200	25683	3	2000	25683	6	600	25683	12	100	25699	1	100	25678	1	300	25683	9
199	1	48	第一场战斗	0	0		9950	25683	3	50	25694	1	0	0	0	0	0	0	0	0	0	0	0	0
200	1	48	第二场战斗	0	0		9950	25683	3	50	25694	1	0	0	0	0	0	0	0	0	0	0	0	0
201	1	48	boss战斗	1	128750		9950	25683	3	50	25694	1	0	0	0	0	0	0	0	0	0	0	0	0
202	1	48	翻牌	0	0		7200	25683	3	2000	25683	6	600	25683	12	100	25694	1	100	25678	1	300	25683	9
203	1	49	第一场战斗	0	0		9950	25683	3	50	25694	1	0	0	0	0	0	0	0	0	0	0	0	0
204	1	49	第二场战斗	0	0		9950	25683	3	50	25694	1	0	0	0	0	0	0	0	0	0	0	0	0
205	1	49	boss战斗	1	129375		9950	25683	3	50	25694	1	0	0	0	0	0	0	0	0	0	0	0	0
206	1	49	翻牌	0	0		7200	25683	3	2000	25683	6	600	25683	12	100	25694	1	100	25678	1	300	25683	9
207	1	50	第一场战斗	0	0		9950	25683	3	50	25695	1	0	0	0	0	0	0	0	0	0	0	0	0
208	1	50	第二场战斗	0	0		9950	25683	3	50	25695	1	0	0	0	0	0	0	0	0	0	0	0	0
209	1	50	boss战斗	1	130000		9950	25683	3	50	25695	1	0	0	0	0	0	0	0	0	0	0	0	0
210	1	50	翻牌	0	0		7200	25683	3	2000	25683	6	600	25683	12	100	25695	1	100	25678	1	300	25683	9
211	1	51	第一场战斗	0	0		9950	25683	3	50	25696	1	0	0	0	0	0	0	0	0	0	0	0	0
212	1	51	第二场战斗	0	0		9950	25683	3	50	25696	1	0	0	0	0	0	0	0	0	0	0	0	0
213	1	51	boss战斗	1	130625		9950	25683	3	50	25696	1	0	0	0	0	0	0	0	0	0	0	0	0
214	1	51	翻牌	0	0		7200	25683	3	2000	25683	6	600	25683	12	100	25696	1	100	25678	1	300	25683	9
215	1	52	第一场战斗	0	0		9950	25683	3	50	25697	1	0	0	0	0	0	0	0	0	0	0	0	0
216	1	52	第二场战斗	0	0		9950	25683	3	50	25697	1	0	0	0	0	0	0	0	0	0	0	0	0
217	1	52	boss战斗	1	131250		9950	25683	3	50	25697	1	0	0	0	0	0	0	0	0	0	0	0	0
218	1	52	翻牌	0	0		7200	25683	3	2000	25683	6	600	25683	12	100	25697	1	100	25678	1	300	25683	9
219	1	53	第一场战斗	0	0		9950	25683	6	50	25698	1	0	0	0	0	0	0	0	0	0	0	0	0
220	1	53	第二场战斗	0	0		9950	25683	6	50	25698	1	0	0	0	0	0	0	0	0	0	0	0	0
221	1	53	boss战斗	1	131875		9950	25683	6	50	25698	1	0	0	0	0	0	0	0	0	0	0	0	0
222	1	53	翻牌	0	0		7200	25683	6	2000	25683	12	600	25683	24	100	25698	1	100	25678	2	300	25683	18
223	1	54	第一场战斗	0	0		9950	25683	6	50	25699	1	0	0	0	0	0	0	0	0	0	0	0	0
224	1	54	第二场战斗	0	0		9950	25683	6	50	25699	1	0	0	0	0	0	0	0	0	0	0	0	0
225	1	54	boss战斗	1	132500		9950	25683	6	50	25699	1	0	0	0	0	0	0	0	0	0	0	0	0
226	1	54	翻牌	0	0		7200	25683	6	2000	25683	12	600	25683	24	100	25699	1	100	25678	2	300	25683	18
227	1	55	第一场战斗	0	0		9950	25683	6	50	25694	1	0	0	0	0	0	0	0	0	0	0	0	0
228	1	55	第二场战斗	0	0		9950	25683	6	50	25694	1	0	0	0	0	0	0	0	0	0	0	0	0
229	1	55	boss战斗	1	133125		9950	25683	6	50	25694	1	0	0	0	0	0	0	0	0	0	0	0	0
230	1	55	翻牌	0	0		7200	25683	6	2000	25683	12	600	25683	24	100	25694	1	100	25678	2	300	25683	18
231	1	56	第一场战斗	0	0		9950	25683	6	50	25694	1	0	0	0	0	0	0	0	0	0	0	0	0
232	1	56	第二场战斗	0	0		9950	25683	6	50	25694	1	0	0	0	0	0	0	0	0	0	0	0	0
233	1	56	boss战斗	1	133750		9950	25683	6	50	25694	1	0	0	0	0	0	0	0	0	0	0	0	0
234	1	56	翻牌	0	0		7200	25683	6	2000	25683	12	600	25683	24	100	25694	1	100	25678	2	300	25683	18
235	1	57	第一场战斗	0	0		9950	25683	6	50	25695	1	0	0	0	0	0	0	0	0	0	0	0	0
236	1	57	第二场战斗	0	0		9950	25683	6	50	25695	1	0	0	0	0	0	0	0	0	0	0	0	0
237	1	57	boss战斗	1	134375		9950	25683	6	50	25695	1	0	0	0	0	0	0	0	0	0	0	0	0
238	1	57	翻牌	0	0		7200	25683	6	2000	25683	12	600	25683	24	100	25695	1	100	25678	2	300	25683	18
239	1	58	第一场战斗	0	0		9950	25683	6	50	25696	1	0	0	0	0	0	0	0	0	0	0	0	0
240	1	58	第二场战斗	0	0		9950	25683	6	50	25696	1	0	0	0	0	0	0	0	0	0	0	0	0
241	1	58	boss战斗	1	135000		9950	25683	6	50	25696	1	0	0	0	0	0	0	0	0	0	0	0	0
242	1	58	翻牌	0	0		7200	25683	6	2000	25683	12	600	25683	24	100	25696	1	100	25678	2	300	25683	18
243	1	59	第一场战斗	0	0		9950	25683	6	50	25697	1	0	0	0	0	0	0	0	0	0	0	0	0
244	1	59	第二场战斗	0	0		9950	25683	6	50	25697	1	0	0	0	0	0	0	0	0	0	0	0	0
245	1	59	boss战斗	1	135625		9950	25683	6	50	25697	1	0	0	0	0	0	0	0	0	0	0	0	0
246	1	59	翻牌	0	0		7200	25683	6	2000	25683	12	600	25683	24	100	25697	1	100	25678	2	300	25683	18
247	1	60	第一场战斗	0	0		9950	25683	6	50	25698	1	0	0	0	0	0	0	0	0	0	0	0	0
248	1	60	第二场战斗	0	0		9950	25683	6	50	25698	1	0	0	0	0	0	0	0	0	0	0	0	0
249	1	60	boss战斗	1	136250		9950	25683	6	50	25698	1	0	0	0	0	0	0	0	0	0	0	0	0
250	1	60	翻牌	0	0		7200	25683	6	2000	25683	12	600	25683	24	100	25698	1	100	25678	2	300	25683	18
251	1	61	第一场战斗	0	0		9950	25683	6	50	25699	1	0	0	0	0	0	0	0	0	0	0	0	0
252	1	61	第二场战斗	0	0		9950	25683	6	50	25699	1	0	0	0	0	0	0	0	0	0	0	0	0
253	1	61	boss战斗	1	136875		9950	25683	6	50	25699	1	0	0	0	0	0	0	0	0	0	0	0	0
254	1	61	翻牌	0	0		7200	25683	6	2000	25683	12	600	25683	24	100	25699	1	100	25678	2	300	25683	18
255	1	62	第一场战斗	0	0		9950	25683	6	50	25694	1	0	0	0	0	0	0	0	0	0	0	0	0
256	1	62	第二场战斗	0	0		9950	25683	6	50	25694	1	0	0	0	0	0	0	0	0	0	0	0	0
257	1	62	boss战斗	1	137500		9950	25683	6	50	25694	1	0	0	0	0	0	0	0	0	0	0	0	0
258	1	62	翻牌	0	0		7200	25683	6	2000	25683	12	600	25683	24	100	25694	1	100	25678	2	300	25683	18
259	1	63	第一场战斗	0	0		9975	25684	3	25	25701	1	0	0	0	0	0	0	0	0	0	0	0	0
260	1	63	第二场战斗	0	0		9975	25684	3	25	25701	1	0	0	0	0	0	0	0	0	0	0	0	0
261	1	63	boss战斗	1	137812		9975	25684	3	25	25701	1	0	0	0	0	0	0	0	0	0	0	0	0
262	1	63	翻牌	0	0		7300	25684	3	2000	25684	6	600	25684	12	50	25701	1	50	25679	1	300	25684	9
263	1	64	第一场战斗	0	0		9975	25684	3	25	25702	1	0	0	0	0	0	0	0	0	0	0	0	0
264	1	64	第二场战斗	0	0		9975	25684	3	25	25702	1	0	0	0	0	0	0	0	0	0	0	0	0
265	1	64	boss战斗	1	143718		9975	25684	3	25	25702	1	0	0	0	0	0	0	0	0	0	0	0	0
266	1	64	翻牌	0	0		7300	25684	3	2000	25684	6	600	25684	12	50	25702	1	50	25679	1	300	25684	9
267	1	65	第一场战斗	0	0		9975	25684	3	25	25703	1	0	0	0	0	0	0	0	0	0	0	0	0
268	1	65	第二场战斗	0	0		9975	25684	3	25	25703	1	0	0	0	0	0	0	0	0	0	0	0	0
269	1	65	boss战斗	1	149625		9975	25684	3	25	25703	1	0	0	0	0	0	0	0	0	0	0	0	0
270	1	65	翻牌	0	0		7300	25684	3	2000	25684	6	600	25684	12	50	25703	1	50	25679	1	300	25684	9
271	1	66	第一场战斗	0	0		9975	25684	3	25	25704	1	0	0	0	0	0	0	0	0	0	0	0	0
272	1	66	第二场战斗	0	0		9975	25684	3	25	25704	1	0	0	0	0	0	0	0	0	0	0	0	0
273	1	66	boss战斗	1	155531		9975	25684	3	25	25704	1	0	0	0	0	0	0	0	0	0	0	0	0
274	1	66	翻牌	0	0		7300	25684	3	2000	25684	6	600	25684	12	50	25704	1	50	25679	1	300	25684	9
275	1	67	第一场战斗	0	0		9975	25684	3	25	25705	1	0	0	0	0	0	0	0	0	0	0	0	0
276	1	67	第二场战斗	0	0		9975	25684	3	25	25705	1	0	0	0	0	0	0	0	0	0	0	0	0
277	1	67	boss战斗	1	161437		9975	25684	3	25	25705	1	0	0	0	0	0	0	0	0	0	0	0	0
278	1	67	翻牌	0	0		7300	25684	3	2000	25684	6	600	25684	12	50	25705	1	50	25679	1	300	25684	9
279	1	68	第一场战斗	0	0		9975	25684	3	25	25700	1	0	0	0	0	0	0	0	0	0	0	0	0
280	1	68	第二场战斗	0	0		9975	25684	3	25	25700	1	0	0	0	0	0	0	0	0	0	0	0	0
281	1	68	boss战斗	1	167343		9975	25684	3	25	25700	1	0	0	0	0	0	0	0	0	0	0	0	0
282	1	68	翻牌	0	0		7300	25684	3	2000	25684	6	600	25684	12	50	25700	1	50	25679	1	300	25684	9
283	1	69	第一场战斗	0	0		9975	25684	3	25	25700	1	0	0	0	0	0	0	0	0	0	0	0	0
284	1	69	第二场战斗	0	0		9975	25684	3	25	25700	1	0	0	0	0	0	0	0	0	0	0	0	0
285	1	69	boss战斗	1	173250		9975	25684	3	25	25700	1	0	0	0	0	0	0	0	0	0	0	0	0
286	1	69	翻牌	0	0		7300	25684	3	2000	25684	6	600	25684	12	50	25700	1	50	25679	1	300	25684	9
287	1	70	第一场战斗	0	0		9975	25684	3	25	25701	1	0	0	0	0	0	0	0	0	0	0	0	0
288	1	70	第二场战斗	0	0		9975	25684	3	25	25701	1	0	0	0	0	0	0	0	0	0	0	0	0
289	1	70	boss战斗	1	179156		9975	25684	3	25	25701	1	0	0	0	0	0	0	0	0	0	0	0	0
290	1	70	翻牌	0	0		7300	25684	3	2000	25684	6	600	25684	12	50	25701	1	50	25679	1	300	25684	9
291	1	71	第一场战斗	0	0		9975	25684	3	25	25702	1	0	0	0	0	0	0	0	0	0	0	0	0
292	1	71	第二场战斗	0	0		9975	25684	3	25	25702	1	0	0	0	0	0	0	0	0	0	0	0	0
293	1	71	boss战斗	1	185062		9975	25684	3	25	25702	1	0	0	0	0	0	0	0	0	0	0	0	0
294	1	71	翻牌	0	0		7300	25684	3	2000	25684	6	600	25684	12	50	25702	1	50	25679	1	300	25684	9
295	1	72	第一场战斗	0	0		9975	25684	3	25	25703	1	0	0	0	0	0	0	0	0	0	0	0	0
296	1	72	第二场战斗	0	0		9975	25684	3	25	25703	1	0	0	0	0	0	0	0	0	0	0	0	0
297	1	72	boss战斗	1	190968		9975	25684	3	25	25703	1	0	0	0	0	0	0	0	0	0	0	0	0
298	1	72	翻牌	0	0		7300	25684	3	2000	25684	6	600	25684	12	50	25703	1	50	25679	1	300	25684	9
299	1	73	第一场战斗	0	0		9975	25684	6	25	25704	1	0	0	0	0	0	0	0	0	0	0	0	0
300	1	73	第二场战斗	0	0		9975	25684	6	25	25704	1	0	0	0	0	0	0	0	0	0	0	0	0
301	1	73	boss战斗	1	202781		9975	25684	6	25	25704	1	0	0	0	0	0	0	0	0	0	0	0	0
302	1	73	翻牌	0	0		7300	25684	6	2000	25684	12	600	25684	24	50	25704	1	50	25679	2	300	25684	18
303	1	74	第一场战斗	0	0		9975	25684	6	25	25705	1	0	0	0	0	0	0	0	0	0	0	0	0
304	1	74	第二场战斗	0	0		9975	25684	6	25	25705	1	0	0	0	0	0	0	0	0	0	0	0	0
305	1	74	boss战斗	1	208687		9975	25684	6	25	25705	1	0	0	0	0	0	0	0	0	0	0	0	0
306	1	74	翻牌	0	0		7300	25684	6	2000	25684	12	600	25684	24	50	25705	1	50	25679	2	300	25684	18
307	1	75	第一场战斗	0	0		9975	25684	6	25	25700	1	0	0	0	0	0	0	0	0	0	0	0	0
308	1	75	第二场战斗	0	0		9975	25684	6	25	25700	1	0	0	0	0	0	0	0	0	0	0	0	0
309	1	75	boss战斗	1	214593		9975	25684	6	25	25700	1	0	0	0	0	0	0	0	0	0	0	0	0
310	1	75	翻牌	0	0		7300	25684	6	2000	25684	12	600	25684	24	50	25700	1	50	25679	2	300	25684	18
311	1	76	第一场战斗	0	0		9975	25684	6	25	25700	1	0	0	0	0	0	0	0	0	0	0	0	0
312	1	76	第二场战斗	0	0		9975	25684	6	25	25700	1	0	0	0	0	0	0	0	0	0	0	0	0
313	1	76	boss战斗	1	220500		9975	25684	6	25	25700	1	0	0	0	0	0	0	0	0	0	0	0	0
314	1	76	翻牌	0	0		7300	25684	6	2000	25684	12	600	25684	24	50	25700	1	50	25679	2	300	25684	18
315	1	77	第一场战斗	0	0		9975	25684	6	25	25701	1	0	0	0	0	0	0	0	0	0	0	0	0
316	1	77	第二场战斗	0	0		9975	25684	6	25	25701	1	0	0	0	0	0	0	0	0	0	0	0	0
317	1	77	boss战斗	1	226406		9975	25684	6	25	25701	1	0	0	0	0	0	0	0	0	0	0	0	0
318	1	77	翻牌	0	0		7300	25684	6	2000	25684	12	600	25684	24	50	25701	1	50	25679	2	300	25684	18
319	1	78	第一场战斗	0	0		9975	25684	6	25	25702	1	0	0	0	0	0	0	0	0	0	0	0	0
320	1	78	第二场战斗	0	0		9975	25684	6	25	25702	1	0	0	0	0	0	0	0	0	0	0	0	0
321	1	78	boss战斗	1	232312		9975	25684	6	25	25702	1	0	0	0	0	0	0	0	0	0	0	0	0
322	1	78	翻牌	0	0		7300	25684	6	2000	25684	12	600	25684	24	50	25702	1	50	25679	2	300	25684	18
323	1	79	第一场战斗	0	0		9975	25684	6	25	25703	1	0	0	0	0	0	0	0	0	0	0	0	0
324	1	79	第二场战斗	0	0		9975	25684	6	25	25703	1	0	0	0	0	0	0	0	0	0	0	0	0
325	1	79	boss战斗	1	238218		9975	25684	6	25	25703	1	0	0	0	0	0	0	0	0	0	0	0	0
326	1	79	翻牌	0	0		7300	25684	6	2000	25684	12	600	25684	24	50	25703	1	50	25679	2	300	25684	18
327	1	80	第一场战斗	0	0		9975	25684	6	25	25704	1	0	0	0	0	0	0	0	0	0	0	0	0
328	1	80	第二场战斗	0	0		9975	25684	6	25	25704	1	0	0	0	0	0	0	0	0	0	0	0	0
329	1	80	boss战斗	1	244125		9975	25684	6	25	25704	1	0	0	0	0	0	0	0	0	0	0	0	0
330	1	80	翻牌	0	0		2000	25684	6	2000	25684	12	600	25684	24	50	25704	1	50	25679	2	300	25684	18
331	1	81	第一场战斗	0	0		9975	25684	6	25	25705	1	0	0	0	0	0	0	0	0	0	0	0	0
332	1	81	第二场战斗	0	0		9975	25684	6	25	25705	1	0	0	0	0	0	0	0	0	0	0	0	0
333	1	81	boss战斗	1	250031		9975	25684	6	25	25705	1	0	0	0	0	0	0	0	0	0	0	0	0
334	1	81	翻牌	0	0		7300	25684	6	2000	25684	12	600	25684	24	50	25705	1	50	25679	2	300	25684	18
335	1	82	第一场战斗	0	0		9975	25684	6	25	25700	1	0	0	0	0	0	0	0	0	0	0	0	0
336	1	82	第二场战斗	0	0		9975	25684	6	25	25700	1	0	0	0	0	0	0	0	0	0	0	0	0
337	1	82	boss战斗	1	255937		9975	25684	6	25	25700	1	0	0	0	0	0	0	0	0	0	0	0	0
338	1	82	翻牌	0	0		7300	25684	6	2000	25684	12	600	25684	24	50	25700	1	50	25679	2	300	25684	18
339	1	83	第一场战斗	0	0		10000	25685	3	0	25707	1	0	0	0	0	0	0	0	0	0	0	0	0
340	1	83	第二场战斗	0	0		10000	25685	3	0	25707	1	0	0	0	0	0	0	0	0	0	0	0	0
341	1	83	boss战斗	1	262250		10000	25685	3	0	25707	1	0	0	0	0	0	0	0	0	0	0	0	0
342	1	83	翻牌	0	0		7300	25685	3	2000	25685	6	600	25685	12	50	25707	1	50	25680	1	300	25685	9
343	1	84	第一场战斗	0	0		10000	25685	3	0	25708	1	0	0	0	0	0	0	0	0	0	0	0	0
344	1	84	第二场战斗	0	0		10000	25685	3	0	25708	1	0	0	0	0	0	0	0	0	0	0	0	0
345	1	84	boss战斗	1	268562		10000	25685	3	0	25708	1	0	0	0	0	0	0	0	0	0	0	0	0
346	1	84	翻牌	0	0		7300	25685	3	2000	25685	6	600	25685	12	50	25708	1	50	25680	1	300	25685	9
347	1	85	第一场战斗	0	0		10000	25685	3	0	25709	1	0	0	0	0	0	0	0	0	0	0	0	0
348	1	85	第二场战斗	0	0		10000	25685	3	0	25709	1	0	0	0	0	0	0	0	0	0	0	0	0
349	1	85	boss战斗	1	274875		10000	25685	3	0	25709	1	0	0	0	0	0	0	0	0	0	0	0	0
350	1	85	翻牌	0	0		7300	25685	3	2000	25685	6	600	25685	12	50	25709	1	50	25680	1	300	25685	9
351	1	86	第一场战斗	0	0		10000	25685	3	0	25710	1	0	0	0	0	0	0	0	0	0	0	0	0
352	1	86	第二场战斗	0	0		10000	25685	3	0	25710	1	0	0	0	0	0	0	0	0	0	0	0	0
353	1	86	boss战斗	1	281187		10000	25685	3	0	25710	1	0	0	0	0	0	0	0	0	0	0	0	0
354	1	86	翻牌	0	0		7300	25685	3	2000	25685	6	600	25685	12	50	25710	1	50	25680	1	300	25685	9
355	1	87	第一场战斗	0	0		10000	25685	3	0	25711	1	0	0	0	0	0	0	0	0	0	0	0	0
356	1	87	第二场战斗	0	0		10000	25685	3	0	25711	1	0	0	0	0	0	0	0	0	0	0	0	0
357	1	87	boss战斗	1	287500		10000	25685	3	0	25711	1	0	0	0	0	0	0	0	0	0	0	0	0
358	1	87	翻牌	0	0		7300	25685	3	2000	25685	6	600	25685	12	50	25711	1	50	25680	1	300	25685	9
359	1	88	第一场战斗	0	0		10000	25685	3	0	25706	1	0	0	0	0	0	0	0	0	0	0	0	0
360	1	88	第二场战斗	0	0		10000	25685	3	0	25706	1	0	0	0	0	0	0	0	0	0	0	0	0
361	1	88	boss战斗	1	293812		10000	25685	3	0	25706	1	0	0	0	0	0	0	0	0	0	0	0	0
362	1	88	翻牌	0	0		7300	25685	3	2000	25685	6	600	25685	12	50	25706	1	50	25680	1	300	25685	9
363	1	89	第一场战斗	0	0		10000	25685	3	0	25706	1	0	0	0	0	0	0	0	0	0	0	0	0
364	1	89	第二场战斗	0	0		10000	25685	3	0	25706	1	0	0	0	0	0	0	0	0	0	0	0	0
365	1	89	boss战斗	1	300125		10000	25685	3	0	25706	1	0	0	0	0	0	0	0	0	0	0	0	0
366	1	89	翻牌	0	0		7300	25685	3	2000	25685	6	600	25685	12	50	25706	1	50	25680	1	300	25685	9
367	1	90	第一场战斗	0	0		10000	25685	3	0	25707	1	0	0	0	0	0	0	0	0	0	0	0	0
368	1	90	第二场战斗	0	0		10000	25685	3	0	25707	1	0	0	0	0	0	0	0	0	0	0	0	0
369	1	90	boss战斗	1	306437		10000	25685	3	0	25707	1	0	0	0	0	0	0	0	0	0	0	0	0
370	1	90	翻牌	0	0		7300	25685	3	2000	25685	6	600	25685	12	50	25707	1	50	25680	1	300	25685	9
371	1	91	第一场战斗	0	0		10000	25685	3	0	25708	1	0	0	0	0	0	0	0	0	0	0	0	0
372	1	91	第二场战斗	0	0		10000	25685	3	0	25708	1	0	0	0	0	0	0	0	0	0	0	0	0
373	1	91	boss战斗	1	312750		10000	25685	3	0	25708	1	0	0	0	0	0	0	0	0	0	0	0	0
374	1	91	翻牌	0	0		7300	25685	3	2000	25685	6	600	25685	12	50	25708	1	50	25680	1	300	25685	9
375	1	92	第一场战斗	0	0		10000	25685	3	0	25709	1	0	0	0	0	0	0	0	0	0	0	0	0
376	1	92	第二场战斗	0	0		10000	25685	3	0	25709	1	0	0	0	0	0	0	0	0	0	0	0	0
377	1	92	boss战斗	1	319062		10000	25685	3	0	25709	1	0	0	0	0	0	0	0	0	0	0	0	0
378	1	92	翻牌	0	0		7300	25685	3	2000	25685	6	600	25685	12	50	25709	1	50	25680	1	300	25685	9
379	1	93	第一场战斗	0	0		10000	25685	6	0	25710	1	0	0	0	0	0	0	0	0	0	0	0	0
380	1	93	第二场战斗	0	0		10000	25685	6	0	25710	1	0	0	0	0	0	0	0	0	0	0	0	0
381	1	93	boss战斗	1	325375		10000	25685	6	0	25710	1	0	0	0	0	0	0	0	0	0	0	0	0
382	1	93	翻牌	0	0		7300	25685	6	2000	25685	12	600	25685	24	50	25710	1	50	25680	2	300	25685	18
383	1	94	第一场战斗	0	0		10000	25685	6	0	25711	1	0	0	0	0	0	0	0	0	0	0	0	0
384	1	94	第二场战斗	0	0		10000	25685	6	0	25711	1	0	0	0	0	0	0	0	0	0	0	0	0
385	1	94	boss战斗	1	331687		10000	25685	6	0	25711	1	0	0	0	0	0	0	0	0	0	0	0	0
386	1	94	翻牌	0	0		7300	25685	6	2000	25685	12	600	25685	24	50	25711	1	50	25680	2	300	25685	18
387	1	95	第一场战斗	0	0		10000	25685	6	0	25706	1	0	0	0	0	0	0	0	0	0	0	0	0
388	1	95	第二场战斗	0	0		10000	25685	6	0	25706	1	0	0	0	0	0	0	0	0	0	0	0	0
389	1	95	boss战斗	1	338000		10000	25685	6	0	25706	1	0	0	0	0	0	0	0	0	0	0	0	0
390	1	95	翻牌	0	0		7300	25685	6	2000	25685	12	600	25685	24	50	25706	1	50	25680	2	300	25685	18
391	1	96	第一场战斗	0	0		10000	25685	6	0	25706	1	0	0	0	0	0	0	0	0	0	0	0	0
392	1	96	第二场战斗	0	0		10000	25685	6	0	25706	1	0	0	0	0	0	0	0	0	0	0	0	0
393	1	96	boss战斗	1	344312		10000	25685	6	0	25706	1	0	0	0	0	0	0	0	0	0	0	0	0
394	1	96	翻牌	0	0		7300	25685	6	2000	25685	12	600	25685	24	50	25706	1	50	25680	2	300	25685	18
395	1	97	第一场战斗	0	0		10000	25685	6	0	25707	1	0	0	0	0	0	0	0	0	0	0	0	0
396	1	97	第二场战斗	0	0		10000	25685	6	0	25707	1	0	0	0	0	0	0	0	0	0	0	0	0
397	1	97	boss战斗	1	350625		10000	25685	6	0	25707	1	0	0	0	0	0	0	0	0	0	0	0	0
398	1	97	翻牌	0	0		7300	25685	6	2000	25685	12	600	25685	24	50	25707	1	50	25680	2	300	25685	18
399	1	98	第一场战斗	0	0		10000	25685	6	0	25708	1	0	0	0	0	0	0	0	0	0	0	0	0
400	1	98	第二场战斗	0	0		10000	25685	6	0	25708	1	0	0	0	0	0	0	0	0	0	0	0	0
401	1	98	boss战斗	1	356937		10000	25685	6	0	25708	1	0	0	0	0	0	0	0	0	0	0	0	0
402	1	98	翻牌	0	0		7300	25685	6	2000	25685	12	600	25685	24	50	25708	1	50	25680	2	300	25685	18
403	1	99	第一场战斗	0	0		10000	25685	6	0	25709	1	0	0	0	0	0	0	0	0	0	0	0	0
404	1	99	第二场战斗	0	0		10000	25685	6	0	25709	1	0	0	0	0	0	0	0	0	0	0	0	0
405	1	99	boss战斗	1	363250		10000	25685	6	0	25709	1	0	0	0	0	0	0	0	0	0	0	0	0
406	1	99	翻牌	0	0		7300	25685	6	2000	25685	12	600	25685	24	50	25709	1	50	25680	2	300	25685	18
407	1	100	第一场战斗	0	0		10000	25685	6	0	25710	1	0	0	0	0	0	0	0	0	0	0	0	0
408	1	100	第二场战斗	0	0		10000	25685	6	0	25710	1	0	0	0	0	0	0	0	0	0	0	0	0
409	1	100	boss战斗	1	369562		10000	25685	6	0	25710	1	0	0	0	0	0	0	0	0	0	0	0	0
410	1	100	翻牌	0	0		7300	25685	6	2000	25685	12	600	25685	24	50	25710	1	50	25680	2	300	25685	18
411	1	101	第一场战斗	0	0		10000	25685	6	0	25711	1	0	0	0	0	0	0	0	0	0	0	0	0
412	1	101	第二场战斗	0	0		10000	25685	6	0	25711	1	0	0	0	0	0	0	0	0	0	0	0	0
413	1	101	boss战斗	1	375875		10000	25685	6	0	25711	1	0	0	0	0	0	0	0	0	0	0	0	0
414	1	101	翻牌	0	0		7300	25685	6	2000	25685	12	600	25685	24	50	25711	1	50	25680	2	300	25685	18
415	1	102	第一场战斗	0	0		10000	25685	6	0	25706	1	0	0	0	0	0	0	0	0	0	0	0	0
416	1	102	第二场战斗	0	0		10000	25685	6	0	25706	1	0	0	0	0	0	0	0	0	0	0	0	0
417	1	102	boss战斗	1	382187	6312	10000	25685	6	0	25706	1	0	0	0	0	0	0	0	0	0	0	0	0
418	1	102	翻牌	0	0		7300	25685	6	2000	25685	12	600	25685	24	50	25706	1	50	25680	2	300	25685	18
419	1	103	第一场战斗	0	0		10000	25686	3	0	26514	1	0	0	0	0	0	0	0	0	0	0	0	0
420	1	103	第二场战斗	0	0		10000	25686	3	0	26514	1	0	0	0	0	0	0	0	0	0	0	0	0
421	1	103	boss战斗	1	386500	4313	10000	25686	3	0	26514	1	0	0	0	0	0	0	0	0	0	0	0	0
422	1	103	翻牌	0	0		7300	25686	3	2000	25686	6	600	25686	12	50	26514	1	50	26500	1	300	25686	9
423	1	104	第一场战斗	0	0		10000	25686	3	0	26515	1	0	0	0	0	0	0	0	0	0	0	0	0
424	1	104	第二场战斗	0	0		10000	25686	3	0	26515	1	0	0	0	0	0	0	0	0	0	0	0	0
425	1	104	boss战斗	1	390812	4312	10000	25686	3	0	26515	1	0	0	0	0	0	0	0	0	0	0	0	0
426	1	104	翻牌	0	0		7300	25686	3	2000	25686	6	600	25686	12	50	26515	1	50	26500	1	300	25686	9
427	1	105	第一场战斗	0	0		10000	25686	3	0	26516	1	0	0	0	0	0	0	0	0	0	0	0	0
428	1	105	第二场战斗	0	0	0	10000	25686	3	0	26516	1	0	0	0	0	0	0	0	0	0	0	0	0
429	1	105	boss战斗	1	395125		10000	25686	3	0	26516	1	0	0	0	0	0	0	0	0	0	0	0	0
430	1	105	翻牌	0	0		7300	25686	3	2000	25686	6	600	25686	12	50	26516	1	50	26500	1	300	25686	9
431	1	106	第一场战斗	0	0		10000	25686	3	0	26517	1	0	0	0	0	0	0	0	0	0	0	0	0
432	1	106	第二场战斗	0	0		10000	25686	3	0	26517	1	0	0	0	0	0	0	0	0	0	0	0	0
433	1	106	boss战斗	1	399437	4312	10000	25686	3	0	26517	1	0	0	0	0	0	0	0	0	0	0	0	0
434	1	106	翻牌	0	0		7300	25686	3	2000	25686	6	600	25686	12	50	26517	1	50	26500	1	300	25686	9
435	1	107	第一场战斗	0	0		10000	25686	3	0	26518	1	0	0	0	0	0	0	0	0	0	0	0	0
436	1	107	第二场战斗	0	0		10000	25686	3	0	26518	1	0	0	0	0	0	0	0	0	0	0	0	0
437	1	107	boss战斗	1	403750	4313	10000	25686	3	0	26518	1	0	0	0	0	0	0	0	0	0	0	0	0
438	1	107	翻牌	0	0		7300	25686	3	2000	25686	6	600	25686	12	50	26518	1	50	26500	1	300	25686	9
439	1	108	第一场战斗	0	0		10000	25686	3	0	26513	1	0	0	0	0	0	0	0	0	0	0	0	0
440	1	108	第二场战斗	0	0		10000	25686	3	0	26513	1	0	0	0	0	0	0	0	0	0	0	0	0
441	1	108	boss战斗	1	408062		10000	25686	3	0	26513	1	0	0	0	0	0	0	0	0	0	0	0	0
442	1	108	翻牌	0	0		7300	25686	3	2000	25686	6	600	25686	12	50	26513	1	50	26500	1	300	25686	9
443	1	109	第一场战斗	0	0		10000	25686	3	0	26513	1	0	0	0	0	0	0	0	0	0	0	0	0
444	1	109	第二场战斗	0	0		10000	25686	3	0	26513	1	0	0	0	0	0	0	0	0	0	0	0	0
445	1	109	boss战斗	1	412375	4313	10000	25686	3	0	26513	1	0	0	0	0	0	0	0	0	0	0	0	0
446	1	109	翻牌	0	0		7300	25686	3	2000	25686	6	600	25686	12	50	26513	1	50	26500	1	300	25686	9
447	1	110	第一场战斗	0	0		10000	25686	3	0	26514	1	0	0	0	0	0	0	0	0	0	0	0	0
448	1	110	第二场战斗	0	0		10000	25686	3	0	26514	1	0	0	0	0	0	0	0	0	0	0	0	0
449	1	110	boss战斗	1	416687	4312	10000	25686	3	0	26514	1	0	0	0	0	0	0	0	0	0	0	0	0
450	1	110	翻牌	0	0		7300	25686	3	2000	25686	6	600	25686	12	50	26514	1	50	26500	1	300	25686	9
451	1	111	第一场战斗	0	0		10000	25686	3	0	26515	1	0	0	0	0	0	0	0	0	0	0	0	0
452	1	111	第二场战斗	0	0		10000	25686	3	0	26515	1	0	0	0	0	0	0	0	0	0	0	0	0
453	1	111	boss战斗	1	421000		10000	25686	3	0	26515	1	0	0	0	0	0	0	0	0	0	0	0	0
454	1	111	翻牌	0	0		7300	25686	3	2000	25686	6	600	25686	12	50	26515	1	50	26500	1	300	25686	9
455	1	112	第一场战斗	0	0		10000	25686	3	0	26516	1	0	0	0	0	0	0	0	0	0	0	0	0
456	1	112	第二场战斗	0	0		10000	25686	3	0	26516	1	0	0	0	0	0	0	0	0	0	0	0	0
457	1	112	boss战斗	1	425312		10000	25686	3	0	26516	1	0	0	0	0	0	0	0	0	0	0	0	0
458	1	112	翻牌	0	0		7300	25686	3	2000	25686	6	600	25686	12	50	26516	1	50	26500	1	300	25686	9
459	1	113	第一场战斗	0	0		10000	25686	6	0	26517	1	0	0	0	0	0	0	0	0	0	0	0	0
460	1	113	第二场战斗	0	0		10000	25686	6	0	26517	1	0	0	0	0	0	0	0	0	0	0	0	0
461	1	113	boss战斗	1	429625		10000	25686	6	0	26517	1	0	0	0	0	0	0	0	0	0	0	0	0
462	1	113	翻牌	0	0		7300	25686	6	2000	25686	12	600	25686	24	50	26517	1	50	26500	2	300	25686	18
463	1	114	第一场战斗	0	0		10000	25686	6	0	26518	1	0	0	0	0	0	0	0	0	0	0	0	0
464	1	114	第二场战斗	0	0		10000	25686	6	0	26518	1	0	0	0	0	0	0	0	0	0	0	0	0
465	1	114	boss战斗	1	433937		10000	25686	6	0	26518	1	0	0	0	0	0	0	0	0	0	0	0	0
466	1	114	翻牌	0	0		7300	25686	6	2000	25686	12	600	25686	24	50	26518	1	50	26500	2	300	25686	18
467	1	115	第一场战斗	0	0		10000	25686	6	0	26513	1	0	0	0	0	0	0	0	0	0	0	0	0
468	1	115	第二场战斗	0	0		10000	25686	6	0	26513	1	0	0	0	0	0	0	0	0	0	0	0	0
469	1	115	boss战斗	1	438250		10000	25686	6	0	26513	1	0	0	0	0	0	0	0	0	0	0	0	0
470	1	115	翻牌	0	0		7300	25686	6	2000	25686	12	600	25686	24	50	26513	1	50	26500	2	300	25686	18
471	1	116	第一场战斗	0	0		10000	25686	6	0	26513	1	0	0	0	0	0	0	0	0	0	0	0	0
472	1	116	第二场战斗	0	0		10000	25686	6	0	26513	1	0	0	0	0	0	0	0	0	0	0	0	0
473	1	116	boss战斗	1	442562		10000	25686	6	0	26513	1	0	0	0	0	0	0	0	0	0	0	0	0
474	1	116	翻牌	0	0		7300	25686	6	2000	25686	12	600	25686	24	50	26513	1	50	26500	2	300	25686	18
475	1	117	第一场战斗	0	0		10000	25686	6	0	26514	1	0	0	0	0	0	0	0	0	0	0	0	0
476	1	117	第二场战斗	0	0		10000	25686	6	0	26514	1	0	0	0	0	0	0	0	0	0	0	0	0
477	1	117	boss战斗	1	446875		10000	25686	6	0	26514	1	0	0	0	0	0	0	0	0	0	0	0	0
478	1	117	翻牌	0	0		7300	25686	6	2000	25686	12	600	25686	24	50	26514	1	50	26500	2	300	25686	18
479	1	118	第一场战斗	0	0		10000	25686	6	0	26515	1	0	0	0	0	0	0	0	0	0	0	0	0
480	1	118	第二场战斗	0	0		10000	25686	6	0	26515	1	0	0	0	0	0	0	0	0	0	0	0	0
481	1	118	boss战斗	1	451187		10000	25686	6	0	26515	1	0	0	0	0	0	0	0	0	0	0	0	0
482	1	118	翻牌	0	0		7300	25686	6	2000	25686	12	600	25686	24	50	26515	1	50	26500	2	300	25686	18
483	1	119	第一场战斗	0	0		10000	25686	6	0	26516	1	0	0	0	0	0	0	0	0	0	0	0	0
484	1	119	第二场战斗	0	0		10000	25686	6	0	26516	1	0	0	0	0	0	0	0	0	0	0	0	0
485	1	119	boss战斗	1	455500		10000	25686	6	0	26516	1	0	0	0	0	0	0	0	0	0	0	0	0
486	1	119	翻牌	0	0		7300	25686	6	2000	25686	12	600	25686	24	50	26516	1	50	26500	2	300	25686	18
487	1	120	第一场战斗	0	0		10000	25686	6	0	26517	1	0	0	0	0	0	0	0	0	0	0	0	0
488	1	120	第二场战斗	0	0		10000	25686	6	0	26517	1	0	0	0	0	0	0	0	0	0	0	0	0
489	1	120	boss战斗	1	459812		10000	25686	6	0	26517	1	0	0	0	0	0	0	0	0	0	0	0	0
490	1	120	翻牌	0	0		7300	25686	6	2000	25686	12	600	25686	24	50	26517	1	50	26500	2	300	25686	18
491	1	121	第一场战斗	0	0		10000	25686	6	0	26518	1	0	0	0	0	0	0	0	0	0	0	0	0
492	1	121	第二场战斗	0	0		10000	25686	6	0	26518	1	0	0	0	0	0	0	0	0	0	0	0	0
493	1	121	boss战斗	1	464125		10000	25686	6	0	26518	1	0	0	0	0	0	0	0	0	0	0	0	0
494	1	121	翻牌	0	0		7300	25686	6	2000	25686	12	600	25686	24	50	26518	1	50	26500	2	300	25686	18
495	1	122	第一场战斗	0	0		10000	25686	6	0	26513	1	0	0	0	0	0	0	0	0	0	0	0	0
496	1	122	第二场战斗	0	0		10000	25686	6	0	26513	1	0	0	0	0	0	0	0	0	0	0	0	0
497	1	122	boss战斗	1	468437	4312	10000	25686	6	0	26513	1	0	0	0	0	0	0	0	0	0	0	0	0
498	1	122	翻牌	0	0		7300	25686	6	2000	25686	12	600	25686	24	50	26513	1	50	26500	2	300	25686	18
499	1	123	第一场战斗	0	0		10000	26607	3	0	27058	1	0	0	0	0	0	0	0	0	0	0	0	0
500	1	123	第二场战斗	0	0		10000	26607	3	0	27058	1	0	0	0	0	0	0	0	0	0	0	0	0
501	1	123	boss战斗	1	478125	9688	10000	26607	3	0	27058	1	0	0	0	0	0	0	0	0	0	0	0	0
502	1	123	翻牌	0	0		7300	26607	3	2000	26607	6	600	26607	12	50	27058	1	50	27067	1	300	26607	9
503	1	124	第一场战斗	0	0		10000	26607	3	0	27059	1	0	0	0	0	0	0	0	0	0	0	0	0
504	1	124	第二场战斗	0	0		10000	26607	3	0	27059	1	0	0	0	0	0	0	0	0	0	0	0	0
505	1	124	boss战斗	1	483437	5312	10000	26607	3	0	27059	1	0	0	0	0	0	0	0	0	0	0	0	0
506	1	124	翻牌	0	0		7300	26607	3	2000	26607	6	600	26607	12	50	27059	1	50	27067	1	300	26607	9
507	1	125	第一场战斗	0	0		10000	26607	3	0	27060	1	0	0	0	0	0	0	0	0	0	0	0	0
508	1	125	第二场战斗	0	0		10000	26607	3	0	27060	1	0	0	0	0	0	0	0	0	0	0	0	0
509	1	125	boss战斗	1	488749		10000	26607	3	0	27060	1	0	0	0	0	0	0	0	0	0	0	0	0
510	1	125	翻牌	0	0		7300	26607	3	2000	26607	6	600	26607	12	50	27060	1	50	27067	1	300	26607	9
511	1	126	第一场战斗	0	0		10000	26607	3	0	27061	1	0	0	0	0	0	0	0	0	0	0	0	0
512	1	126	第二场战斗	0	0		10000	26607	3	0	27061	1	0	0	0	0	0	0	0	0	0	0	0	0
513	1	126	boss战斗	1	494061		10000	26607	3	0	27061	1	0	0	0	0	0	0	0	0	0	0	0	0
514	1	126	翻牌	0	0		7300	26607	3	2000	26607	6	600	26607	12	50	27061	1	50	27067	1	300	26607	9
515	1	127	第一场战斗	0	0		10000	26607	3	0	27062	1	0	0	0	0	0	0	0	0	0	0	0	0
516	1	127	第二场战斗	0	0		10000	26607	3	0	27062	1	0	0	0	0	0	0	0	0	0	0	0	0
517	1	127	boss战斗	1	499373		10000	26607	3	0	27062	1	0	0	0	0	0	0	0	0	0	0	0	0
518	1	127	翻牌	0	0		7300	26607	3	2000	26607	6	600	26607	12	50	27062	1	50	27067	1	300	26607	9
519	1	128	第一场战斗	0	0		10000	26607	3	0	27057	1	0	0	0	0	0	0	0	0	0	0	0	0
520	1	128	第二场战斗	0	0		10000	26607	3	0	27057	1	0	0	0	0	0	0	0	0	0	0	0	0
521	1	128	boss战斗	1	504685		10000	26607	3	0	27057	1	0	0	0	0	0	0	0	0	0	0	0	0
522	1	128	翻牌	0	0		7300	26607	3	2000	26607	6	600	26607	12	50	27057	1	50	27067	1	300	26607	9
523	1	129	第一场战斗	0	0		10000	26607	3	0	27057	1	0	0	0	0	0	0	0	0	0	0	0	0
524	1	129	第二场战斗	0	0		10000	26607	3	0	27057	1	0	0	0	0	0	0	0	0	0	0	0	0
525	1	129	boss战斗	1	509997		10000	26607	3	0	27057	1	0	0	0	0	0	0	0	0	0	0	0	0
526	1	129	翻牌	0	0		7300	26607	3	2000	26607	6	600	26607	12	50	27057	1	50	27067	1	300	26607	9
527	1	130	第一场战斗	0	0		10000	26607	3	0	27058	1	0	0	0	0	0	0	0	0	0	0	0	0
528	1	130	第二场战斗	0	0		10000	26607	3	0	27058	1	0	0	0	0	0	0	0	0	0	0	0	0
529	1	130	boss战斗	1	515309		10000	26607	3	0	27058	1	0	0	0	0	0	0	0	0	0	0	0	0
530	1	130	翻牌	0	0		7300	26607	3	2000	26607	6	600	26607	12	50	27058	1	50	27067	1	300	26607	9
531	1	131	第一场战斗	0	0		10000	26607	3	0	27059	1	0	0	0	0	0	0	0	0	0	0	0	0
532	1	131	第二场战斗	0	0		10000	26607	3	0	27059	1	0	0	0	0	0	0	0	0	0	0	0	0
533	1	131	boss战斗	1	520621		10000	26607	3	0	27059	1	0	0	0	0	0	0	0	0	0	0	0	0
534	1	131	翻牌	0	0		7300	26607	3	2000	26607	6	600	26607	12	50	27059	1	50	27067	1	300	26607	9
535	1	132	第一场战斗	0	0		10000	26607	3	0	27060	1	0	0	0	0	0	0	0	0	0	0	0	0
536	1	132	第二场战斗	0	0		10000	26607	3	0	27060	1	0	0	0	0	0	0	0	0	0	0	0	0
537	1	132	boss战斗	1	525933		10000	26607	3	0	27060	1	0	0	0	0	0	0	0	0	0	0	0	0
538	1	132	翻牌	0	0		7300	26607	3	2000	26607	6	600	26607	12	50	27060	1	50	27067	1	300	26607	9
539	1	133	第一场战斗	0	0		10000	26607	6	0	27061	1	0	0	0	0	0	0	0	0	0	0	0	0
540	1	133	第二场战斗	0	0		10000	26607	6	0	27061	1	0	0	0	0	0	0	0	0	0	0	0	0
541	1	133	boss战斗	1	531245		10000	26607	6	0	27061	1	0	0	0	0	0	0	0	0	0	0	0	0
542	1	133	翻牌	0	0		7300	26607	6	2000	26607	12	600	26607	24	50	27061	1	50	27067	2	300	26607	18
543	1	134	第一场战斗	0	0		10000	26607	6	0	27062	1	0	0	0	0	0	0	0	0	0	0	0	0
544	1	134	第二场战斗	0	0		10000	26607	6	0	27062	1	0	0	0	0	0	0	0	0	0	0	0	0
545	1	134	boss战斗	1	536557		10000	26607	6	0	27062	1	0	0	0	0	0	0	0	0	0	0	0	0
546	1	134	翻牌	0	0		7300	26607	6	2000	26607	12	600	26607	24	50	27062	1	50	27067	2	300	26607	18
547	1	135	第一场战斗	0	0		10000	26607	6	0	27057	1	0	0	0	0	0	0	0	0	0	0	0	0
548	1	135	第二场战斗	0	0		10000	26607	6	0	27057	1	0	0	0	0	0	0	0	0	0	0	0	0
549	1	135	boss战斗	1	541869		10000	26607	6	0	27057	1	0	0	0	0	0	0	0	0	0	0	0	0
550	1	135	翻牌	0	0		7300	26607	6	2000	26607	12	600	26607	24	50	27057	1	50	27067	2	300	26607	18
551	1	136	第一场战斗	0	0		10000	26607	6	0	27057	1	0	0	0	0	0	0	0	0	0	0	0	0
552	1	136	第二场战斗	0	0		10000	26607	6	0	27057	1	0	0	0	0	0	0	0	0	0	0	0	0
553	1	136	boss战斗	1	547181		10000	26607	6	0	27057	1	0	0	0	0	0	0	0	0	0	0	0	0
554	1	136	翻牌	0	0		7300	26607	6	2000	26607	12	600	26607	24	50	27057	1	50	27067	2	300	26607	18
555	1	137	第一场战斗	0	0		10000	26607	6	0	27058	1	0	0	0	0	0	0	0	0	0	0	0	0
556	1	137	第二场战斗	0	0		10000	26607	6	0	27058	1	0	0	0	0	0	0	0	0	0	0	0	0
557	1	137	boss战斗	1	552493		10000	26607	6	0	27058	1	0	0	0	0	0	0	0	0	0	0	0	0
558	1	137	翻牌	0	0		7300	26607	6	2000	26607	12	600	26607	24	50	27058	1	50	27067	2	300	26607	18
559	1	138	第一场战斗	0	0		10000	26607	6	0	27059	1	0	0	0	0	0	0	0	0	0	0	0	0
560	1	138	第二场战斗	0	0		10000	26607	6	0	27059	1	0	0	0	0	0	0	0	0	0	0	0	0
561	1	138	boss战斗	1	557805		10000	26607	6	0	27059	1	0	0	0	0	0	0	0	0	0	0	0	0
562	1	138	翻牌	0	0		7300	26607	6	2000	26607	12	600	26607	24	50	27059	1	50	27067	2	300	26607	18
563	1	139	第一场战斗	0	0		10000	26607	6	0	27060	1	0	0	0	0	0	0	0	0	0	0	0	0
564	1	139	第二场战斗	0	0		10000	26607	6	0	27060	1	0	0	0	0	0	0	0	0	0	0	0	0
565	1	139	boss战斗	1	563117		10000	26607	6	0	27060	1	0	0	0	0	0	0	0	0	0	0	0	0
566	1	139	翻牌	0	0		7300	26607	6	2000	26607	12	600	26607	24	50	27060	1	50	27067	2	300	26607	18
567	1	140	第一场战斗	0	0		10000	26607	6	0	27061	1	0	0	0	0	0	0	0	0	0	0	0	0
568	1	140	第二场战斗	0	0		10000	26607	6	0	27061	1	0	0	0	0	0	0	0	0	0	0	0	0
569	1	140	boss战斗	1	568429		10000	26607	6	0	27061	1	0	0	0	0	0	0	0	0	0	0	0	0
570	1	140	翻牌	0	0		7300	26607	6	2000	26607	12	600	26607	24	50	27061	1	50	27067	2	300	26607	18
571	1	141	第一场战斗	0	0		10000	26607	6	0	27062	1	0	0	0	0	0	0	0	0	0	0	0	0
572	1	141	第二场战斗	0	0		10000	26607	6	0	27062	1	0	0	0	0	0	0	0	0	0	0	0	0
573	1	141	boss战斗	1	573741		10000	26607	6	0	27062	1	0	0	0	0	0	0	0	0	0	0	0	0
574	1	141	翻牌	0	0		7300	26607	6	2000	26607	12	600	26607	24	50	27062	1	50	27067	2	300	26607	18
575	1	142	第一场战斗	0	0		10000	26607	6	0	27057	1	0	0	0	0	0	0	0	0	0	0	0	0
576	1	142	第二场战斗	0	0		10000	26607	6	0	27057	1	0	0	0	0	0	0	0	0	0	0	0	0
577	1	142	boss战斗	1	579053		10000	26607	6	0	27057	1	0	0	0	0	0	0	0	0	0	0	0	0
578	1	142	翻牌	0	0		7300	26607	6	2000	26607	12	600	26607	24	50	27057	1	50	27067	2	300	26607	18
579	1	143	第一场战斗	0	0		10000	27066	3	0	27908	1	0	0	0	0	0	0	0	0	0	0	0	0
580	1	143	第二场战斗	0	0		10000	27066	3	0	27908	1	0	0	0	0	0	0	0	0	0	0	0	0
581	1	143	boss战斗	1	591853		10000	27066	3	0	27908	1	0	0	0	0	0	0	0	0	0	0	0	0
582	1	143	翻牌	0	0		7300	27066	3	2000	27066	6	600	27066	12	50	27908	1	50	27926	1	300	27066	9
583	1	144	第一场战斗	0	0		10000	27066	3	0	27909	1	0	0	0	0	0	0	0	0	0	0	0	0
584	1	144	第二场战斗	0	0		10000	27066	3	0	27909	1	0	0	0	0	0	0	0	0	0	0	0	0
585	1	144	boss战斗	1	597165		10000	27066	3	0	27909	1	0	0	0	0	0	0	0	0	0	0	0	0
586	1	144	翻牌	0	0		7300	27066	3	2000	27066	6	600	27066	12	50	27909	1	50	27926	1	300	27066	9
587	1	145	第一场战斗	0	0		10000	27066	3	0	27910	1	0	0	0	0	0	0	0	0	0	0	0	0
588	1	145	第二场战斗	0	0		10000	27066	3	0	27910	1	0	0	0	0	0	0	0	0	0	0	0	0
589	1	145	boss战斗	1	602477		10000	27066	3	0	27910	1	0	0	0	0	0	0	0	0	0	0	0	0
590	1	145	翻牌	0	0		7300	27066	3	2000	27066	6	600	27066	12	50	27910	1	50	27926	1	300	27066	9
591	1	146	第一场战斗	0	0		10000	27066	3	0	27911	1	0	0	0	0	0	0	0	0	0	0	0	0
592	1	146	第二场战斗	0	0		10000	27066	3	0	27911	1	0	0	0	0	0	0	0	0	0	0	0	0
593	1	146	boss战斗	1	607789		10000	27066	3	0	27911	1	0	0	0	0	0	0	0	0	0	0	0	0
594	1	146	翻牌	0	0		7300	27066	3	2000	27066	6	600	27066	12	50	27911	1	50	27926	1	300	27066	9
595	1	147	第一场战斗	0	0		10000	27066	3	0	27912	1	0	0	0	0	0	0	0	0	0	0	0	0
596	1	147	第二场战斗	0	0		10000	27066	3	0	27912	1	0	0	0	0	0	0	0	0	0	0	0	0
597	1	147	boss战斗	1	613101		10000	27066	3	0	27912	1	0	0	0	0	0	0	0	0	0	0	0	0
598	1	147	翻牌	0	0		7300	27066	3	2000	27066	6	600	27066	12	50	27912	1	50	27926	1	300	27066	9
599	1	148	第一场战斗	0	0		10000	27066	3	0	27907	1	0	0	0	0	0	0	0	0	0	0	0	0
600	1	148	第二场战斗	0	0		10000	27066	3	0	27907	1	0	0	0	0	0	0	0	0	0	0	0	0
601	1	148	boss战斗	1	618413		10000	27066	3	0	27907	1	0	0	0	0	0	0	0	0	0	0	0	0
602	1	148	翻牌	0	0		7300	27066	3	2000	27066	6	600	27066	12	50	27907	1	50	27926	1	300	27066	9
603	1	149	第一场战斗	0	0		10000	27066	3	0	27907	1	0	0	0	0	0	0	0	0	0	0	0	0
604	1	149	第二场战斗	0	0		10000	27066	3	0	27907	1	0	0	0	0	0	0	0	0	0	0	0	0
605	1	149	boss战斗	1	623725		10000	27066	3	0	27907	1	0	0	0	0	0	0	0	0	0	0	0	0
606	1	149	翻牌	0	0		7300	27066	3	2000	27066	6	600	27066	12	50	27907	1	50	27926	1	300	27066	9
607	1	150	第一场战斗	0	0		10000	27066	3	0	27908	1	0	0	0	0	0	0	0	0	0	0	0	0
608	1	150	第二场战斗	0	0		10000	27066	3	0	27908	1	0	0	0	0	0	0	0	0	0	0	0	0
609	1	150	boss战斗	1	629037		10000	27066	3	0	27908	1	0	0	0	0	0	0	0	0	0	0	0	0
610	1	150	翻牌	0	0		7300	27066	3	2000	27066	6	600	27066	12	50	27908	1	50	27926	1	300	27066	9
611	1	151	第一场战斗	0	0		10000	27066	3	0	27909	1	0	0	0	0	0	0	0	0	0	0	0	0
612	1	151	第二场战斗	0	0		10000	27066	3	0	27909	1	0	0	0	0	0	0	0	0	0	0	0	0
613	1	151	boss战斗	1	634349		10000	27066	3	0	27909	1	0	0	0	0	0	0	0	0	0	0	0	0
614	1	151	翻牌	0	0		7300	27066	3	2000	27066	6	600	27066	12	50	27909	1	50	27926	1	300	27066	9
615	1	152	第一场战斗	0	0		10000	27066	3	0	27910	1	0	0	0	0	0	0	0	0	0	0	0	0
616	1	152	第二场战斗	0	0		10000	27066	3	0	27910	1	0	0	0	0	0	0	0	0	0	0	0	0
617	1	152	boss战斗	1	639661		10000	27066	3	0	27910	1	0	0	0	0	0	0	0	0	0	0	0	0
618	1	152	翻牌	0	0		7300	27066	3	2000	27066	6	600	27066	12	50	27910	1	50	27926	1	300	27066	9
619	1	153	第一场战斗	0	0		10000	27066	6	0	27911	1	0	0	0	0	0	0	0	0	0	0	0	0
620	1	153	第二场战斗	0	0		10000	27066	6	0	27911	1	0	0	0	0	0	0	0	0	0	0	0	0
621	1	153	boss战斗	1	644973		10000	27066	6	0	27911	1	0	0	0	0	0	0	0	0	0	0	0	0
622	1	153	翻牌	0	0		7300	27066	6	2000	27066	12	600	27066	24	50	27911	1	50	27926	2	300	27066	18
623	1	154	第一场战斗	0	0		10000	27066	6	0	27912	1	0	0	0	0	0	0	0	0	0	0	0	0
624	1	154	第二场战斗	0	0		10000	27066	6	0	27912	1	0	0	0	0	0	0	0	0	0	0	0	0
625	1	154	boss战斗	1	650285		10000	27066	6	0	27912	1	0	0	0	0	0	0	0	0	0	0	0	0
626	1	154	翻牌	0	0		7300	27066	6	2000	27066	12	600	27066	24	50	27912	1	50	27926	2	300	27066	18
627	1	155	第一场战斗	0	0		10000	27066	6	0	27907	1	0	0	0	0	0	0	0	0	0	0	0	0
628	1	155	第二场战斗	0	0		10000	27066	6	0	27907	1	0	0	0	0	0	0	0	0	0	0	0	0
629	1	155	boss战斗	1	655597		10000	27066	6	0	27907	1	0	0	0	0	0	0	0	0	0	0	0	0
630	1	155	翻牌	0	0		7300	27066	6	2000	27066	12	600	27066	24	50	27907	1	50	27926	2	300	27066	18
631	1	156	第一场战斗	0	0		10000	27066	6	0	27907	1	0	0	0	0	0	0	0	0	0	0	0	0
632	1	156	第二场战斗	0	0		10000	27066	6	0	27907	1	0	0	0	0	0	0	0	0	0	0	0	0
633	1	156	boss战斗	1	660909		10000	27066	6	0	27907	1	0	0	0	0	0	0	0	0	0	0	0	0
634	1	156	翻牌	0	0		7300	27066	6	2000	27066	12	600	27066	24	50	27907	1	50	27926	2	300	27066	18
635	1	157	第一场战斗	0	0		10000	27066	6	0	27908	1	0	0	0	0	0	0	0	0	0	0	0	0
636	1	157	第二场战斗	0	0		10000	27066	6	0	27908	1	0	0	0	0	0	0	0	0	0	0	0	0
637	1	157	boss战斗	1	666221		10000	27066	6	0	27908	1	0	0	0	0	0	0	0	0	0	0	0	0
638	1	157	翻牌	0	0		7300	27066	6	2000	27066	12	600	27066	24	50	27908	1	50	27926	2	300	27066	18
639	1	158	第一场战斗	0	0		10000	27066	6	0	27909	1	0	0	0	0	0	0	0	0	0	0	0	0
640	1	158	第二场战斗	0	0		10000	27066	6	0	27909	1	0	0	0	0	0	0	0	0	0	0	0	0
641	1	158	boss战斗	1	671533		10000	27066	6	0	27909	1	0	0	0	0	0	0	0	0	0	0	0	0
642	1	158	翻牌	0	0		7300	27066	6	2000	27066	12	600	27066	24	50	27909	1	50	27926	2	300	27066	18
643	1	159	第一场战斗	0	0		10000	27066	6	0	27910	1	0	0	0	0	0	0	0	0	0	0	0	0
644	1	159	第二场战斗	0	0		10000	27066	6	0	27910	1	0	0	0	0	0	0	0	0	0	0	0	0
645	1	159	boss战斗	1	676845		10000	27066	6	0	27910	1	0	0	0	0	0	0	0	0	0	0	0	0
646	1	159	翻牌	0	0		7300	27066	6	2000	27066	12	600	27066	24	50	27910	1	50	27926	2	300	27066	18
647	1	160	第一场战斗	0	0		10000	27066	6	0	27911	1	0	0	0	0	0	0	0	0	0	0	0	0
648	1	160	第二场战斗	0	0		10000	27066	6	0	27911	1	0	0	0	0	0	0	0	0	0	0	0	0
649	1	160	boss战斗	1	682157		10000	27066	6	0	27911	1	0	0	0	0	0	0	0	0	0	0	0	0
650	1	160	翻牌	0	0		7300	27066	6	2000	27066	12	600	27066	24	50	27911	1	50	27926	2	300	27066	18
651	1	161	第一场战斗	0	0		10000	27066	6	0	27912	1	0	0	0	0	0	0	0	0	0	0	0	0
652	1	161	第二场战斗	0	0		10000	27066	6	0	27912	1	0	0	0	0	0	0	0	0	0	0	0	0
653	1	161	boss战斗	1	687469		10000	27066	6	0	27912	1	0	0	0	0	0	0	0	0	0	0	0	0
654	1	161	翻牌	0	0		7300	27066	6	2000	27066	12	600	27066	24	50	27912	1	50	27926	2	300	27066	18
655	1	162	第一场战斗	0	0		10000	27066	6	0	27907	1	0	0	0	0	0	0	0	0	0	0	0	0
656	1	162	第二场战斗	0	0		10000	27066	6	0	27907	1	0	0	0	0	0	0	0	0	0	0	0	0
657	1	162	boss战斗	1	692781		10000	27066	6	0	27907	1	0	0	0	0	0	0	0	0	0	0	0	0
658	1	162	翻牌	0	0		7300	27066	6	2000	27066	12	600	27066	24	50	27907	1	50	27926	2	300	27066	18
