index	levelRange	rate
key	角色等级段	概率
1	1	[(30,1500),(31,1500),(32,1500),(33,1500),(34,2500),(35,1000),(36,500)]
2	2	[(30,1500),(38,1500),(32,1500),(33,1500),(34,2500),(35,1000),(36,500)]
3	3	[(37,1200),(39,1000),(40,1000),(41,1100),(42,1000),(43,1200),(34,1050),(35,600),(36,300),(44,1000),(45,400),(46,150)]
4	4	[(37,1200),(47,1000),(48,1000),(49,1100),(50,1000),(43,1200),(34,1050),(35,600),(36,300),(44,1000),(45,400),(46,150)]
5	5	[(37,1200),(51,1000),(52,1000),(53,1100),(54,1000),(43,1200),(34,1050),(35,600),(36,300),(44,1000),(45,400),(46,150)]
6	6	[(55,1200),(57,1000),(58,1000),(59,1100),(60,1000),(56,1200),(34,1050),(35,600),(36,300),(44,1000),(45,400),(46,150)]
7	7	[(55,1200),(61,1000),(62,1000),(63,1100),(64,1000),(56,1200),(34,1050),(35,600),(36,300),(44,1000),(45,400),(46,150)]
8	8	[(55,1200),(65,1000),(66,1000),(67,1100),(68,1000),(56,1200),(34,1050),(35,600),(36,300),(44,1000),(45,400),(46,150)]
