world_level	silver_rate	gold_rate	silver_reward_preview	gold_reward_preview
世界等级	银子锄头概率表(索引：概率)	金锄头概率表(索引：概率)	银子锄头概率表预览索引	金锄头概率表预览索引
1	[(1,250),(2,500),(3,1000),(4,200),(5,400),(6,800),(7,500),(8,500),(9,1000),(10,1000),(11,1000),(12,500),(13,1000),(14,800)]	[(101,25),(102,25),(103,25),(104,810),(105,810),(106,220),(107,400),(108,1125),(109,180),(110,360),(111,810),(112,810),(113,810),(114,920),(115,630),(116,360),(117,180),(118,160),(119,160),(120,160),(121,160),(122,160),(123,160)]	[1,2,4,5,7,8,11,13,14]	[101,102,103,104,105,112,113,114,301]
2	[(1,250),(2,500),(3,1000),(4,200),(5,400),(6,800),(7,500),(8,500),(9,1000),(10,1000),(11,1000),(12,500),(13,1000),(14,800)]	[(101,25),(102,25),(103,25),(104,810),(105,810),(106,220),(107,400),(108,1125),(109,180),(110,360),(111,810),(112,810),(113,810),(114,920),(115,630),(116,360),(117,180),(118,160),(119,160),(120,160),(121,160),(122,160),(123,160)]	[1,2,4,5,7,8,11,13,14]	[101,102,103,104,105,112,113,114,301]
3	[(1,250),(2,500),(3,1000),(4,200),(5,400),(6,800),(7,500),(8,500),(9,1000),(10,1000),(11,1000),(12,500),(13,1000),(14,800)]	[(101,25),(102,25),(103,25),(104,810),(105,810),(106,220),(107,400),(108,1125),(109,180),(110,360),(111,810),(112,810),(113,810),(114,920),(115,630),(116,360),(117,180),(118,160),(119,160),(120,160),(121,160),(122,160),(123,160)]	[1,2,4,5,7,8,11,13,14]	[101,102,103,104,105,112,113,114,301]
4	[(1,250),(2,500),(3,1000),(4,200),(5,400),(6,800),(7,500),(8,500),(9,1000),(10,1000),(11,1000),(12,500),(13,1000),(14,800)]	[(101,25),(102,25),(103,25),(104,810),(105,810),(106,220),(107,400),(108,1125),(109,180),(110,360),(111,810),(112,810),(113,810),(114,920),(115,630),(116,360),(117,180),(118,160),(119,160),(120,160),(121,160),(122,160),(123,160)]	[1,2,4,5,7,8,11,13,14]	[101,102,103,104,105,112,113,114,301]
5	[(1,250),(2,500),(3,1000),(4,200),(5,400),(6,800),(7,500),(8,500),(9,1000),(10,1000),(11,1000),(12,500),(13,1000),(14,800)]	[(101,25),(102,25),(103,25),(104,810),(105,810),(106,220),(107,400),(108,1125),(109,180),(110,360),(111,810),(112,810),(113,810),(114,920),(115,630),(116,360),(117,180),(118,160),(119,160),(120,160),(121,160),(122,160),(123,160)]	[1,2,4,5,7,8,11,13,14]	[101,102,103,104,105,112,113,114,301]
6	[(1,250),(2,500),(3,1000),(4,200),(5,400),(6,800),(7,500),(8,500),(9,1000),(10,1000),(11,1000),(12,500),(13,1000),(14,800)]	[(101,25),(102,25),(103,25),(104,810),(105,810),(106,220),(107,400),(108,1125),(109,180),(110,360),(111,810),(112,810),(113,810),(114,920),(115,630),(116,360),(117,180),(118,160),(119,160),(120,160),(121,160),(122,160),(123,160)]	[1,2,4,5,7,8,11,13,14]	[101,102,103,104,105,112,113,114,301]
7	[(1,250),(2,500),(3,1000),(4,200),(5,400),(6,800),(7,500),(8,500),(9,1000),(10,1000),(11,1000),(12,500),(13,1000),(14,800)]	[(101,25),(102,25),(103,25),(104,810),(105,810),(106,220),(107,400),(108,1125),(109,180),(110,360),(111,810),(112,810),(113,810),(114,920),(115,630),(116,360),(117,180),(118,160),(119,160),(120,160),(121,160),(122,160),(123,160)]	[1,2,4,5,7,8,11,13,14]	[101,102,103,104,105,112,113,114,301]
8	[(1,250),(2,500),(3,1000),(4,200),(5,400),(6,800),(7,500),(8,500),(9,1000),(10,1000),(11,1000),(12,500),(13,1000),(14,800)]	[(101,25),(102,25),(103,25),(104,810),(105,810),(106,220),(107,400),(108,1125),(109,180),(110,360),(111,810),(112,810),(113,810),(114,920),(115,630),(116,360),(117,180),(118,160),(119,160),(120,160),(121,160),(122,160),(123,160)]	[1,2,4,5,7,8,11,13,14]	[101,102,103,104,105,112,113,114,301]
9	[(1,250),(2,500),(3,1000),(4,200),(5,400),(6,800),(7,500),(8,500),(9,1000),(10,1000),(11,1000),(12,500),(13,1000),(14,800)]	[(101,25),(102,25),(103,25),(104,810),(105,810),(106,220),(107,400),(108,1125),(109,180),(110,360),(111,810),(112,810),(113,810),(114,920),(115,630),(116,360),(117,180),(118,160),(119,160),(120,160),(121,160),(122,160),(123,160)]	[1,2,4,5,7,8,11,13,14]	[101,102,103,104,105,112,113,114,301]
10	[(1,250),(2,500),(3,1000),(4,200),(5,400),(6,800),(7,500),(8,500),(9,1000),(10,1000),(11,1000),(12,500),(13,1000),(14,800)]	[(101,25),(102,25),(103,25),(104,810),(105,810),(106,220),(107,400),(108,1125),(109,180),(110,360),(111,810),(112,810),(113,810),(114,920),(115,630),(116,360),(117,180),(118,160),(119,160),(120,160),(121,160),(122,160),(123,160)]	[1,2,4,5,7,8,11,13,14]	[101,102,103,104,105,112,113,114,301]
11	[(1,250),(2,500),(3,1000),(4,200),(5,400),(6,800),(7,500),(8,500),(9,1000),(10,1000),(11,1000),(12,500),(13,1000),(14,800)]	[(101,25),(102,25),(103,25),(104,810),(105,810),(106,220),(107,400),(108,1125),(109,180),(110,360),(111,810),(112,810),(113,810),(114,920),(115,630),(116,360),(117,180),(118,160),(119,160),(120,160),(121,160),(122,160),(123,160)]	[1,2,4,5,7,8,11,13,14]	[101,102,103,104,105,112,113,114,301]
12	[(1,250),(2,500),(3,1000),(4,200),(5,400),(6,800),(7,500),(8,500),(9,1000),(10,1000),(11,1000),(12,500),(13,1000),(14,800)]	[(101,25),(102,25),(103,25),(104,810),(105,810),(106,220),(107,400),(108,1125),(109,180),(110,360),(111,810),(112,810),(113,810),(114,920),(115,630),(116,360),(117,180),(118,160),(119,160),(120,160),(121,160),(122,160),(123,160)]	[1,2,4,5,7,8,11,13,14]	[101,102,103,104,105,112,113,114,301]
13	[(1,250),(2,500),(3,1000),(4,200),(5,400),(6,800),(7,500),(8,500),(9,1000),(10,1000),(11,1000),(12,500),(13,1000),(14,800)]	[(101,25),(102,25),(103,25),(104,810),(105,810),(106,220),(107,400),(108,1125),(109,180),(110,360),(111,810),(112,810),(113,810),(114,920),(115,630),(116,360),(117,180),(118,160),(119,160),(120,160),(121,160),(122,160),(123,160)]	[1,2,4,5,7,8,11,13,14]	[101,102,103,104,105,112,113,114,301]
14	[(1,250),(2,500),(3,1000),(4,200),(5,400),(6,800),(7,500),(8,500),(9,1000),(10,1000),(11,1000),(12,500),(13,1000),(14,800)]	[(101,25),(102,25),(103,25),(104,810),(105,810),(106,220),(107,400),(108,1125),(109,180),(110,360),(111,810),(112,810),(113,810),(114,920),(115,630),(116,360),(117,180),(118,160),(119,160),(120,160),(121,160),(122,160),(123,160)]	[1,2,4,5,7,8,11,13,14]	[101,102,103,104,105,112,113,114,301]
15	[(1,250),(2,500),(3,1000),(4,200),(5,400),(6,800),(7,500),(8,500),(9,1000),(10,1000),(11,1000),(12,500),(13,1000),(14,800)]	[(101,25),(102,25),(103,25),(104,810),(105,810),(106,220),(107,400),(108,1125),(109,180),(110,360),(111,810),(112,810),(113,810),(114,920),(115,630),(116,360),(117,180),(118,160),(119,160),(120,160),(121,160),(122,160),(123,160)]	[1,2,4,5,7,8,11,13,14]	[101,102,103,104,105,112,113,114,301]
16	[(1,250),(2,500),(3,1000),(4,200),(5,400),(6,800),(7,500),(8,500),(9,1000),(10,1000),(11,1000),(12,500),(13,1000),(14,800)]	[(101,25),(102,25),(103,25),(104,810),(105,810),(106,220),(107,400),(108,1125),(109,180),(110,360),(111,810),(112,810),(113,810),(114,920),(115,630),(116,360),(117,180),(118,160),(119,160),(120,160),(121,160),(122,160),(123,160)]	[1,2,4,5,7,8,11,13,14]	[101,102,103,104,105,112,113,114,301]
17	[(1,250),(2,500),(3,1000),(4,200),(5,400),(6,800),(7,500),(8,500),(9,1000),(10,1000),(11,1000),(12,500),(13,1000),(14,800)]	[(101,25),(102,25),(103,25),(104,810),(105,810),(106,220),(107,400),(108,1125),(109,180),(110,360),(111,810),(112,810),(113,810),(114,920),(115,630),(116,360),(117,180),(118,160),(119,160),(120,160),(121,160),(122,160),(123,160)]	[1,2,4,5,7,8,11,13,14]	[101,102,103,104,105,112,113,114,301]
18	[(1,250),(2,500),(3,1000),(4,200),(5,400),(6,800),(7,500),(8,500),(9,1000),(10,1000),(11,1000),(12,500),(13,1000),(14,800)]	[(101,25),(102,25),(103,25),(104,810),(105,810),(106,220),(107,400),(108,1125),(109,180),(110,360),(111,810),(112,810),(113,810),(114,920),(115,630),(116,360),(117,180),(118,160),(119,160),(120,160),(121,160),(122,160),(123,160)]	[1,2,4,5,7,8,11,13,14]	[101,102,103,104,105,112,113,114,301]
19	[(1,250),(2,500),(3,1000),(4,200),(5,400),(6,800),(7,500),(8,500),(9,1000),(10,1000),(11,1000),(12,500),(13,1000),(14,800)]	[(101,25),(102,25),(103,25),(104,810),(105,810),(106,220),(107,400),(108,1125),(109,180),(110,360),(111,810),(112,810),(113,810),(114,920),(115,630),(116,360),(117,180),(118,160),(119,160),(120,160),(121,160),(122,160),(123,160)]	[1,2,4,5,7,8,11,13,14]	[101,102,103,104,105,112,113,114,301]
20	[(1,250),(2,500),(3,1000),(4,200),(5,400),(6,800),(7,500),(8,500),(9,1000),(10,1000),(11,1000),(12,500),(13,1000),(14,800)]	[(101,25),(102,25),(103,25),(104,810),(105,810),(106,220),(107,400),(108,1125),(109,180),(110,360),(111,810),(112,810),(113,810),(114,920),(115,630),(116,360),(117,180),(118,160),(119,160),(120,160),(121,160),(122,160),(123,160)]	[1,2,4,5,7,8,11,13,14]	[101,102,103,104,105,112,113,114,301]
21	[(1,250),(2,500),(3,1000),(4,200),(5,400),(6,800),(7,500),(8,500),(9,1000),(10,1000),(11,1000),(12,500),(13,1000),(14,800)]	[(101,25),(102,25),(103,25),(104,810),(105,810),(106,220),(107,400),(108,1125),(109,180),(110,360),(111,810),(112,810),(113,810),(114,920),(115,630),(116,360),(117,180),(118,160),(119,160),(120,160),(121,160),(122,160),(123,160)]	[1,2,4,5,7,8,11,13,14]	[101,102,103,104,105,112,113,114,301]
22	[(1,250),(2,500),(3,1000),(4,200),(5,400),(6,800),(7,500),(8,500),(9,1000),(10,1000),(11,1000),(12,500),(13,1000),(14,800)]	[(101,25),(102,25),(103,25),(104,810),(105,810),(106,220),(107,400),(108,1125),(109,180),(110,360),(111,810),(112,810),(113,810),(114,920),(115,630),(116,360),(117,180),(118,160),(119,160),(120,160),(121,160),(122,160),(123,160)]	[1,2,4,5,7,8,11,13,14]	[101,102,103,104,105,112,113,114,301]
23	[(1,250),(2,500),(3,1000),(4,200),(5,400),(6,800),(7,500),(8,500),(9,1000),(10,1000),(11,1000),(12,500),(13,1000),(14,800)]	[(101,25),(102,25),(103,25),(104,810),(105,810),(106,220),(107,400),(108,1125),(109,180),(110,360),(111,810),(112,810),(113,810),(114,920),(115,630),(116,360),(117,180),(118,160),(119,160),(120,160),(121,160),(122,160),(123,160)]	[1,2,4,5,7,8,11,13,14]	[101,102,103,104,105,112,113,114,301]
24	[(1,250),(2,500),(3,1000),(4,200),(5,400),(6,800),(7,500),(8,500),(9,1000),(10,1000),(11,1000),(12,500),(13,1000),(14,800)]	[(101,25),(102,25),(103,25),(104,810),(105,810),(106,220),(107,400),(108,1125),(109,180),(110,360),(111,810),(112,810),(113,810),(114,920),(115,630),(116,360),(117,180),(118,160),(119,160),(120,160),(121,160),(122,160),(123,160)]	[1,2,4,5,7,8,11,13,14]	[101,102,103,104,105,112,113,114,301]
25	[(1,250),(2,500),(3,1000),(4,200),(5,400),(6,800),(7,500),(8,500),(9,1000),(10,1000),(11,1000),(12,500),(13,1000),(14,800)]	[(101,25),(102,25),(103,25),(104,810),(105,810),(106,220),(107,400),(108,1125),(109,180),(110,360),(111,810),(112,810),(113,810),(114,920),(115,630),(116,360),(117,180),(118,160),(119,160),(120,160),(121,160),(122,160),(123,160)]	[1,2,4,5,7,8,11,13,14]	[101,102,103,104,105,112,113,114,301]
26	[(1,250),(2,500),(3,1000),(4,200),(5,400),(6,800),(7,500),(8,500),(9,1000),(10,1000),(11,1000),(12,500),(13,1000),(14,800)]	[(101,25),(102,25),(103,25),(104,810),(105,810),(106,220),(107,400),(108,1125),(109,180),(110,360),(111,810),(112,810),(113,810),(114,920),(115,630),(116,360),(117,180),(118,160),(119,160),(120,160),(121,160),(122,160),(123,160)]	[1,2,4,5,7,8,11,13,14]	[101,102,103,104,105,112,113,114,301]
27	[(1,250),(2,500),(3,1000),(4,200),(5,400),(6,800),(7,500),(8,500),(9,1000),(10,1000),(11,1000),(12,500),(13,1000),(14,800)]	[(101,25),(102,25),(103,25),(104,810),(105,810),(106,220),(107,400),(108,1125),(109,180),(110,360),(111,810),(112,810),(113,810),(114,920),(115,630),(116,360),(117,180),(118,160),(119,160),(120,160),(121,160),(122,160),(123,160)]	[1,2,4,5,7,8,11,13,14]	[101,102,103,104,105,112,113,114,301]
28	[(1,250),(2,500),(3,1000),(4,200),(5,400),(6,800),(7,500),(8,500),(9,1000),(10,1000),(11,1000),(12,500),(13,1000),(14,800)]	[(101,25),(102,25),(103,25),(104,810),(105,810),(106,220),(107,400),(108,1125),(109,180),(110,360),(111,810),(112,810),(113,810),(114,920),(115,630),(116,360),(117,180),(118,160),(119,160),(120,160),(121,160),(122,160),(123,160)]	[1,2,4,5,7,8,11,13,14]	[101,102,103,104,105,112,113,114,301]
29	[(1,250),(2,500),(3,1000),(4,200),(5,400),(6,800),(7,500),(8,500),(9,1000),(10,1000),(11,1000),(12,500),(13,1000),(14,800)]	[(101,25),(102,25),(103,25),(104,810),(105,810),(106,220),(107,400),(108,1125),(109,180),(110,360),(111,810),(112,810),(113,810),(114,920),(115,630),(116,360),(117,180),(118,160),(119,160),(120,160),(121,160),(122,160),(123,160)]	[1,2,4,5,7,8,11,13,14]	[101,102,103,104,105,112,113,114,301]
30	[(1,250),(2,500),(3,1000),(4,200),(5,400),(6,800),(7,500),(8,500),(9,1000),(10,1000),(11,1000),(12,500),(13,1000),(14,800)]	[(101,25),(102,25),(103,25),(104,810),(105,810),(106,220),(107,400),(108,1125),(109,180),(110,360),(111,810),(112,810),(113,810),(114,920),(115,630),(116,360),(117,180),(118,160),(119,160),(120,160),(121,160),(122,160),(123,160)]	[1,2,4,5,7,8,11,13,14]	[101,102,103,104,105,112,113,114,301]
31	[(1,250),(2,500),(3,1000),(4,200),(5,400),(6,800),(7,500),(8,500),(9,1000),(10,1000),(11,1000),(12,500),(13,1000),(14,800)]	[(101,25),(102,25),(103,25),(104,810),(105,810),(106,220),(107,400),(108,1125),(109,180),(110,360),(111,810),(112,810),(113,810),(114,920),(115,630),(116,360),(117,180),(118,160),(119,160),(120,160),(121,160),(122,160),(123,160)]	[1,2,4,5,7,8,11,13,14]	[101,102,103,104,105,112,113,114,301]
32	[(1,250),(2,500),(3,1000),(4,200),(5,400),(6,800),(7,500),(8,500),(9,1000),(10,1000),(11,1000),(12,500),(13,1000),(14,800)]	[(101,25),(102,25),(103,25),(104,810),(105,810),(106,220),(107,400),(108,1125),(109,180),(110,360),(111,810),(112,810),(113,810),(114,920),(115,630),(116,360),(117,180),(118,160),(119,160),(120,160),(121,160),(122,160),(123,160)]	[1,2,4,5,7,8,11,13,14]	[101,102,103,104,105,112,113,114,301]
33	[(1,250),(2,500),(3,1000),(4,200),(5,400),(6,800),(7,500),(8,500),(9,1000),(10,1000),(11,1000),(12,500),(13,1000),(14,800)]	[(101,25),(102,25),(103,25),(104,810),(105,810),(106,220),(107,400),(108,1125),(109,180),(110,360),(111,810),(112,810),(113,810),(114,920),(115,630),(116,360),(117,180),(118,160),(119,160),(120,160),(121,160),(122,160),(123,160)]	[1,2,4,5,7,8,11,13,14]	[101,102,103,104,105,112,113,114,301]
34	[(1,250),(2,500),(3,1000),(4,200),(5,400),(6,800),(7,500),(8,500),(9,1000),(10,1000),(11,1000),(12,500),(13,1000),(14,800)]	[(101,25),(102,25),(103,25),(104,810),(105,810),(106,220),(107,400),(108,1125),(109,180),(110,360),(111,810),(112,810),(113,810),(114,920),(115,630),(116,360),(117,180),(118,160),(119,160),(120,160),(121,160),(122,160),(123,160)]	[1,2,4,5,7,8,11,13,14]	[101,102,103,104,105,112,113,114,301]
35	[(1,250),(2,500),(3,1000),(4,200),(5,400),(6,800),(7,500),(8,500),(9,1000),(10,1000),(11,1000),(12,500),(13,1000),(14,800)]	[(101,25),(102,25),(103,25),(104,810),(105,810),(106,220),(107,400),(108,1125),(109,180),(110,360),(111,810),(112,810),(113,810),(114,920),(115,630),(116,360),(117,180),(118,160),(119,160),(120,160),(121,160),(122,160),(123,160)]	[1,2,4,5,7,8,11,13,14]	[101,102,103,104,105,112,113,114,301]
36	[(1,250),(2,500),(3,1000),(4,200),(5,400),(6,800),(7,500),(8,500),(9,1000),(10,1000),(11,1000),(12,500),(13,1000),(14,800)]	[(101,25),(102,25),(103,25),(104,810),(105,810),(106,220),(107,400),(108,1125),(109,180),(110,360),(111,810),(112,810),(113,810),(114,920),(115,630),(116,360),(117,180),(118,160),(119,160),(120,160),(121,160),(122,160),(123,160)]	[1,2,4,5,7,8,11,13,14]	[101,102,103,104,105,112,113,114,301]
37	[(1,250),(2,500),(3,1000),(4,200),(5,400),(6,800),(7,500),(8,500),(9,1000),(10,1000),(11,1000),(12,500),(13,1000),(14,800)]	[(101,25),(102,25),(103,25),(104,810),(105,810),(106,220),(107,400),(108,1125),(109,180),(110,360),(111,810),(112,810),(113,810),(114,920),(115,630),(116,360),(117,180),(118,160),(119,160),(120,160),(121,160),(122,160),(123,160)]	[1,2,4,5,7,8,11,13,14]	[101,102,103,104,105,112,113,114,301]
38	[(1,250),(2,500),(3,1000),(4,200),(5,400),(6,800),(7,500),(8,500),(9,1000),(10,1000),(11,1000),(12,500),(13,1000),(14,800)]	[(101,25),(102,25),(103,25),(104,810),(105,810),(106,220),(107,400),(108,1125),(109,180),(110,360),(111,810),(112,810),(113,810),(114,920),(115,630),(116,360),(117,180),(118,160),(119,160),(120,160),(121,160),(122,160),(123,160)]	[1,2,4,5,7,8,11,13,14]	[101,102,103,104,105,112,113,114,301]
39	[(1,250),(2,500),(3,1000),(4,200),(5,400),(6,800),(7,500),(8,500),(9,1000),(10,1000),(11,1000),(12,500),(13,1000),(14,800)]	[(101,25),(102,25),(103,25),(104,810),(105,810),(106,220),(107,400),(108,1125),(109,180),(110,360),(111,810),(112,810),(113,810),(114,920),(115,630),(116,360),(117,180),(118,160),(119,160),(120,160),(121,160),(122,160),(123,160)]	[1,2,4,5,7,8,11,13,14]	[101,102,103,104,105,112,113,114,301]
40	[(1,250),(2,500),(3,1000),(4,200),(5,400),(6,800),(7,500),(8,500),(9,1000),(10,1000),(11,1000),(12,500),(13,1000),(14,800)]	[(101,25),(102,25),(103,25),(104,810),(105,810),(106,220),(107,400),(108,1125),(109,180),(110,360),(111,810),(112,810),(113,810),(114,920),(115,630),(116,360),(117,180),(118,160),(119,160),(120,160),(121,160),(122,160),(123,160)]	[1,2,4,5,7,8,11,13,14]	[101,102,103,104,105,112,113,114,301]
41	[(1,250),(2,500),(3,1000),(4,200),(5,400),(6,800),(7,500),(8,500),(9,1000),(10,1000),(11,1000),(12,500),(13,1000),(14,800)]	[(101,25),(102,25),(103,25),(104,810),(105,810),(106,220),(107,400),(108,1125),(109,180),(110,360),(111,810),(112,810),(113,810),(114,920),(115,630),(116,360),(117,180),(118,160),(119,160),(120,160),(121,160),(122,160),(123,160)]	[1,2,4,5,7,8,11,13,14]	[101,102,103,104,105,112,113,114,301]
42	[(1,250),(2,500),(3,1000),(4,200),(5,400),(6,800),(7,500),(8,500),(9,1000),(10,1000),(11,1000),(12,500),(13,1000),(14,800)]	[(101,25),(102,25),(103,25),(104,810),(105,810),(106,220),(107,400),(108,1125),(109,180),(110,360),(111,810),(112,810),(113,810),(114,920),(115,630),(116,360),(117,180),(118,160),(119,160),(120,160),(121,160),(122,160),(123,160)]	[1,2,4,5,7,8,11,13,14]	[101,102,103,104,105,112,113,114,301]
43	[(1,250),(2,500),(3,1000),(4,200),(5,400),(6,800),(7,500),(8,500),(9,1000),(10,1000),(11,1000),(12,500),(13,1000),(14,800)]	[(101,25),(102,25),(103,25),(104,810),(105,810),(106,220),(107,400),(108,1125),(109,180),(110,360),(111,810),(112,810),(113,810),(114,920),(115,630),(116,360),(117,180),(118,160),(119,160),(120,160),(121,160),(122,160),(123,160)]	[1,2,4,5,7,8,11,13,14]	[101,102,103,104,105,112,113,114,301]
44	[(1,250),(2,500),(3,1000),(4,200),(5,400),(6,800),(7,500),(8,500),(9,1000),(10,1000),(11,1000),(12,500),(13,1000),(14,800)]	[(101,25),(102,25),(103,25),(104,810),(105,810),(106,220),(107,400),(108,1125),(109,180),(110,360),(111,810),(112,810),(113,810),(114,920),(115,630),(116,360),(117,180),(118,160),(119,160),(120,160),(121,160),(122,160),(123,160)]	[1,2,4,5,7,8,11,13,14]	[101,102,103,104,105,112,113,114,301]
45	[(1,250),(2,500),(3,1000),(4,200),(5,400),(6,800),(7,500),(8,500),(9,1000),(10,1000),(11,1000),(12,500),(13,1000),(14,800)]	[(101,25),(102,25),(103,25),(104,810),(105,810),(106,220),(107,400),(108,1125),(109,180),(110,360),(111,810),(112,810),(113,810),(114,920),(115,630),(116,360),(117,180),(118,160),(119,160),(120,160),(121,160),(122,160),(123,160)]	[1,2,4,5,7,8,11,13,14]	[101,102,103,104,105,112,113,114,301]
46	[(1,250),(2,500),(3,1000),(4,200),(5,400),(6,800),(7,500),(8,500),(9,1000),(10,1000),(11,1000),(12,500),(13,1000),(14,800)]	[(101,25),(102,25),(103,25),(104,810),(105,810),(106,220),(107,400),(108,1125),(109,180),(110,360),(111,810),(112,810),(113,810),(114,920),(115,630),(116,360),(117,180),(118,160),(119,160),(120,160),(121,160),(122,160),(123,160)]	[1,2,4,5,7,8,11,13,14]	[101,102,103,104,105,112,113,114,301]
47	[(1,250),(2,500),(3,1000),(4,200),(5,400),(6,800),(7,500),(8,500),(9,1000),(10,1000),(11,1000),(12,500),(13,1000),(14,800)]	[(101,25),(102,25),(103,25),(104,810),(105,810),(106,220),(107,400),(108,1125),(109,180),(110,360),(111,810),(112,810),(113,810),(114,920),(115,630),(116,360),(117,180),(118,160),(119,160),(120,160),(121,160),(122,160),(123,160)]	[1,2,4,5,7,8,11,13,14]	[101,102,103,104,105,112,113,114,301]
48	[(1,250),(2,500),(3,1000),(4,200),(5,400),(6,800),(7,500),(8,500),(9,1000),(10,1000),(11,1000),(12,500),(13,1000),(14,800)]	[(101,25),(102,25),(103,25),(104,810),(105,810),(106,220),(107,400),(108,1125),(109,180),(110,360),(111,810),(112,810),(113,810),(114,920),(115,630),(116,360),(117,180),(118,160),(119,160),(120,160),(121,160),(122,160),(123,160)]	[1,2,4,5,7,8,11,13,14]	[101,102,103,104,105,112,113,114,301]
49	[(1,250),(2,500),(3,1000),(4,200),(5,400),(6,800),(7,500),(8,500),(9,1000),(10,1000),(11,1000),(12,500),(13,1000),(14,800)]	[(101,25),(102,25),(103,25),(104,810),(105,810),(106,220),(107,400),(108,1125),(109,180),(110,360),(111,810),(112,810),(113,810),(114,920),(115,630),(116,360),(117,180),(118,160),(119,160),(120,160),(121,160),(122,160),(123,160)]	[1,2,4,5,7,8,11,13,14]	[101,102,103,104,105,112,113,114,301]
50	[(1,250),(2,500),(3,1000),(4,200),(5,400),(6,800),(7,500),(8,500),(9,1000),(10,1000),(11,1000),(12,500),(13,1000),(14,800)]	[(101,25),(102,25),(103,25),(104,810),(105,810),(106,220),(107,400),(108,1125),(109,180),(110,360),(111,810),(112,810),(113,810),(114,920),(115,630),(116,360),(117,180),(118,160),(119,160),(120,160),(121,160),(122,160),(123,160)]	[1,2,4,5,7,8,11,13,14]	[101,102,103,104,105,112,113,114,301]
51	[(1,250),(2,500),(3,1000),(4,200),(5,400),(6,800),(7,500),(8,500),(9,1000),(10,1000),(11,1000),(12,500),(13,1000),(14,800)]	[(101,25),(102,25),(103,25),(104,810),(105,810),(106,220),(107,400),(108,1125),(109,180),(110,360),(111,810),(112,810),(113,810),(114,920),(115,630),(116,360),(117,180),(118,160),(119,160),(120,160),(121,160),(122,160),(123,160)]	[1,2,4,5,7,8,11,13,14]	[101,102,103,104,105,112,113,114,301]
52	[(1,250),(2,500),(3,1000),(4,200),(5,400),(6,800),(7,500),(8,500),(9,1000),(10,1000),(11,1000),(12,500),(13,1000),(14,800)]	[(101,25),(102,25),(103,25),(104,810),(105,810),(106,220),(107,400),(108,1125),(109,180),(110,360),(111,810),(112,810),(113,810),(114,920),(115,630),(116,360),(117,180),(118,160),(119,160),(120,160),(121,160),(122,160),(123,160)]	[1,2,4,5,7,8,11,13,14]	[101,102,103,104,105,112,113,114,301]
53	[(1,250),(2,500),(3,1000),(4,200),(5,400),(6,800),(7,500),(8,500),(9,1000),(10,1000),(11,1000),(12,500),(13,1000),(14,800)]	[(101,25),(102,25),(103,25),(104,810),(105,810),(106,220),(107,400),(108,1125),(109,180),(110,360),(111,810),(112,810),(113,810),(114,920),(115,630),(116,360),(117,180),(118,160),(119,160),(120,160),(121,160),(122,160),(123,160)]	[1,2,4,5,7,8,11,13,14]	[101,102,103,104,105,112,113,114,301]
54	[(1,250),(2,500),(3,1000),(4,200),(5,400),(6,800),(7,500),(8,500),(9,1000),(10,1000),(11,1000),(12,500),(13,1000),(14,800)]	[(101,25),(102,25),(103,25),(104,810),(105,810),(106,220),(107,400),(108,1125),(109,180),(110,360),(111,810),(112,810),(113,810),(114,920),(115,630),(116,360),(117,180),(118,160),(119,160),(120,160),(121,160),(122,160),(123,160)]	[1,2,4,5,7,8,11,13,14]	[101,102,103,104,105,112,113,114,301]
55	[(1,250),(2,500),(3,1000),(4,200),(5,400),(6,800),(7,500),(8,500),(9,1000),(10,1000),(11,1000),(12,500),(13,1000),(14,800)]	[(101,25),(102,25),(103,25),(104,810),(105,810),(106,220),(107,400),(108,1125),(109,180),(110,360),(111,810),(112,810),(113,810),(114,920),(115,630),(116,360),(117,180),(118,160),(119,160),(120,160),(121,160),(122,160),(123,160)]	[1,2,4,5,7,8,11,13,14]	[101,102,103,104,105,112,113,114,301]
56	[(1,250),(2,500),(3,1000),(4,200),(5,400),(6,800),(7,500),(8,500),(9,1000),(10,1000),(11,1000),(12,500),(13,1000),(14,800)]	[(101,25),(102,25),(103,25),(104,810),(105,810),(106,220),(107,400),(108,1125),(109,180),(110,360),(111,810),(112,810),(113,810),(114,920),(115,630),(116,360),(117,180),(118,160),(119,160),(120,160),(121,160),(122,160),(123,160)]	[1,2,4,5,7,8,11,13,14]	[101,102,103,104,105,112,113,114,301]
57	[(1,250),(2,500),(3,1000),(4,200),(5,400),(6,800),(7,500),(8,500),(9,1000),(10,1000),(11,1000),(12,500),(13,1000),(14,800)]	[(101,25),(102,25),(103,25),(104,810),(105,810),(106,220),(107,400),(108,1125),(109,180),(110,360),(111,810),(112,810),(113,810),(114,920),(115,630),(116,360),(117,180),(118,160),(119,160),(120,160),(121,160),(122,160),(123,160)]	[1,2,4,5,7,8,11,13,14]	[101,102,103,104,105,112,113,114,301]
58	[(1,250),(2,500),(3,1000),(4,200),(5,400),(6,800),(7,500),(8,500),(9,1000),(10,1000),(11,1000),(12,500),(13,1000),(14,800)]	[(101,25),(102,25),(103,25),(104,810),(105,810),(106,220),(107,400),(108,1125),(109,180),(110,360),(111,810),(112,810),(113,810),(114,920),(115,630),(116,360),(117,180),(118,160),(119,160),(120,160),(121,160),(122,160),(123,160)]	[1,2,4,5,7,8,11,13,14]	[101,102,103,104,105,112,113,114,301]
59	[(1,250),(2,500),(3,1000),(4,200),(5,400),(6,800),(7,500),(8,500),(9,1000),(10,1000),(11,1000),(12,500),(13,1000),(14,800)]	[(101,25),(102,25),(103,25),(104,810),(105,810),(106,220),(107,400),(108,1125),(109,180),(110,360),(111,810),(112,810),(113,810),(114,920),(115,630),(116,360),(117,180),(118,160),(119,160),(120,160),(121,160),(122,160),(123,160)]	[1,2,4,5,7,8,11,13,14]	[101,102,103,104,105,112,113,114,301]
60	[(1,250),(2,500),(3,1000),(4,200),(5,400),(6,800),(7,500),(8,500),(9,1000),(10,1000),(11,1000),(12,500),(13,1000),(14,800)]	[(101,25),(102,25),(103,25),(104,810),(105,810),(106,220),(107,400),(108,1125),(109,180),(110,360),(111,810),(112,810),(113,810),(114,920),(115,630),(116,360),(117,180),(118,160),(119,160),(120,160),(121,160),(122,160),(123,160)]	[1,2,4,5,7,8,11,13,14]	[101,102,103,104,105,112,113,114,301]
61	[(1,250),(2,500),(3,1000),(4,200),(5,400),(6,800),(7,500),(8,500),(9,1000),(10,1000),(11,1000),(12,500),(13,1000),(14,800)]	[(101,25),(102,25),(103,25),(104,810),(105,810),(106,220),(107,400),(108,1125),(109,180),(110,360),(111,810),(112,810),(113,810),(114,920),(115,630),(116,360),(117,180),(118,160),(119,160),(120,160),(121,160),(122,160),(123,160)]	[1,2,4,5,7,8,11,13,14]	[101,102,103,104,105,112,113,114,301]
62	[(1,250),(2,500),(3,1000),(4,200),(5,400),(6,800),(7,500),(8,500),(9,1000),(10,1000),(11,1000),(12,500),(13,1000),(14,800)]	[(101,25),(102,25),(103,25),(104,810),(105,810),(106,220),(107,400),(108,1125),(109,180),(110,360),(111,810),(112,810),(113,810),(114,920),(115,630),(116,360),(117,180),(118,160),(119,160),(120,160),(121,160),(122,160),(123,160)]	[1,2,4,5,7,8,11,13,14]	[101,102,103,104,105,112,113,114,301]
63	[(1,250),(2,500),(3,1000),(4,200),(5,400),(6,800),(7,500),(8,500),(9,1000),(10,1000),(11,1000),(12,500),(13,1000),(14,800)]	[(101,25),(102,25),(103,25),(104,810),(105,810),(106,220),(107,400),(108,1125),(109,180),(110,360),(111,810),(112,810),(113,810),(114,920),(115,630),(116,360),(117,180),(118,160),(119,160),(120,160),(121,160),(122,160),(123,160)]	[1,2,4,5,7,8,11,13,14]	[101,102,103,104,105,112,113,114,301]
64	[(1,250),(2,500),(3,1000),(4,200),(5,400),(6,800),(7,500),(8,500),(9,1000),(10,1000),(11,1000),(12,500),(13,1000),(14,800)]	[(101,25),(102,25),(103,25),(104,810),(105,810),(106,220),(107,400),(108,1125),(109,180),(110,360),(111,810),(112,810),(113,810),(114,920),(115,630),(116,360),(117,180),(118,160),(119,160),(120,160),(121,160),(122,160),(123,160)]	[1,2,4,5,7,8,11,13,14]	[101,102,103,104,105,112,113,114,301]
65	[(1,250),(2,500),(3,1000),(4,200),(5,400),(6,800),(7,500),(8,500),(9,1000),(10,1000),(11,1000),(12,500),(13,1000),(14,800)]	[(101,25),(102,25),(103,25),(104,810),(105,810),(106,220),(107,400),(108,1125),(109,180),(110,360),(111,810),(112,810),(113,810),(114,920),(115,630),(116,360),(117,180),(118,160),(119,160),(120,160),(121,160),(122,160),(123,160)]	[1,2,4,5,7,8,11,13,14]	[101,102,103,104,105,112,113,114,301]
66	[(1,250),(2,500),(3,1000),(4,200),(5,400),(6,800),(7,500),(8,500),(9,1000),(10,1000),(11,1000),(12,500),(13,1000),(14,800)]	[(101,25),(102,25),(103,25),(104,810),(105,810),(106,220),(107,400),(108,1125),(109,180),(110,360),(111,810),(112,810),(113,810),(114,920),(115,630),(116,360),(117,180),(118,160),(119,160),(120,160),(121,160),(122,160),(123,160)]	[1,2,4,5,7,8,11,13,14]	[101,102,103,104,105,112,113,114,301]
67	[(1,250),(2,500),(3,1000),(4,200),(5,400),(6,800),(7,500),(8,500),(9,1000),(10,1000),(11,1000),(12,500),(13,1000),(14,800)]	[(101,25),(102,25),(103,25),(104,810),(105,810),(106,220),(107,400),(108,1125),(109,180),(110,360),(111,810),(112,810),(113,810),(114,920),(115,630),(116,360),(117,180),(118,160),(119,160),(120,160),(121,160),(122,160),(123,160)]	[1,2,4,5,7,8,11,13,14]	[101,102,103,104,105,112,113,114,301]
68	[(1,250),(2,500),(3,1000),(4,200),(5,400),(6,800),(7,500),(8,500),(9,1000),(10,1000),(11,1000),(12,500),(13,1000),(14,800)]	[(101,25),(102,25),(103,25),(104,810),(105,810),(106,220),(107,400),(108,1125),(109,180),(110,360),(111,810),(112,810),(113,810),(114,920),(115,630),(116,360),(117,180),(118,160),(119,160),(120,160),(121,160),(122,160),(123,160)]	[1,2,4,5,7,8,11,13,14]	[101,102,103,104,105,112,113,114,301]
69	[(1,250),(2,500),(3,1000),(4,200),(5,400),(6,800),(7,500),(8,500),(9,1000),(10,1000),(11,1000),(12,500),(13,1000),(14,800)]	[(101,25),(102,25),(103,25),(104,810),(105,810),(106,220),(107,400),(108,1125),(109,180),(110,360),(111,810),(112,810),(113,810),(114,920),(115,630),(116,360),(117,180),(118,160),(119,160),(120,160),(121,160),(122,160),(123,160)]	[1,2,4,5,7,8,11,13,14]	[101,102,103,104,105,112,113,114,301]
70	[(1,250),(2,500),(3,1000),(4,200),(5,400),(6,800),(7,500),(8,500),(9,1000),(10,1000),(11,1000),(12,500),(13,1000),(14,800)]	[(101,25),(102,25),(103,25),(104,810),(105,810),(106,220),(107,400),(108,1125),(109,180),(110,360),(111,810),(112,810),(113,810),(114,920),(115,630),(116,360),(117,180),(118,160),(119,160),(120,160),(121,160),(122,160),(123,160)]	[1,2,4,5,7,8,11,13,14]	[101,102,103,104,105,112,113,114,301]
71	[(1,250),(2,500),(3,1000),(4,200),(5,400),(6,800),(7,500),(8,500),(9,1000),(10,1000),(11,1000),(12,500),(13,1000),(14,800)]	[(101,25),(102,25),(103,25),(104,810),(105,810),(106,220),(107,400),(108,1125),(109,180),(110,360),(111,810),(112,810),(113,810),(114,920),(115,630),(116,360),(117,180),(118,160),(119,160),(120,160),(121,160),(122,160),(123,160)]	[1,2,4,5,7,8,11,13,14]	[101,102,103,104,105,112,113,114,301]
72	[(1,250),(2,500),(3,1000),(4,200),(5,400),(6,800),(7,500),(8,500),(9,1000),(10,1000),(11,1000),(12,500),(13,1000),(14,800)]	[(101,25),(102,25),(103,25),(104,810),(105,810),(106,220),(107,400),(108,1125),(109,180),(110,360),(111,810),(112,810),(113,810),(114,920),(115,630),(116,360),(117,180),(118,160),(119,160),(120,160),(121,160),(122,160),(123,160)]	[1,2,4,5,7,8,11,13,14]	[101,102,103,104,105,112,113,114,301]
73	[(1,250),(2,500),(3,1000),(4,200),(5,400),(6,800),(7,500),(8,500),(9,1000),(10,1000),(11,1000),(12,500),(13,1000),(14,800)]	[(101,25),(102,25),(103,25),(104,810),(105,810),(106,220),(107,400),(108,1125),(109,180),(110,360),(111,810),(112,810),(113,810),(114,920),(115,630),(116,360),(117,180),(118,160),(119,160),(120,160),(121,160),(122,160),(123,160)]	[1,2,4,5,7,8,11,13,14]	[101,102,103,104,105,112,113,114,301]
74	[(1,250),(2,500),(3,1000),(4,200),(5,400),(6,800),(7,500),(8,500),(9,1000),(10,1000),(11,1000),(12,500),(13,1000),(14,800)]	[(101,25),(102,25),(103,25),(104,810),(105,810),(106,220),(107,400),(108,1125),(109,180),(110,360),(111,810),(112,810),(113,810),(114,920),(115,630),(116,360),(117,180),(118,160),(119,160),(120,160),(121,160),(122,160),(123,160)]	[1,2,4,5,7,8,11,13,14]	[101,102,103,104,105,112,113,114,301]
75	[(1,250),(2,500),(3,1000),(4,200),(5,400),(6,800),(7,500),(8,500),(9,1000),(10,1000),(11,1000),(12,500),(13,1000),(14,800)]	[(101,25),(102,25),(103,25),(104,810),(105,810),(106,220),(107,400),(108,1125),(109,180),(110,360),(111,810),(112,810),(113,810),(114,920),(115,630),(116,360),(117,180),(118,160),(119,160),(120,160),(121,160),(122,160),(123,160)]	[1,2,4,5,7,8,11,13,14]	[101,102,103,104,105,112,113,114,301]
76	[(1,250),(2,500),(3,1000),(4,200),(5,400),(6,800),(7,500),(8,500),(9,1000),(10,1000),(11,1000),(12,500),(13,1000),(14,800)]	[(101,25),(102,25),(103,25),(104,810),(105,810),(106,220),(107,400),(108,1125),(109,180),(110,360),(111,810),(112,810),(113,810),(114,920),(115,630),(116,360),(117,180),(118,160),(119,160),(120,160),(121,160),(122,160),(123,160)]	[1,2,4,5,7,8,11,13,14]	[101,102,103,104,105,112,113,114,301]
77	[(1,250),(2,500),(3,1000),(4,200),(5,400),(6,800),(7,500),(8,500),(9,1000),(10,1000),(11,1000),(12,500),(13,1000),(14,800)]	[(101,25),(102,25),(103,25),(104,810),(105,810),(106,220),(107,400),(108,1125),(109,180),(110,360),(111,810),(112,810),(113,810),(114,920),(115,630),(116,360),(117,180),(118,160),(119,160),(120,160),(121,160),(122,160),(123,160)]	[1,2,4,5,7,8,11,13,14]	[101,102,103,104,105,112,113,114,301]
78	[(1,250),(2,500),(3,1000),(4,200),(5,400),(6,800),(7,500),(8,500),(9,1000),(10,1000),(11,1000),(12,500),(13,1000),(14,800)]	[(101,25),(102,25),(103,25),(104,810),(105,810),(106,220),(107,400),(108,1125),(109,180),(110,360),(111,810),(112,810),(113,810),(114,920),(115,630),(116,360),(117,180),(118,160),(119,160),(120,160),(121,160),(122,160),(123,160)]	[1,2,4,5,7,8,11,13,14]	[101,102,103,104,105,112,113,114,301]
79	[(1,250),(2,500),(3,1000),(4,200),(5,400),(6,800),(7,500),(8,500),(9,1000),(10,1000),(11,1000),(12,500),(13,1000),(14,800)]	[(101,25),(102,25),(103,25),(104,810),(105,810),(106,220),(107,400),(108,1125),(109,180),(110,360),(111,810),(112,810),(113,810),(114,920),(115,630),(116,360),(117,180),(118,160),(119,160),(120,160),(121,160),(122,160),(123,160)]	[1,2,4,5,7,8,11,13,14]	[101,102,103,104,105,112,113,114,301]
80	[(1,250),(2,500),(3,1000),(4,200),(5,400),(6,800),(7,500),(8,500),(9,1000),(10,1000),(11,1000),(12,500),(13,1000),(14,800)]	[(152,5),(153,25),(124,25),(125,25),(126,25),(127,950),(128,360),(129,220),(130,400),(131,1150),(132,180),(133,360),(134,900),(135,850),(136,810),(137,1050),(138,655),(139,360),(140,180),(141,250),(142,250),(143,250),(144,250),(145,250),(146,250),(147,320),(148,160),(149,50),(150,150),(151,30)]	[1,2,4,5,7,8,11,13,14]	[152,153,124,125,126,149,151,135,136]
81	[(1,250),(2,500),(3,1000),(4,200),(5,400),(6,800),(7,500),(8,500),(9,1000),(10,1000),(11,1000),(12,500),(13,1000),(14,800)]	[(152,5),(153,25),(124,25),(125,25),(126,25),(127,950),(128,360),(129,220),(130,400),(131,1150),(132,180),(133,360),(134,900),(135,850),(136,810),(137,1050),(138,655),(139,360),(140,180),(141,250),(142,250),(143,250),(144,250),(145,250),(146,250),(147,320),(148,160),(149,50),(150,150),(151,30)]	[1,2,4,5,7,8,11,13,14]	[152,153,124,125,126,149,151,135,136]
82	[(1,250),(2,500),(3,1000),(4,200),(5,400),(6,800),(7,500),(8,500),(9,1000),(10,1000),(11,1000),(12,500),(13,1000),(14,800)]	[(152,5),(153,25),(124,25),(125,25),(126,25),(127,950),(128,360),(129,220),(130,400),(131,1150),(132,180),(133,360),(134,900),(135,850),(136,810),(137,1050),(138,655),(139,360),(140,180),(141,250),(142,250),(143,250),(144,250),(145,250),(146,250),(147,320),(148,160),(149,50),(150,150),(151,30)]	[1,2,4,5,7,8,11,13,14]	[152,153,124,125,126,149,151,135,136]
83	[(1,250),(2,500),(3,1000),(4,200),(5,400),(6,800),(7,500),(8,500),(9,1000),(10,1000),(11,1000),(12,500),(13,1000),(14,800)]	[(152,5),(153,25),(124,25),(125,25),(126,25),(127,950),(128,360),(129,220),(130,400),(131,1150),(132,180),(133,360),(134,900),(135,850),(136,810),(137,1050),(138,655),(139,360),(140,180),(141,250),(142,250),(143,250),(144,250),(145,250),(146,250),(147,320),(148,160),(149,50),(150,150),(151,30)]	[1,2,4,5,7,8,11,13,14]	[152,153,124,125,126,149,151,135,136]
84	[(1,250),(2,500),(3,1000),(4,200),(5,400),(6,800),(7,500),(8,500),(9,1000),(10,1000),(11,1000),(12,500),(13,1000),(14,800)]	[(152,5),(153,25),(124,25),(125,25),(126,25),(127,950),(128,360),(129,220),(130,400),(131,1150),(132,180),(133,360),(134,900),(135,850),(136,810),(137,1050),(138,655),(139,360),(140,180),(141,250),(142,250),(143,250),(144,250),(145,250),(146,250),(147,320),(148,160),(149,50),(150,150),(151,30)]	[1,2,4,5,7,8,11,13,14]	[152,153,124,125,126,149,151,135,136]
85	[(1,250),(2,500),(3,1000),(4,200),(5,400),(6,800),(7,500),(8,500),(9,1000),(10,1000),(11,1000),(12,500),(13,1000),(14,800)]	[(152,5),(153,25),(124,25),(125,25),(126,25),(127,950),(128,360),(129,220),(130,400),(131,1150),(132,180),(133,360),(134,900),(135,850),(136,810),(137,1050),(138,655),(139,360),(140,180),(141,250),(142,250),(143,250),(144,250),(145,250),(146,250),(147,320),(148,160),(149,50),(150,150),(151,30)]	[1,2,4,5,7,8,11,13,14]	[152,153,124,125,126,149,151,135,136]
86	[(1,250),(2,500),(3,1000),(4,200),(5,400),(6,800),(7,500),(8,500),(9,1000),(10,1000),(11,1000),(12,500),(13,1000),(14,800)]	[(152,5),(153,25),(124,25),(125,25),(126,25),(127,950),(128,360),(129,220),(130,400),(131,1150),(132,180),(133,360),(134,900),(135,850),(136,810),(137,1050),(138,655),(139,360),(140,180),(141,250),(142,250),(143,250),(144,250),(145,250),(146,250),(147,320),(148,160),(149,50),(150,150),(151,30)]	[1,2,4,5,7,8,11,13,14]	[152,153,124,125,126,149,151,135,136]
87	[(1,250),(2,500),(3,1000),(4,200),(5,400),(6,800),(7,500),(8,500),(9,1000),(10,1000),(11,1000),(12,500),(13,1000),(14,800)]	[(152,5),(153,25),(124,25),(125,25),(126,25),(127,950),(128,360),(129,220),(130,400),(131,1150),(132,180),(133,360),(134,900),(135,850),(136,810),(137,1050),(138,655),(139,360),(140,180),(141,250),(142,250),(143,250),(144,250),(145,250),(146,250),(147,320),(148,160),(149,50),(150,150),(151,30)]	[1,2,4,5,7,8,11,13,14]	[152,153,124,125,126,149,151,135,136]
88	[(1,250),(2,500),(3,1000),(4,200),(5,400),(6,800),(7,500),(8,500),(9,1000),(10,1000),(11,1000),(12,500),(13,1000),(14,800)]	[(152,5),(153,25),(124,25),(125,25),(126,25),(127,950),(128,360),(129,220),(130,400),(131,1150),(132,180),(133,360),(134,900),(135,850),(136,810),(137,1050),(138,655),(139,360),(140,180),(141,250),(142,250),(143,250),(144,250),(145,250),(146,250),(147,320),(148,160),(149,50),(150,150),(151,30)]	[1,2,4,5,7,8,11,13,14]	[152,153,124,125,126,149,151,135,136]
89	[(1,250),(2,500),(3,1000),(4,200),(5,400),(6,800),(7,500),(8,500),(9,1000),(10,1000),(11,1000),(12,500),(13,1000),(14,800)]	[(152,5),(153,25),(124,25),(125,25),(126,25),(127,950),(128,360),(129,220),(130,400),(131,1150),(132,180),(133,360),(134,900),(135,850),(136,810),(137,1050),(138,655),(139,360),(140,180),(141,250),(142,250),(143,250),(144,250),(145,250),(146,250),(147,320),(148,160),(149,50),(150,150),(151,30)]	[1,2,4,5,7,8,11,13,14]	[152,153,124,125,126,149,151,135,136]
90	[(1,250),(2,500),(3,1000),(4,200),(5,400),(6,800),(7,500),(8,500),(9,1000),(10,1000),(11,1000),(12,500),(13,1000),(14,800)]	[(152,5),(153,25),(124,25),(125,25),(126,25),(127,950),(128,360),(129,220),(130,400),(131,1150),(132,180),(133,360),(134,900),(135,850),(136,810),(137,1050),(138,655),(139,360),(140,180),(141,250),(142,250),(143,250),(144,250),(145,250),(146,250),(147,320),(148,160),(149,50),(150,150),(151,30)]	[1,2,4,5,7,8,11,13,14]	[152,153,124,125,126,149,151,135,136]
91	[(1,250),(2,500),(3,1000),(4,200),(5,400),(6,800),(7,500),(8,500),(9,1000),(10,1000),(11,1000),(12,500),(13,1000),(14,800)]	[(152,5),(153,25),(124,25),(125,25),(126,25),(127,950),(128,360),(129,220),(130,400),(131,1150),(132,180),(133,360),(134,900),(135,850),(136,810),(137,1050),(138,655),(139,360),(140,180),(141,250),(142,250),(143,250),(144,250),(145,250),(146,250),(147,320),(148,160),(149,50),(150,150),(151,30)]	[1,2,4,5,7,8,11,13,14]	[152,153,124,125,126,149,151,135,136]
92	[(1,250),(2,500),(3,1000),(4,200),(5,400),(6,800),(7,500),(8,500),(9,1000),(10,1000),(11,1000),(12,500),(13,1000),(14,800)]	[(152,5),(153,25),(124,25),(125,25),(126,25),(127,950),(128,360),(129,220),(130,400),(131,1150),(132,180),(133,360),(134,900),(135,850),(136,810),(137,1050),(138,655),(139,360),(140,180),(141,250),(142,250),(143,250),(144,250),(145,250),(146,250),(147,320),(148,160),(149,50),(150,150),(151,30)]	[1,2,4,5,7,8,11,13,14]	[152,153,124,125,126,149,151,135,136]
93	[(1,250),(2,500),(3,1000),(4,200),(5,400),(6,800),(7,500),(8,500),(9,1000),(10,1000),(11,1000),(12,500),(13,1000),(14,800)]	[(152,5),(153,25),(124,25),(125,25),(126,25),(127,950),(128,360),(129,220),(130,400),(131,1150),(132,180),(133,360),(134,900),(135,850),(136,810),(137,1050),(138,655),(139,360),(140,180),(141,250),(142,250),(143,250),(144,250),(145,250),(146,250),(147,320),(148,160),(149,50),(150,150),(151,30)]	[1,2,4,5,7,8,11,13,14]	[152,153,124,125,126,149,151,135,136]
94	[(1,250),(2,500),(3,1000),(4,200),(5,400),(6,800),(7,500),(8,500),(9,1000),(10,1000),(11,1000),(12,500),(13,1000),(14,800)]	[(152,5),(153,25),(124,25),(125,25),(126,25),(127,950),(128,360),(129,220),(130,400),(131,1150),(132,180),(133,360),(134,900),(135,850),(136,810),(137,1050),(138,655),(139,360),(140,180),(141,250),(142,250),(143,250),(144,250),(145,250),(146,250),(147,320),(148,160),(149,50),(150,150),(151,30)]	[1,2,4,5,7,8,11,13,14]	[152,153,124,125,126,149,151,135,136]
95	[(1,250),(2,500),(3,1000),(4,200),(5,400),(6,800),(7,500),(8,500),(9,1000),(10,1000),(11,1000),(12,500),(13,1000),(14,800)]	[(152,5),(153,25),(124,25),(125,25),(126,25),(127,950),(128,360),(129,220),(130,400),(131,1150),(132,180),(133,360),(134,900),(135,850),(136,810),(137,1050),(138,655),(139,360),(140,180),(141,250),(142,250),(143,250),(144,250),(145,250),(146,250),(147,320),(148,160),(149,50),(150,150),(151,30)]	[1,2,4,5,7,8,11,13,14]	[152,153,124,125,126,149,151,135,136]
96	[(1,250),(2,500),(3,1000),(4,200),(5,400),(6,800),(7,500),(8,500),(9,1000),(10,1000),(11,1000),(12,500),(13,1000),(14,800)]	[(152,5),(153,25),(124,25),(125,25),(126,25),(127,950),(128,360),(129,220),(130,400),(131,1150),(132,180),(133,360),(134,900),(135,850),(136,810),(137,1050),(138,655),(139,360),(140,180),(141,250),(142,250),(143,250),(144,250),(145,250),(146,250),(147,320),(148,160),(149,50),(150,150),(151,30)]	[1,2,4,5,7,8,11,13,14]	[152,153,124,125,126,149,151,135,136]
97	[(1,250),(2,500),(3,1000),(4,200),(5,400),(6,800),(7,500),(8,500),(9,1000),(10,1000),(11,1000),(12,500),(13,1000),(14,800)]	[(152,5),(153,25),(124,25),(125,25),(126,25),(127,950),(128,360),(129,220),(130,400),(131,1150),(132,180),(133,360),(134,900),(135,850),(136,810),(137,1050),(138,655),(139,360),(140,180),(141,250),(142,250),(143,250),(144,250),(145,250),(146,250),(147,320),(148,160),(149,50),(150,150),(151,30)]	[1,2,4,5,7,8,11,13,14]	[152,153,124,125,126,149,151,135,136]
98	[(1,250),(2,500),(3,1000),(4,200),(5,400),(6,800),(7,500),(8,500),(9,1000),(10,1000),(11,1000),(12,500),(13,1000),(14,800)]	[(152,5),(153,25),(124,25),(125,25),(126,25),(127,950),(128,360),(129,220),(130,400),(131,1150),(132,180),(133,360),(134,900),(135,850),(136,810),(137,1050),(138,655),(139,360),(140,180),(141,250),(142,250),(143,250),(144,250),(145,250),(146,250),(147,320),(148,160),(149,50),(150,150),(151,30)]	[1,2,4,5,7,8,11,13,14]	[152,153,124,125,126,149,151,135,136]
99	[(1,250),(2,500),(3,1000),(4,200),(5,400),(6,800),(7,500),(8,500),(9,1000),(10,1000),(11,1000),(12,500),(13,1000),(14,800)]	[(152,5),(153,25),(124,25),(125,25),(126,25),(127,950),(128,360),(129,220),(130,400),(131,1150),(132,180),(133,360),(134,900),(135,850),(136,810),(137,1050),(138,655),(139,360),(140,180),(141,250),(142,250),(143,250),(144,250),(145,250),(146,250),(147,320),(148,160),(149,50),(150,150),(151,30)]	[1,2,4,5,7,8,11,13,14]	[152,153,124,125,126,149,151,135,136]
100	[(1,250),(2,500),(3,1000),(4,200),(5,400),(6,800),(7,500),(8,500),(9,1000),(10,1000),(11,1000),(12,500),(13,1000),(14,800)]	[(152,5),(153,25),(124,25),(125,25),(126,25),(127,950),(128,360),(129,220),(130,400),(131,1150),(132,180),(133,360),(134,900),(135,850),(136,810),(137,1050),(138,655),(139,360),(140,180),(141,250),(142,250),(143,250),(144,250),(145,250),(146,250),(147,320),(148,160),(149,50),(150,150),(151,30)]	[1,2,4,5,7,8,11,13,14]	[152,153,124,125,126,149,151,135,136]
101	[(1,250),(2,500),(3,1000),(4,200),(5,400),(6,800),(7,500),(8,500),(9,1000),(10,1000),(11,1000),(12,500),(13,1000),(14,800)]	[(152,5),(153,25),(124,25),(125,25),(126,25),(127,950),(128,360),(129,220),(130,400),(131,1150),(132,180),(133,360),(134,900),(135,850),(136,810),(137,1050),(138,655),(139,360),(140,180),(141,250),(142,250),(143,250),(144,250),(145,250),(146,250),(147,320),(148,160),(149,50),(150,150),(151,30)]	[1,2,4,5,7,8,11,13,14]	[152,153,124,125,126,149,151,135,136]
102	[(1,250),(2,500),(3,1000),(4,200),(5,400),(6,800),(7,500),(8,500),(9,1000),(10,1000),(11,1000),(12,500),(13,1000),(14,800)]	[(152,5),(153,25),(124,25),(125,25),(126,25),(127,950),(128,360),(129,220),(130,400),(131,1150),(132,180),(133,360),(134,900),(135,850),(136,810),(137,1050),(138,655),(139,360),(140,180),(141,250),(142,250),(143,250),(144,250),(145,250),(146,250),(147,320),(148,160),(149,50),(150,150),(151,30)]	[1,2,4,5,7,8,11,13,14]	[152,153,124,125,126,149,151,135,136]
103	[(1,250),(2,500),(3,1000),(4,200),(5,400),(6,800),(7,500),(8,500),(9,1000),(10,1000),(11,1000),(12,500),(13,1000),(14,800)]	[(152,5),(153,25),(124,25),(125,25),(126,25),(127,950),(128,360),(129,220),(130,400),(131,1150),(132,180),(133,360),(134,900),(135,850),(136,810),(137,1050),(138,655),(139,360),(140,180),(141,250),(142,250),(143,250),(144,250),(145,250),(146,250),(147,320),(148,160),(149,50),(150,150),(151,30)]	[1,2,4,5,7,8,11,13,14]	[152,153,124,125,126,149,151,135,136]
104	[(1,250),(2,500),(3,1000),(4,200),(5,400),(6,800),(7,500),(8,500),(9,1000),(10,1000),(11,1000),(12,500),(13,1000),(14,800)]	[(152,5),(153,25),(124,25),(125,25),(126,25),(127,950),(128,360),(129,220),(130,400),(131,1150),(132,180),(133,360),(134,900),(135,850),(136,810),(137,1050),(138,655),(139,360),(140,180),(141,250),(142,250),(143,250),(144,250),(145,250),(146,250),(147,320),(148,160),(149,50),(150,150),(151,30)]	[1,2,4,5,7,8,11,13,14]	[152,153,124,125,126,149,151,135,136]
105	[(1,250),(2,500),(3,1000),(4,200),(5,400),(6,800),(7,500),(8,500),(9,1000),(10,1000),(11,1000),(12,500),(13,1000),(14,800)]	[(152,5),(153,25),(124,25),(125,25),(126,25),(127,950),(128,360),(129,220),(130,400),(131,1150),(132,180),(133,360),(134,900),(135,850),(136,810),(137,1050),(138,655),(139,360),(140,180),(141,250),(142,250),(143,250),(144,250),(145,250),(146,250),(147,320),(148,160),(149,50),(150,150),(151,30)]	[1,2,4,5,7,8,11,13,14]	[152,153,124,125,126,149,151,135,136]
106	[(1,250),(2,500),(3,1000),(4,200),(5,400),(6,800),(7,500),(8,500),(9,1000),(10,1000),(11,1000),(12,500),(13,1000),(14,800)]	[(152,5),(153,25),(124,25),(125,25),(126,25),(127,950),(128,360),(129,220),(130,400),(131,1150),(132,180),(133,360),(134,900),(135,850),(136,810),(137,1050),(138,655),(139,360),(140,180),(141,250),(142,250),(143,250),(144,250),(145,250),(146,250),(147,320),(148,160),(149,50),(150,150),(151,30)]	[1,2,4,5,7,8,11,13,14]	[152,153,124,125,126,149,151,135,136]
107	[(1,250),(2,500),(3,1000),(4,200),(5,400),(6,800),(7,500),(8,500),(9,1000),(10,1000),(11,1000),(12,500),(13,1000),(14,800)]	[(152,5),(153,25),(124,25),(125,25),(126,25),(127,950),(128,360),(129,220),(130,400),(131,1150),(132,180),(133,360),(134,900),(135,850),(136,810),(137,1050),(138,655),(139,360),(140,180),(141,250),(142,250),(143,250),(144,250),(145,250),(146,250),(147,320),(148,160),(149,50),(150,150),(151,30)]	[1,2,4,5,7,8,11,13,14]	[152,153,124,125,126,149,151,135,136]
108	[(1,250),(2,500),(3,1000),(4,200),(5,400),(6,800),(7,500),(8,500),(9,1000),(10,1000),(11,1000),(12,500),(13,1000),(14,800)]	[(152,5),(153,25),(124,25),(125,25),(126,25),(127,950),(128,360),(129,220),(130,400),(131,1150),(132,180),(133,360),(134,900),(135,850),(136,810),(137,1050),(138,655),(139,360),(140,180),(141,250),(142,250),(143,250),(144,250),(145,250),(146,250),(147,320),(148,160),(149,50),(150,150),(151,30)]	[1,2,4,5,7,8,11,13,14]	[152,153,124,125,126,149,151,135,136]
109	[(1,250),(2,500),(3,1000),(4,200),(5,400),(6,800),(7,500),(8,500),(9,1000),(10,1000),(11,1000),(12,500),(13,1000),(14,800)]	[(152,5),(153,25),(124,25),(125,25),(126,25),(127,950),(128,360),(129,220),(130,400),(131,1150),(132,180),(133,360),(134,900),(135,850),(136,810),(137,1050),(138,655),(139,360),(140,180),(141,250),(142,250),(143,250),(144,250),(145,250),(146,250),(147,320),(148,160),(149,50),(150,150),(151,30)]	[1,2,4,5,7,8,11,13,14]	[152,153,124,125,126,149,151,135,136]
110	[(1,250),(2,500),(3,1000),(4,200),(5,400),(6,800),(7,500),(8,500),(9,1000),(10,1000),(11,1000),(12,500),(13,1000),(14,800)]	[(152,5),(153,25),(124,25),(125,25),(126,25),(127,950),(128,360),(129,220),(130,400),(131,1150),(132,180),(133,360),(134,900),(135,850),(136,810),(137,1050),(138,655),(139,360),(140,180),(141,250),(142,250),(143,250),(144,250),(145,250),(146,250),(147,320),(148,160),(149,50),(150,150),(151,30)]	[1,2,4,5,7,8,11,13,14]	[152,153,124,125,126,149,151,135,136]
111	[(1,250),(2,500),(3,1000),(4,200),(5,400),(6,800),(7,500),(8,500),(9,1000),(10,1000),(11,1000),(12,500),(13,1000),(14,800)]	[(152,5),(153,25),(124,25),(125,25),(126,25),(127,950),(128,360),(129,220),(130,400),(131,1150),(132,180),(133,360),(134,900),(135,850),(136,810),(137,1050),(138,655),(139,360),(140,180),(141,250),(142,250),(143,250),(144,250),(145,250),(146,250),(147,320),(148,160),(149,50),(150,150),(151,30)]	[1,2,4,5,7,8,11,13,14]	[152,153,124,125,126,149,151,135,136]
112	[(1,250),(2,500),(3,1000),(4,200),(5,400),(6,800),(7,500),(8,500),(9,1000),(10,1000),(11,1000),(12,500),(13,1000),(14,800)]	[(152,5),(153,25),(124,25),(125,25),(126,25),(127,950),(128,360),(129,220),(130,400),(131,1150),(132,180),(133,360),(134,900),(135,850),(136,810),(137,1050),(138,655),(139,360),(140,180),(141,250),(142,250),(143,250),(144,250),(145,250),(146,250),(147,320),(148,160),(149,50),(150,150),(151,30)]	[1,2,4,5,7,8,11,13,14]	[152,153,124,125,126,149,151,135,136]
113	[(1,250),(2,500),(3,1000),(4,200),(5,400),(6,800),(7,500),(8,500),(9,1000),(10,1000),(11,1000),(12,500),(13,1000),(14,800)]	[(152,5),(153,25),(124,25),(125,25),(126,25),(127,950),(128,360),(129,220),(130,400),(131,1150),(132,180),(133,360),(134,900),(135,850),(136,810),(137,1050),(138,655),(139,360),(140,180),(141,250),(142,250),(143,250),(144,250),(145,250),(146,250),(147,320),(148,160),(149,50),(150,150),(151,30)]	[1,2,4,5,7,8,11,13,14]	[152,153,124,125,126,149,151,135,136]
114	[(1,250),(2,500),(3,1000),(4,200),(5,400),(6,800),(7,500),(8,500),(9,1000),(10,1000),(11,1000),(12,500),(13,1000),(14,800)]	[(152,5),(153,25),(124,25),(125,25),(126,25),(127,950),(128,360),(129,220),(130,400),(131,1150),(132,180),(133,360),(134,900),(135,850),(136,810),(137,1050),(138,655),(139,360),(140,180),(141,250),(142,250),(143,250),(144,250),(145,250),(146,250),(147,320),(148,160),(149,50),(150,150),(151,30)]	[1,2,4,5,7,8,11,13,14]	[152,153,124,125,126,149,151,135,136]
115	[(1,250),(2,500),(3,1000),(4,200),(5,400),(6,800),(7,500),(8,500),(9,1000),(10,1000),(11,1000),(12,500),(13,1000),(14,800)]	[(152,5),(153,25),(124,25),(125,25),(126,25),(127,950),(128,360),(129,220),(130,400),(131,1150),(132,180),(133,360),(134,900),(135,850),(136,810),(137,1050),(138,655),(139,360),(140,180),(141,250),(142,250),(143,250),(144,250),(145,250),(146,250),(147,320),(148,160),(149,50),(150,150),(151,30)]	[1,2,4,5,7,8,11,13,14]	[152,153,124,125,126,149,151,135,136]
116	[(1,250),(2,500),(3,1000),(4,200),(5,400),(6,800),(7,500),(8,500),(9,1000),(10,1000),(11,1000),(12,500),(13,1000),(14,800)]	[(152,5),(153,25),(124,25),(125,25),(126,25),(127,950),(128,360),(129,220),(130,400),(131,1150),(132,180),(133,360),(134,900),(135,850),(136,810),(137,1050),(138,655),(139,360),(140,180),(141,250),(142,250),(143,250),(144,250),(145,250),(146,250),(147,320),(148,160),(149,50),(150,150),(151,30)]	[1,2,4,5,7,8,11,13,14]	[152,153,124,125,126,149,151,135,136]
117	[(1,250),(2,500),(3,1000),(4,200),(5,400),(6,800),(7,500),(8,500),(9,1000),(10,1000),(11,1000),(12,500),(13,1000),(14,800)]	[(152,5),(153,25),(124,25),(125,25),(126,25),(127,950),(128,360),(129,220),(130,400),(131,1150),(132,180),(133,360),(134,900),(135,850),(136,810),(137,1050),(138,655),(139,360),(140,180),(141,250),(142,250),(143,250),(144,250),(145,250),(146,250),(147,320),(148,160),(149,50),(150,150),(151,30)]	[1,2,4,5,7,8,11,13,14]	[152,153,124,125,126,149,151,135,136]
118	[(1,250),(2,500),(3,1000),(4,200),(5,400),(6,800),(7,500),(8,500),(9,1000),(10,1000),(11,1000),(12,500),(13,1000),(14,800)]	[(152,5),(153,25),(124,25),(125,25),(126,25),(127,950),(128,360),(129,220),(130,400),(131,1150),(132,180),(133,360),(134,900),(135,850),(136,810),(137,1050),(138,655),(139,360),(140,180),(141,250),(142,250),(143,250),(144,250),(145,250),(146,250),(147,320),(148,160),(149,50),(150,150),(151,30)]	[1,2,4,5,7,8,11,13,14]	[152,153,124,125,126,149,151,135,136]
119	[(1,250),(2,500),(3,1000),(4,200),(5,400),(6,800),(7,500),(8,500),(9,1000),(10,1000),(11,1000),(12,500),(13,1000),(14,800)]	[(152,5),(153,25),(124,25),(125,25),(126,25),(127,950),(128,360),(129,220),(130,400),(131,1150),(132,180),(133,360),(134,900),(135,850),(136,810),(137,1050),(138,655),(139,360),(140,180),(141,250),(142,250),(143,250),(144,250),(145,250),(146,250),(147,320),(148,160),(149,50),(150,150),(151,30)]	[1,2,4,5,7,8,11,13,14]	[152,153,124,125,126,149,151,135,136]
120	[(1,250),(2,500),(3,1000),(4,200),(5,400),(6,800),(7,500),(8,500),(9,1000),(10,1000),(11,1000),(12,500),(13,1000),(14,800)]	[(152,5),(153,25),(124,25),(125,25),(126,25),(127,950),(128,360),(129,220),(130,400),(131,1150),(132,180),(133,360),(134,900),(135,850),(136,810),(137,1050),(138,655),(139,360),(140,180),(141,250),(142,250),(143,250),(144,250),(145,250),(146,250),(147,320),(148,160),(149,50),(150,150),(151,30)]	[1,2,4,5,7,8,11,13,14]	[152,153,124,125,126,149,151,135,136]
121	[(1,250),(2,500),(3,1000),(4,200),(5,400),(6,800),(7,500),(8,500),(9,1000),(10,1000),(11,1000),(12,500),(13,1000),(14,800)]	[(152,5),(153,25),(124,25),(125,25),(126,25),(127,950),(128,360),(129,220),(130,400),(131,1150),(132,180),(133,360),(134,900),(135,850),(136,810),(137,1050),(138,655),(139,360),(140,180),(141,250),(142,250),(143,250),(144,250),(145,250),(146,250),(147,320),(148,160),(149,50),(150,150),(151,30)]	[1,2,4,5,7,8,11,13,14]	[152,153,124,125,126,149,151,135,136]
122	[(1,250),(2,500),(3,1000),(4,200),(5,400),(6,800),(7,500),(8,500),(9,1000),(10,1000),(11,1000),(12,500),(13,1000),(14,800)]	[(152,5),(153,25),(124,25),(125,25),(126,25),(127,950),(128,360),(129,220),(130,400),(131,1150),(132,180),(133,360),(134,900),(135,850),(136,810),(137,1050),(138,655),(139,360),(140,180),(141,250),(142,250),(143,250),(144,250),(145,250),(146,250),(147,320),(148,160),(149,50),(150,150),(151,30)]	[1,2,4,5,7,8,11,13,14]	[152,153,124,125,126,149,151,135,136]
123	[(1,250),(2,500),(3,1000),(4,200),(5,400),(6,800),(7,500),(8,500),(9,1000),(10,1000),(11,1000),(12,500),(13,1000),(14,800)]	[(152,5),(153,25),(124,25),(125,25),(126,25),(127,950),(128,360),(129,220),(130,400),(131,1150),(132,180),(133,360),(134,900),(135,850),(136,810),(137,1050),(138,655),(139,360),(140,180),(141,250),(142,250),(143,250),(144,250),(145,250),(146,250),(147,320),(148,160),(149,50),(150,150),(151,30)]	[1,2,4,5,7,8,11,13,14]	[152,153,124,125,126,149,151,135,136]
124	[(1,250),(2,500),(3,1000),(4,200),(5,400),(6,800),(7,500),(8,500),(9,1000),(10,1000),(11,1000),(12,500),(13,1000),(14,800)]	[(152,5),(153,25),(124,25),(125,25),(126,25),(127,950),(128,360),(129,220),(130,400),(131,1150),(132,180),(133,360),(134,900),(135,850),(136,810),(137,1050),(138,655),(139,360),(140,180),(141,250),(142,250),(143,250),(144,250),(145,250),(146,250),(147,320),(148,160),(149,50),(150,150),(151,30)]	[1,2,4,5,7,8,11,13,14]	[152,153,124,125,126,149,151,135,136]
125	[(1,250),(2,500),(3,1000),(4,200),(5,400),(6,800),(7,500),(8,500),(9,1000),(10,1000),(11,1000),(12,500),(13,1000),(14,800)]	[(152,5),(153,25),(124,25),(125,25),(126,25),(127,950),(128,360),(129,220),(130,400),(131,1150),(132,180),(133,360),(134,900),(135,850),(136,810),(137,1050),(138,655),(139,360),(140,180),(141,250),(142,250),(143,250),(144,250),(145,250),(146,250),(147,320),(148,160),(149,50),(150,150),(151,30)]	[1,2,4,5,7,8,11,13,14]	[152,153,124,125,126,149,151,135,136]
126	[(1,250),(2,500),(3,1000),(4,200),(5,400),(6,800),(7,500),(8,500),(9,1000),(10,1000),(11,1000),(12,500),(13,1000),(14,800)]	[(152,5),(153,25),(124,25),(125,25),(126,25),(127,950),(128,360),(129,220),(130,400),(131,1150),(132,180),(133,360),(134,900),(135,850),(136,810),(137,1050),(138,655),(139,360),(140,180),(141,250),(142,250),(143,250),(144,250),(145,250),(146,250),(147,320),(148,160),(149,50),(150,150),(151,30)]	[1,2,4,5,7,8,11,13,14]	[152,153,124,125,126,149,151,135,136]
127	[(1,250),(2,500),(3,1000),(4,200),(5,400),(6,800),(7,500),(8,500),(9,1000),(10,1000),(11,1000),(12,500),(13,1000),(14,800)]	[(152,5),(153,25),(124,25),(125,25),(126,25),(127,950),(128,360),(129,220),(130,400),(131,1150),(132,180),(133,360),(134,900),(135,850),(136,810),(137,1050),(138,655),(139,360),(140,180),(141,250),(142,250),(143,250),(144,250),(145,250),(146,250),(147,320),(148,160),(149,50),(150,150),(151,30)]	[1,2,4,5,7,8,11,13,14]	[152,153,124,125,126,149,151,135,136]
128	[(1,250),(2,500),(3,1000),(4,200),(5,400),(6,800),(7,500),(8,500),(9,1000),(10,1000),(11,1000),(12,500),(13,1000),(14,800)]	[(152,5),(153,25),(124,25),(125,25),(126,25),(127,950),(128,360),(129,220),(130,400),(131,1150),(132,180),(133,360),(134,900),(135,850),(136,810),(137,1050),(138,655),(139,360),(140,180),(141,250),(142,250),(143,250),(144,250),(145,250),(146,250),(147,320),(148,160),(149,50),(150,150),(151,30)]	[1,2,4,5,7,8,11,13,14]	[152,153,124,125,126,149,151,135,136]
129	[(1,250),(2,500),(3,1000),(4,200),(5,400),(6,800),(7,500),(8,500),(9,1000),(10,1000),(11,1000),(12,500),(13,1000),(14,800)]	[(152,5),(153,25),(124,25),(125,25),(126,25),(127,950),(128,360),(129,220),(130,400),(131,1150),(132,180),(133,360),(134,900),(135,850),(136,810),(137,1050),(138,655),(139,360),(140,180),(141,250),(142,250),(143,250),(144,250),(145,250),(146,250),(147,320),(148,160),(149,50),(150,150),(151,30)]	[1,2,4,5,7,8,11,13,14]	[152,153,124,125,126,149,151,135,136]
130	[(1,250),(2,500),(3,1000),(4,200),(5,400),(6,800),(7,500),(8,500),(9,1000),(10,1000),(11,1000),(12,500),(13,1000),(14,800)]	[(152,5),(153,25),(124,25),(125,25),(126,25),(127,950),(128,360),(129,220),(130,400),(131,1150),(132,180),(133,360),(134,900),(135,850),(136,810),(137,1050),(138,655),(139,360),(140,180),(141,250),(142,250),(143,250),(144,250),(145,250),(146,250),(147,320),(148,160),(149,50),(150,150),(151,30)]	[1,2,4,5,7,8,11,13,14]	[152,153,124,125,126,149,151,135,136]
131	[(1,250),(2,500),(3,1000),(4,200),(5,400),(6,800),(7,500),(8,500),(9,1000),(10,1000),(11,1000),(12,500),(13,1000),(14,800)]	[(152,5),(153,25),(124,25),(125,25),(126,25),(127,950),(128,360),(129,220),(130,400),(131,1150),(132,180),(133,360),(134,900),(135,850),(136,810),(137,1050),(138,655),(139,360),(140,180),(141,250),(142,250),(143,250),(144,250),(145,250),(146,250),(147,320),(148,160),(149,50),(150,150),(151,30)]	[1,2,4,5,7,8,11,13,14]	[152,153,124,125,126,149,151,135,136]
132	[(1,250),(2,500),(3,1000),(4,200),(5,400),(6,800),(7,500),(8,500),(9,1000),(10,1000),(11,1000),(12,500),(13,1000),(14,800)]	[(152,5),(153,25),(124,25),(125,25),(126,25),(127,950),(128,360),(129,220),(130,400),(131,1150),(132,180),(133,360),(134,900),(135,850),(136,810),(137,1050),(138,655),(139,360),(140,180),(141,250),(142,250),(143,250),(144,250),(145,250),(146,250),(147,320),(148,160),(149,50),(150,150),(151,30)]	[1,2,4,5,7,8,11,13,14]	[152,153,124,125,126,149,151,135,136]
133	[(1,250),(2,500),(3,1000),(4,200),(5,400),(6,800),(7,500),(8,500),(9,1000),(10,1000),(11,1000),(12,500),(13,1000),(14,800)]	[(152,5),(153,25),(124,25),(125,25),(126,25),(127,950),(128,360),(129,220),(130,400),(131,1150),(132,180),(133,360),(134,900),(135,850),(136,810),(137,1050),(138,655),(139,360),(140,180),(141,250),(142,250),(143,250),(144,250),(145,250),(146,250),(147,320),(148,160),(149,50),(150,150),(151,30)]	[1,2,4,5,7,8,11,13,14]	[152,153,124,125,126,149,151,135,136]
134	[(1,250),(2,500),(3,1000),(4,200),(5,400),(6,800),(7,500),(8,500),(9,1000),(10,1000),(11,1000),(12,500),(13,1000),(14,800)]	[(152,5),(153,25),(124,25),(125,25),(126,25),(127,950),(128,360),(129,220),(130,400),(131,1150),(132,180),(133,360),(134,900),(135,850),(136,810),(137,1050),(138,655),(139,360),(140,180),(141,250),(142,250),(143,250),(144,250),(145,250),(146,250),(147,320),(148,160),(149,50),(150,150),(151,30)]	[1,2,4,5,7,8,11,13,14]	[152,153,124,125,126,149,151,135,136]
135	[(1,250),(2,500),(3,1000),(4,200),(5,400),(6,800),(7,500),(8,500),(9,1000),(10,1000),(11,1000),(12,500),(13,1000),(14,800)]	[(152,5),(153,25),(124,25),(125,25),(126,25),(127,950),(128,360),(129,220),(130,400),(131,1150),(132,180),(133,360),(134,900),(135,850),(136,810),(137,1050),(138,655),(139,360),(140,180),(141,250),(142,250),(143,250),(144,250),(145,250),(146,250),(147,320),(148,160),(149,50),(150,150),(151,30)]	[1,2,4,5,7,8,11,13,14]	[152,153,124,125,126,149,151,135,136]
136	[(1,250),(2,500),(3,1000),(4,200),(5,400),(6,800),(7,500),(8,500),(9,1000),(10,1000),(11,1000),(12,500),(13,1000),(14,800)]	[(152,5),(153,25),(124,25),(125,25),(126,25),(127,950),(128,360),(129,220),(130,400),(131,1150),(132,180),(133,360),(134,900),(135,850),(136,810),(137,1050),(138,655),(139,360),(140,180),(141,250),(142,250),(143,250),(144,250),(145,250),(146,250),(147,320),(148,160),(149,50),(150,150),(151,30)]	[1,2,4,5,7,8,11,13,14]	[152,153,124,125,126,149,151,135,136]
137	[(1,250),(2,500),(3,1000),(4,200),(5,400),(6,800),(7,500),(8,500),(9,1000),(10,1000),(11,1000),(12,500),(13,1000),(14,800)]	[(152,5),(153,25),(124,25),(125,25),(126,25),(127,950),(128,360),(129,220),(130,400),(131,1150),(132,180),(133,360),(134,900),(135,850),(136,810),(137,1050),(138,655),(139,360),(140,180),(141,250),(142,250),(143,250),(144,250),(145,250),(146,250),(147,320),(148,160),(149,50),(150,150),(151,30)]	[1,2,4,5,7,8,11,13,14]	[152,153,124,125,126,149,151,135,136]
138	[(1,250),(2,500),(3,1000),(4,200),(5,400),(6,800),(7,500),(8,500),(9,1000),(10,1000),(11,1000),(12,500),(13,1000),(14,800)]	[(152,5),(153,25),(124,25),(125,25),(126,25),(127,950),(128,360),(129,220),(130,400),(131,1150),(132,180),(133,360),(134,900),(135,850),(136,810),(137,1050),(138,655),(139,360),(140,180),(141,250),(142,250),(143,250),(144,250),(145,250),(146,250),(147,320),(148,160),(149,50),(150,150),(151,30)]	[1,2,4,5,7,8,11,13,14]	[152,153,124,125,126,149,151,135,136]
139	[(1,250),(2,500),(3,1000),(4,200),(5,400),(6,800),(7,500),(8,500),(9,1000),(10,1000),(11,1000),(12,500),(13,1000),(14,800)]	[(152,5),(153,25),(124,25),(125,25),(126,25),(127,950),(128,360),(129,220),(130,400),(131,1150),(132,180),(133,360),(134,900),(135,850),(136,810),(137,1050),(138,655),(139,360),(140,180),(141,250),(142,250),(143,250),(144,250),(145,250),(146,250),(147,320),(148,160),(149,50),(150,150),(151,30)]	[1,2,4,5,7,8,11,13,14]	[152,153,124,125,126,149,151,135,136]
140	[(1,250),(2,500),(3,1000),(4,200),(5,400),(6,800),(7,500),(8,500),(9,1000),(10,1000),(11,1000),(12,500),(13,1000),(14,800)]	[(152,5),(153,25),(124,25),(125,25),(126,25),(127,950),(128,360),(129,220),(130,400),(131,1150),(132,180),(133,360),(134,900),(135,850),(136,810),(137,1050),(138,655),(139,360),(140,180),(141,250),(142,250),(143,250),(144,250),(145,250),(146,250),(147,320),(148,160),(149,50),(150,150),(151,30)]	[1,2,4,5,7,8,11,13,14]	[152,153,124,125,126,149,151,135,136]
141	[(1,250),(2,500),(3,1000),(4,200),(5,400),(6,800),(7,500),(8,500),(9,1000),(10,1000),(11,1000),(12,500),(13,1000),(14,800)]	[(152,5),(153,25),(124,25),(125,25),(126,25),(127,950),(128,360),(129,220),(130,400),(131,1150),(132,180),(133,360),(134,900),(135,850),(136,810),(137,1050),(138,655),(139,360),(140,180),(141,250),(142,250),(143,250),(144,250),(145,250),(146,250),(147,320),(148,160),(149,50),(150,150),(151,30)]	[1,2,4,5,7,8,11,13,14]	[152,153,124,125,126,149,151,135,136]
142	[(1,250),(2,500),(3,1000),(4,200),(5,400),(6,800),(7,500),(8,500),(9,1000),(10,1000),(11,1000),(12,500),(13,1000),(14,800)]	[(152,5),(153,25),(124,25),(125,25),(126,25),(127,950),(128,360),(129,220),(130,400),(131,1150),(132,180),(133,360),(134,900),(135,850),(136,810),(137,1050),(138,655),(139,360),(140,180),(141,250),(142,250),(143,250),(144,250),(145,250),(146,250),(147,320),(148,160),(149,50),(150,150),(151,30)]	[1,2,4,5,7,8,11,13,14]	[152,153,124,125,126,149,151,135,136]
143	[(1,250),(2,500),(3,1000),(4,200),(5,400),(6,800),(7,500),(8,500),(9,1000),(10,1000),(11,1000),(12,500),(13,1000),(14,800)]	[(152,5),(153,25),(124,25),(125,25),(126,25),(127,950),(128,360),(129,220),(130,400),(131,1150),(132,180),(133,360),(134,900),(135,850),(136,810),(137,1050),(138,655),(139,360),(140,180),(141,250),(142,250),(143,250),(144,250),(145,250),(146,250),(147,320),(148,160),(149,50),(150,150),(151,30)]	[1,2,4,5,7,8,11,13,14]	[152,153,124,125,126,149,151,135,136]
144	[(1,250),(2,500),(3,1000),(4,200),(5,400),(6,800),(7,500),(8,500),(9,1000),(10,1000),(11,1000),(12,500),(13,1000),(14,800)]	[(152,5),(153,25),(124,25),(125,25),(126,25),(127,950),(128,360),(129,220),(130,400),(131,1150),(132,180),(133,360),(134,900),(135,850),(136,810),(137,1050),(138,655),(139,360),(140,180),(141,250),(142,250),(143,250),(144,250),(145,250),(146,250),(147,320),(148,160),(149,50),(150,150),(151,30)]	[1,2,4,5,7,8,11,13,14]	[152,153,124,125,126,149,151,135,136]
145	[(1,250),(2,500),(3,1000),(4,200),(5,400),(6,800),(7,500),(8,500),(9,1000),(10,1000),(11,1000),(12,500),(13,1000),(14,800)]	[(152,5),(153,25),(124,25),(125,25),(126,25),(127,950),(128,360),(129,220),(130,400),(131,1150),(132,180),(133,360),(134,900),(135,850),(136,810),(137,1050),(138,655),(139,360),(140,180),(141,250),(142,250),(143,250),(144,250),(145,250),(146,250),(147,320),(148,160),(149,50),(150,150),(151,30)]	[1,2,4,5,7,8,11,13,14]	[152,153,124,125,126,149,151,135,136]
146	[(1,250),(2,500),(3,1000),(4,200),(5,400),(6,800),(7,500),(8,500),(9,1000),(10,1000),(11,1000),(12,500),(13,1000),(14,800)]	[(152,5),(153,25),(124,25),(125,25),(126,25),(127,950),(128,360),(129,220),(130,400),(131,1150),(132,180),(133,360),(134,900),(135,850),(136,810),(137,1050),(138,655),(139,360),(140,180),(141,250),(142,250),(143,250),(144,250),(145,250),(146,250),(147,320),(148,160),(149,50),(150,150),(151,30)]	[1,2,4,5,7,8,11,13,14]	[152,153,124,125,126,149,151,135,136]
147	[(1,250),(2,500),(3,1000),(4,200),(5,400),(6,800),(7,500),(8,500),(9,1000),(10,1000),(11,1000),(12,500),(13,1000),(14,800)]	[(152,5),(153,25),(124,25),(125,25),(126,25),(127,950),(128,360),(129,220),(130,400),(131,1150),(132,180),(133,360),(134,900),(135,850),(136,810),(137,1050),(138,655),(139,360),(140,180),(141,250),(142,250),(143,250),(144,250),(145,250),(146,250),(147,320),(148,160),(149,50),(150,150),(151,30)]	[1,2,4,5,7,8,11,13,14]	[152,153,124,125,126,149,151,135,136]
148	[(1,250),(2,500),(3,1000),(4,200),(5,400),(6,800),(7,500),(8,500),(9,1000),(10,1000),(11,1000),(12,500),(13,1000),(14,800)]	[(152,5),(153,25),(124,25),(125,25),(126,25),(127,950),(128,360),(129,220),(130,400),(131,1150),(132,180),(133,360),(134,900),(135,850),(136,810),(137,1050),(138,655),(139,360),(140,180),(141,250),(142,250),(143,250),(144,250),(145,250),(146,250),(147,320),(148,160),(149,50),(150,150),(151,30)]	[1,2,4,5,7,8,11,13,14]	[152,153,124,125,126,149,151,135,136]
149	[(1,250),(2,500),(3,1000),(4,200),(5,400),(6,800),(7,500),(8,500),(9,1000),(10,1000),(11,1000),(12,500),(13,1000),(14,800)]	[(152,5),(153,25),(124,25),(125,25),(126,25),(127,950),(128,360),(129,220),(130,400),(131,1150),(132,180),(133,360),(134,900),(135,850),(136,810),(137,1050),(138,655),(139,360),(140,180),(141,250),(142,250),(143,250),(144,250),(145,250),(146,250),(147,320),(148,160),(149,50),(150,150),(151,30)]	[1,2,4,5,7,8,11,13,14]	[152,153,124,125,126,149,151,135,136]
150	[(1,250),(2,500),(3,1000),(4,200),(5,400),(6,800),(7,500),(8,500),(9,1000),(10,1000),(11,1000),(12,500),(13,1000),(14,800)]	[(152,5),(153,25),(124,25),(125,25),(126,25),(127,950),(128,360),(129,220),(130,400),(131,1150),(132,180),(133,360),(134,900),(135,850),(136,810),(137,1050),(138,655),(139,360),(140,180),(141,250),(142,250),(143,250),(144,250),(145,250),(146,250),(147,320),(148,160),(149,50),(150,150),(151,30)]	[1,2,4,5,7,8,11,13,14]	[152,153,124,125,126,149,151,135,136]
151	[(1,250),(2,500),(3,1000),(4,200),(5,400),(6,800),(7,500),(8,500),(9,1000),(10,1000),(11,1000),(12,500),(13,1000),(14,800)]	[(152,5),(153,25),(124,25),(125,25),(126,25),(127,950),(128,360),(129,220),(130,400),(131,1150),(132,180),(133,360),(134,900),(135,850),(136,810),(137,1050),(138,655),(139,360),(140,180),(141,250),(142,250),(143,250),(144,250),(145,250),(146,250),(147,320),(148,160),(149,50),(150,150),(151,30)]	[1,2,4,5,7,8,11,13,14]	[152,153,124,125,126,149,151,135,136]
152	[(1,250),(2,500),(3,1000),(4,200),(5,400),(6,800),(7,500),(8,500),(9,1000),(10,1000),(11,1000),(12,500),(13,1000),(14,800)]	[(152,5),(153,25),(124,25),(125,25),(126,25),(127,950),(128,360),(129,220),(130,400),(131,1150),(132,180),(133,360),(134,900),(135,850),(136,810),(137,1050),(138,655),(139,360),(140,180),(141,250),(142,250),(143,250),(144,250),(145,250),(146,250),(147,320),(148,160),(149,50),(150,150),(151,30)]	[1,2,4,5,7,8,11,13,14]	[152,153,124,125,126,149,151,135,136]
153	[(1,250),(2,500),(3,1000),(4,200),(5,400),(6,800),(7,500),(8,500),(9,1000),(10,1000),(11,1000),(12,500),(13,1000),(14,800)]	[(152,5),(153,25),(124,25),(125,25),(126,25),(127,950),(128,360),(129,220),(130,400),(131,1150),(132,180),(133,360),(134,900),(135,850),(136,810),(137,1050),(138,655),(139,360),(140,180),(141,250),(142,250),(143,250),(144,250),(145,250),(146,250),(147,320),(148,160),(149,50),(150,150),(151,30)]	[1,2,4,5,7,8,11,13,14]	[152,153,124,125,126,149,151,135,136]
154	[(1,250),(2,500),(3,1000),(4,200),(5,400),(6,800),(7,500),(8,500),(9,1000),(10,1000),(11,1000),(12,500),(13,1000),(14,800)]	[(152,5),(153,25),(124,25),(125,25),(126,25),(127,950),(128,360),(129,220),(130,400),(131,1150),(132,180),(133,360),(134,900),(135,850),(136,810),(137,1050),(138,655),(139,360),(140,180),(141,250),(142,250),(143,250),(144,250),(145,250),(146,250),(147,320),(148,160),(149,50),(150,150),(151,30)]	[1,2,4,5,7,8,11,13,14]	[152,153,124,125,126,149,151,135,136]
155	[(1,250),(2,500),(3,1000),(4,200),(5,400),(6,800),(7,500),(8,500),(9,1000),(10,1000),(11,1000),(12,500),(13,1000),(14,800)]	[(152,5),(153,25),(124,25),(125,25),(126,25),(127,950),(128,360),(129,220),(130,400),(131,1150),(132,180),(133,360),(134,900),(135,850),(136,810),(137,1050),(138,655),(139,360),(140,180),(141,250),(142,250),(143,250),(144,250),(145,250),(146,250),(147,320),(148,160),(149,50),(150,150),(151,30)]	[1,2,4,5,7,8,11,13,14]	[152,153,124,125,126,149,151,135,136]
156	[(1,250),(2,500),(3,1000),(4,200),(5,400),(6,800),(7,500),(8,500),(9,1000),(10,1000),(11,1000),(12,500),(13,1000),(14,800)]	[(152,5),(153,25),(124,25),(125,25),(126,25),(127,950),(128,360),(129,220),(130,400),(131,1150),(132,180),(133,360),(134,900),(135,850),(136,810),(137,1050),(138,655),(139,360),(140,180),(141,250),(142,250),(143,250),(144,250),(145,250),(146,250),(147,320),(148,160),(149,50),(150,150),(151,30)]	[1,2,4,5,7,8,11,13,14]	[152,153,124,125,126,149,151,135,136]
157	[(1,250),(2,500),(3,1000),(4,200),(5,400),(6,800),(7,500),(8,500),(9,1000),(10,1000),(11,1000),(12,500),(13,1000),(14,800)]	[(152,5),(153,25),(124,25),(125,25),(126,25),(127,950),(128,360),(129,220),(130,400),(131,1150),(132,180),(133,360),(134,900),(135,850),(136,810),(137,1050),(138,655),(139,360),(140,180),(141,250),(142,250),(143,250),(144,250),(145,250),(146,250),(147,320),(148,160),(149,50),(150,150),(151,30)]	[1,2,4,5,7,8,11,13,14]	[152,153,124,125,126,149,151,135,136]
158	[(1,250),(2,500),(3,1000),(4,200),(5,400),(6,800),(7,500),(8,500),(9,1000),(10,1000),(11,1000),(12,500),(13,1000),(14,800)]	[(152,5),(153,25),(124,25),(125,25),(126,25),(127,950),(128,360),(129,220),(130,400),(131,1150),(132,180),(133,360),(134,900),(135,850),(136,810),(137,1050),(138,655),(139,360),(140,180),(141,250),(142,250),(143,250),(144,250),(145,250),(146,250),(147,320),(148,160),(149,50),(150,150),(151,30)]	[1,2,4,5,7,8,11,13,14]	[152,153,124,125,126,149,151,135,136]
159	[(1,250),(2,500),(3,1000),(4,200),(5,400),(6,800),(7,500),(8,500),(9,1000),(10,1000),(11,1000),(12,500),(13,1000),(14,800)]	[(152,5),(153,25),(124,25),(125,25),(126,25),(127,950),(128,360),(129,220),(130,400),(131,1150),(132,180),(133,360),(134,900),(135,850),(136,810),(137,1050),(138,655),(139,360),(140,180),(141,250),(142,250),(143,250),(144,250),(145,250),(146,250),(147,320),(148,160),(149,50),(150,150),(151,30)]	[1,2,4,5,7,8,11,13,14]	[152,153,124,125,126,149,151,135,136]
160	[(1,250),(2,500),(3,1000),(4,200),(5,400),(6,800),(7,500),(8,500),(9,1000),(10,1000),(11,1000),(12,500),(13,1000),(14,800)]	[(152,5),(153,25),(124,25),(125,25),(126,25),(127,950),(128,360),(129,220),(130,400),(131,1150),(132,180),(133,360),(134,900),(135,850),(136,810),(137,1050),(138,655),(139,360),(140,180),(141,250),(142,250),(143,250),(144,250),(145,250),(146,250),(147,320),(148,160),(149,50),(150,150),(151,30)]	[1,2,4,5,7,8,11,13,14]	[152,153,124,125,126,149,151,135,136]
161	[(1,250),(2,500),(3,1000),(4,200),(5,400),(6,800),(7,500),(8,500),(9,1000),(10,1000),(11,1000),(12,500),(13,1000),(14,800)]	[(152,5),(153,25),(124,25),(125,25),(126,25),(127,950),(128,360),(129,220),(130,400),(131,1150),(132,180),(133,360),(134,900),(135,850),(136,810),(137,1050),(138,655),(139,360),(140,180),(141,250),(142,250),(143,250),(144,250),(145,250),(146,250),(147,320),(148,160),(149,50),(150,150),(151,30)]	[1,2,4,5,7,8,11,13,14]	[152,153,124,125,126,149,151,135,136]
162	[(1,250),(2,500),(3,1000),(4,200),(5,400),(6,800),(7,500),(8,500),(9,1000),(10,1000),(11,1000),(12,500),(13,1000),(14,800)]	[(152,5),(153,25),(124,25),(125,25),(126,25),(127,950),(128,360),(129,220),(130,400),(131,1150),(132,180),(133,360),(134,900),(135,850),(136,810),(137,1050),(138,655),(139,360),(140,180),(141,250),(142,250),(143,250),(144,250),(145,250),(146,250),(147,320),(148,160),(149,50),(150,150),(151,30)]	[1,2,4,5,7,8,11,13,14]	[152,153,124,125,126,149,151,135,136]
163	[(1,250),(2,500),(3,1000),(4,200),(5,400),(6,800),(7,500),(8,500),(9,1000),(10,1000),(11,1000),(12,500),(13,1000),(14,800)]	[(152,5),(153,25),(124,25),(125,25),(126,25),(127,950),(128,360),(129,220),(130,400),(131,1150),(132,180),(133,360),(134,900),(135,850),(136,810),(137,1050),(138,655),(139,360),(140,180),(141,250),(142,250),(143,250),(144,250),(145,250),(146,250),(147,320),(148,160),(149,50),(150,150),(151,30)]	[1,2,4,5,7,8,11,13,14]	[152,153,124,125,126,149,151,135,136]
164	[(1,250),(2,500),(3,1000),(4,200),(5,400),(6,800),(7,500),(8,500),(9,1000),(10,1000),(11,1000),(12,500),(13,1000),(14,800)]	[(152,5),(153,25),(124,25),(125,25),(126,25),(127,950),(128,360),(129,220),(130,400),(131,1150),(132,180),(133,360),(134,900),(135,850),(136,810),(137,1050),(138,655),(139,360),(140,180),(141,250),(142,250),(143,250),(144,250),(145,250),(146,250),(147,320),(148,160),(149,50),(150,150),(151,30)]	[1,2,4,5,7,8,11,13,14]	[152,153,124,125,126,149,151,135,136]
165	[(1,250),(2,500),(3,1000),(4,200),(5,400),(6,800),(7,500),(8,500),(9,1000),(10,1000),(11,1000),(12,500),(13,1000),(14,800)]	[(152,5),(153,25),(124,25),(125,25),(126,25),(127,950),(128,360),(129,220),(130,400),(131,1150),(132,180),(133,360),(134,900),(135,850),(136,810),(137,1050),(138,655),(139,360),(140,180),(141,250),(142,250),(143,250),(144,250),(145,250),(146,250),(147,320),(148,160),(149,50),(150,150),(151,30)]	[1,2,4,5,7,8,11,13,14]	[152,153,124,125,126,149,151,135,136]
166	[(1,250),(2,500),(3,1000),(4,200),(5,400),(6,800),(7,500),(8,500),(9,1000),(10,1000),(11,1000),(12,500),(13,1000),(14,800)]	[(152,5),(153,25),(124,25),(125,25),(126,25),(127,950),(128,360),(129,220),(130,400),(131,1150),(132,180),(133,360),(134,900),(135,850),(136,810),(137,1050),(138,655),(139,360),(140,180),(141,250),(142,250),(143,250),(144,250),(145,250),(146,250),(147,320),(148,160),(149,50),(150,150),(151,30)]	[1,2,4,5,7,8,11,13,14]	[152,153,124,125,126,149,151,135,136]
167	[(1,250),(2,500),(3,1000),(4,200),(5,400),(6,800),(7,500),(8,500),(9,1000),(10,1000),(11,1000),(12,500),(13,1000),(14,800)]	[(152,5),(153,25),(124,25),(125,25),(126,25),(127,950),(128,360),(129,220),(130,400),(131,1150),(132,180),(133,360),(134,900),(135,850),(136,810),(137,1050),(138,655),(139,360),(140,180),(141,250),(142,250),(143,250),(144,250),(145,250),(146,250),(147,320),(148,160),(149,50),(150,150),(151,30)]	[1,2,4,5,7,8,11,13,14]	[152,153,124,125,126,149,151,135,136]
168	[(1,250),(2,500),(3,1000),(4,200),(5,400),(6,800),(7,500),(8,500),(9,1000),(10,1000),(11,1000),(12,500),(13,1000),(14,800)]	[(152,5),(153,25),(124,25),(125,25),(126,25),(127,950),(128,360),(129,220),(130,400),(131,1150),(132,180),(133,360),(134,900),(135,850),(136,810),(137,1050),(138,655),(139,360),(140,180),(141,250),(142,250),(143,250),(144,250),(145,250),(146,250),(147,320),(148,160),(149,50),(150,150),(151,30)]	[1,2,4,5,7,8,11,13,14]	[152,153,124,125,126,149,151,135,136]
169	[(1,250),(2,500),(3,1000),(4,200),(5,400),(6,800),(7,500),(8,500),(9,1000),(10,1000),(11,1000),(12,500),(13,1000),(14,800)]	[(152,5),(153,25),(124,25),(125,25),(126,25),(127,950),(128,360),(129,220),(130,400),(131,1150),(132,180),(133,360),(134,900),(135,850),(136,810),(137,1050),(138,655),(139,360),(140,180),(141,250),(142,250),(143,250),(144,250),(145,250),(146,250),(147,320),(148,160),(149,50),(150,150),(151,30)]	[1,2,4,5,7,8,11,13,14]	[152,153,124,125,126,149,151,135,136]
170	[(1,250),(2,500),(3,1000),(4,200),(5,400),(6,800),(7,500),(8,500),(9,1000),(10,1000),(11,1000),(12,500),(13,1000),(14,800)]	[(152,5),(153,25),(124,25),(125,25),(126,25),(127,950),(128,360),(129,220),(130,400),(131,1150),(132,180),(133,360),(134,900),(135,850),(136,810),(137,1050),(138,655),(139,360),(140,180),(141,250),(142,250),(143,250),(144,250),(145,250),(146,250),(147,320),(148,160),(149,50),(150,150),(151,30)]	[1,2,4,5,7,8,11,13,14]	[152,153,124,125,126,149,151,135,136]
171	[(1,250),(2,500),(3,1000),(4,200),(5,400),(6,800),(7,500),(8,500),(9,1000),(10,1000),(11,1000),(12,500),(13,1000),(14,800)]	[(152,5),(153,25),(124,25),(125,25),(126,25),(127,950),(128,360),(129,220),(130,400),(131,1150),(132,180),(133,360),(134,900),(135,850),(136,810),(137,1050),(138,655),(139,360),(140,180),(141,250),(142,250),(143,250),(144,250),(145,250),(146,250),(147,320),(148,160),(149,50),(150,150),(151,30)]	[1,2,4,5,7,8,11,13,14]	[152,153,124,125,126,149,151,135,136]
172	[(1,250),(2,500),(3,1000),(4,200),(5,400),(6,800),(7,500),(8,500),(9,1000),(10,1000),(11,1000),(12,500),(13,1000),(14,800)]	[(152,5),(153,25),(124,25),(125,25),(126,25),(127,950),(128,360),(129,220),(130,400),(131,1150),(132,180),(133,360),(134,900),(135,850),(136,810),(137,1050),(138,655),(139,360),(140,180),(141,250),(142,250),(143,250),(144,250),(145,250),(146,250),(147,320),(148,160),(149,50),(150,150),(151,30)]	[1,2,4,5,7,8,11,13,14]	[152,153,124,125,126,149,151,135,136]
173	[(1,250),(2,500),(3,1000),(4,200),(5,400),(6,800),(7,500),(8,500),(9,1000),(10,1000),(11,1000),(12,500),(13,1000),(14,800)]	[(152,5),(153,25),(124,25),(125,25),(126,25),(127,950),(128,360),(129,220),(130,400),(131,1150),(132,180),(133,360),(134,900),(135,850),(136,810),(137,1050),(138,655),(139,360),(140,180),(141,250),(142,250),(143,250),(144,250),(145,250),(146,250),(147,320),(148,160),(149,50),(150,150),(151,30)]	[1,2,4,5,7,8,11,13,14]	[152,153,124,125,126,149,151,135,136]
174	[(1,250),(2,500),(3,1000),(4,200),(5,400),(6,800),(7,500),(8,500),(9,1000),(10,1000),(11,1000),(12,500),(13,1000),(14,800)]	[(152,5),(153,25),(124,25),(125,25),(126,25),(127,950),(128,360),(129,220),(130,400),(131,1150),(132,180),(133,360),(134,900),(135,850),(136,810),(137,1050),(138,655),(139,360),(140,180),(141,250),(142,250),(143,250),(144,250),(145,250),(146,250),(147,320),(148,160),(149,50),(150,150),(151,30)]	[1,2,4,5,7,8,11,13,14]	[152,153,124,125,126,149,151,135,136]
175	[(1,250),(2,500),(3,1000),(4,200),(5,400),(6,800),(7,500),(8,500),(9,1000),(10,1000),(11,1000),(12,500),(13,1000),(14,800)]	[(152,5),(153,25),(124,25),(125,25),(126,25),(127,950),(128,360),(129,220),(130,400),(131,1150),(132,180),(133,360),(134,900),(135,850),(136,810),(137,1050),(138,655),(139,360),(140,180),(141,250),(142,250),(143,250),(144,250),(145,250),(146,250),(147,320),(148,160),(149,50),(150,150),(151,30)]	[1,2,4,5,7,8,11,13,14]	[152,153,124,125,126,149,151,135,136]
176	[(1,250),(2,500),(3,1000),(4,200),(5,400),(6,800),(7,500),(8,500),(9,1000),(10,1000),(11,1000),(12,500),(13,1000),(14,800)]	[(152,5),(153,25),(124,25),(125,25),(126,25),(127,950),(128,360),(129,220),(130,400),(131,1150),(132,180),(133,360),(134,900),(135,850),(136,810),(137,1050),(138,655),(139,360),(140,180),(141,250),(142,250),(143,250),(144,250),(145,250),(146,250),(147,320),(148,160),(149,50),(150,150),(151,30)]	[1,2,4,5,7,8,11,13,14]	[152,153,124,125,126,149,151,135,136]
177	[(1,250),(2,500),(3,1000),(4,200),(5,400),(6,800),(7,500),(8,500),(9,1000),(10,1000),(11,1000),(12,500),(13,1000),(14,800)]	[(152,5),(153,25),(124,25),(125,25),(126,25),(127,950),(128,360),(129,220),(130,400),(131,1150),(132,180),(133,360),(134,900),(135,850),(136,810),(137,1050),(138,655),(139,360),(140,180),(141,250),(142,250),(143,250),(144,250),(145,250),(146,250),(147,320),(148,160),(149,50),(150,150),(151,30)]	[1,2,4,5,7,8,11,13,14]	[152,153,124,125,126,149,151,135,136]
178	[(1,250),(2,500),(3,1000),(4,200),(5,400),(6,800),(7,500),(8,500),(9,1000),(10,1000),(11,1000),(12,500),(13,1000),(14,800)]	[(152,5),(153,25),(124,25),(125,25),(126,25),(127,950),(128,360),(129,220),(130,400),(131,1150),(132,180),(133,360),(134,900),(135,850),(136,810),(137,1050),(138,655),(139,360),(140,180),(141,250),(142,250),(143,250),(144,250),(145,250),(146,250),(147,320),(148,160),(149,50),(150,150),(151,30)]	[1,2,4,5,7,8,11,13,14]	[152,153,124,125,126,149,151,135,136]
179	[(1,250),(2,500),(3,1000),(4,200),(5,400),(6,800),(7,500),(8,500),(9,1000),(10,1000),(11,1000),(12,500),(13,1000),(14,800)]	[(152,5),(153,25),(124,25),(125,25),(126,25),(127,950),(128,360),(129,220),(130,400),(131,1150),(132,180),(133,360),(134,900),(135,850),(136,810),(137,1050),(138,655),(139,360),(140,180),(141,250),(142,250),(143,250),(144,250),(145,250),(146,250),(147,320),(148,160),(149,50),(150,150),(151,30)]	[1,2,4,5,7,8,11,13,14]	[152,153,124,125,126,149,151,135,136]
