index	name	openLevel	needItem	needUnbindRMB	discountUnbindRMB	discount	dropOutItem	normal	advanced
祭坛索引	祭坛名字	开启所需等级	开启需要物品	开启需要的神石	折扣召唤需要神石	折扣	掉落物品(英雄编号)	普通祭坛(概率,阵营)	高级祭坛
1	一星祭坛	30	25656,1	250	25	一折	[(4,0),(9,0),(14,0),(25639,1)]	[(100, 9001), (100, 9002), (100, 9003), (1350, 9004), (1350, 9005)]	[(450, 9006),(450, 9007),(450, 9008),(450, 9009),(450, 9010),(450, 9011),(100, 9012),(100, 9013),(100, 9014)]
2	二星祭坛	40	25657,1	250	50	二折	[(19,0),(24,0),(29,0),(25642,1)]	[(100, 9015), (100, 9016), (100, 9017), (1350, 9018), (1350, 9019)]	[(450, 9020),(450, 9021),(450, 9022),(450, 9023),(450, 9024),(450, 9025),(100, 9026),(100, 9027),(100, 9028)]
3	三星祭坛	60	25658,1	250	75	三折	[(34,0),(39,0),(44,0),(25644,1)]	[(100, 9029), (100, 9030), (100, 9031), (1350, 9032), (1350, 9033)]	[(450, 9034),(450, 9035),(450, 9036),(450, 9037),(450, 9038),(450, 9039),(100, 9040),(100, 9041),(100, 9042)]
4	四星祭坛	80	25659,1	250	100	四折	[(49,0),(54,0),(25644,1)]	[(100, 9043), (100, 9044), (600, 9045), (600, 9046),(600, 9047) ]	[(450, 9048),(450, 9049),(450, 9050),(450, 9051),(450, 9052),(450, 9053),(100, 9054),(100, 9055),(100, 9056)]
5	五星祭坛	100	25660,1	250	125	五折	[(69,0),(74,0),(25645,1)]	[(100, 9057), (100, 9058), (600, 9059), (600, 9060), (600, 9061)]	[(450, 9062),(450, 9063),(450, 9064),(450, 9065),(450, 9066),(450, 9067),(100, 9068),(100, 9069),(100, 9070)]
6	六星祭坛	120	26525,1	250	150	六折	[(101,0),(113,0),(25645,1)]	[(100, 9071), (100, 9072), (600, 9073), (600, 9074), (600, 9075)]	[(450, 9076),(450, 9077),(450, 9078),(450, 9079),(450, 9080),(450, 9081),(100, 9082),(100, 9083),(100, 9084)]
7	七星祭坛	140	27047,1	250	150	六折	[(125,0),(131,0),(25645,1)]	[(100, 9085), (100, 9086), (600, 9087), (600, 9088), (600, 9089)]	[(450, 9090),(450, 9091),(450, 9092),(450, 9093),(450, 9094),(450, 9095),(100, 9096),(100, 9097),(100, 9098)]
8	八星祭坛	160	27913,1	250	150	六折	[(158,0),(164,0),(25645,1)]	[(100, 9099), (100, 9100), (600, 9101), (600, 9102), (600, 9103)]	[(450, 9104),(450, 9105),(450, 9106),(450, 9107),(450, 9108),(450, 9109),(100, 9110),(100, 9111),(100, 9112)]
