heroNumber	name	career	grade	star	heroType	colorCode	returnItems	needLevel	needReputation	needMoney	needItems	recuritRes	coolCD	color	floorShadow	gradeOrder	nextGradeHeroNumber	maxLevel	upgradeNeedLv	upgradeNeedItem	upgradeNeedHeroNumber	NpcType	canFollow	temple_level	CompareHero	bigIcon	smallIcon	normal_skill	learn_activeSkill	learn_passiveSkill	learned_skill	nolearned_skill	lightskill	attack_Plus	attack_Coe	maxhp_Plus	maxhp_Coe	speedGrow	attackPassive	hpPassive	maxhp	attackspeed	anger	attack_p	defense_p	attack_m	defense_m	crit	critpress	antibroken	notbroken	parry	puncture	damageupgrade	damagereduce	heroDesc	heroTalk	upgradeNeedRoleLv	canAwaken	needHeroActID	awakenRoleLevel	awakenHeroLevel	awakenHeroStar	awakenNeedItem	awakenHeroSkill	awakenHeroNumber	orAwaken	CuiLianShiCnt	zhuanshengLevel	canZhuanSheng	zhuanshengNeedLevel	zhuanshengHeroNumber	zhuanshengNeedRoleZSLv	zhuanshengNeedItem	zhuanshengNeedRes	zhuanshengNeedMoney	maxhp_z	attackspeed_z	anger_z	attack_p_z	defense_p_z	attack_m_z	defense_m_z	crit_z	critpress_z	antibroken_z	notbroken_z	parry_z	puncture_z	damageupgrade_z	damagereduce_z
英雄编号	英雄名字	职业（1-防御， 2-法攻， 3-辅助）	品阶	星阶	英雄类型	颜色编码(服务器用)	返还道具（紫、橙、红）	招募需要等级	招募需要声望	招募需要银币	招募需要物品	招募道具小图标	招募冷却CD--单位s	英雄名颜色	底图背景色	品阶排序	进化后英雄编号	最大等级	升级需要等级	升阶需要物品	升阶需要英雄编号	Npc类型	是否能够跟随（1-可以， 0-不可以）	招募显示顺序，越小越优先,0不显示(不为0的地方不可重复)	比较英雄	英雄大头像	英雄小头像	默认普通技能	学习的主动技能	已学习的被动技能	已学习技能	未学习技能	需要闪烁的技能	攻击成长	攻击系数	生命成长	生命系数	速度成长	攻击被动系数	生命被动系数	基础生命值	攻击速度	怒气	物攻	物防	法攻	法防	暴击	免暴	破防	免破	格挡	破挡	增伤	免伤	英雄描述	英雄说话	英雄进阶需要的主角等级	英雄是否可以觉醒	觉醒需要通关的英雄圣殿id	觉醒需要主角等级	觉醒需要英雄等级	觉醒需要英雄达到星级	觉醒需要的道具	觉醒可以获得的技能	英雄觉醒后的ID	英雄是否已经觉醒的	使用淬炼石的最大个数	转生等级	英雄是否可以转生	转生需要英雄等级	英雄转生后的onumber	转生需要主角转生等级	转生需要的道具	转生道具小图标	转生需要的金币	基础生命值(转生)	攻击速度(转生)	怒气(转生)	物攻(转生)	物防(转生)	法攻(转生)	法防(转生)	暴击(转生)	免暴(转生)	破防(转生)	免破(转生)	格挡(转生)	破挡(转生)	增伤(转生)	免伤(转生)
1	圣辉护卫	1	1	1	1	1		0	0	10000			43200	白色	0	1	2	20	20	[(25676,1)]	0	9001	0	1	2	20002	20002	("HeroNormalSkill",(253,1))	(9999,1)	[]	(253,1)	(203,1):(501,2):(506,1)	(203,1)	4200	10	7000	30	慢	0	0	1500000	30000	0	500000	0	500000	0	5000000	0	0	0	0	0	0	0	高防战士，英勇无畏	升绿可得#C(#f3fc09)吸血#n技能	0	0	0	0	0	0					3	0	0	0		0				0	0	0	0	0	0	0	0	0	0	0	0	0	0	0
2	圣辉护卫	1	2	1	1	2		0	0	0			0	绿色	icoBg1	2	3	30	30	[(25676,5)]	0	9002	0	0	3	20002	20002	("HeroNormalSkill",(253,1))	(203,1)	[]	(253,1):(203,1)	(501,2):(506,1)	(501,2)	8400	10	14000	30	慢	0	0	1500000	30000	0	500000	0	500000	0	5000000	0	0	0	0	0	0	0	高防战士，英勇无畏	升蓝可得#C(#f3fc09)提升50%生命与20%格挡几率#n的被动技能	0	0	0	0	0	0					6	0	0	0		0				0	0	0	0	0	0	0	0	0	0	0	0	0	0	0
3	圣辉护卫	1	3	1	1	3		0	0	0			0	蓝色	icoBg2	3	4	40	40	[(25676,25)]	0	9003	0	0	4	20002	20002	("HeroNormalSkill",(253,1))	(203,1)	[(501,1)]	(253,1):(203,1):(501,2)	(506,1)	(253,2):(203,2)	13200	10	22000	30	慢	0	5000	1500000	30000	0	500000	0	500000	0	5000000	0	0	0	20000000	0	0	0	高防战士，英勇无畏	升紫后可#C(#f3fc09)第一回合使用吸血#n技能	0	0	0	0	0	0					9	0	0	0		0				0	0	0	0	0	0	0	0	0	0	0	0	0	0	0
4	圣辉护卫	1	4	1	1	4	25984,1	0	0	0			0	紫色	icoBg3	4	5	50	50	[(25676,50)]	4	9004	0	0	5	20002	20002	("HeroNormalSkill",(253,2))	(203,2)	[(501,1)]	(253,2):(203,2):(501,2)	(506,1)	(506,1)	18000	10	30000	30	慢	0	5000	1500000	30000	0	500000	0	500000	0	5000000	0	0	0	20000000	0	0	0	高防战士，英勇无畏	升橙可得#C(#f3fc09)生命低于30%时免伤60%两回合#n被动技能	0	0	0	0	0	0					12	0	0	0		0				0	0	0	0	0	0	0	0	0	0	0	0	0	0	0
5	圣辉护卫	1	5	1	1	5	25984,3	0	0	0			0	橙色	icoBg5	5	0	50	50	[(25676,0)]	0	9005	0	0	0	20002	20002	("HeroNormalSkill",(253,2))	(203,2)	[(501,1), (506, 1)]	(253,2):(203,2):(501,2):(506,1)			27000	10	45000	30	慢	0	5000	1500000	30000	0	500000	0	500000	0	5000000	0	0	0	20000000	0	0	0	高防战士，英勇无畏		0	0	0	0	0	0					15	0	0	0		0				0	0	0	0	0	0	0	0	0	0	0	0	0	0	0
6	绝美艳后	3	1	1	2	1		19	0	10000			43200	白色	0	1	7	20	20	[(25676,1)]	0	9006	0	2	7	5006	5006	("HeroNormalSkill",(252,1))	(9999,1)	[]	(252,1)	(202,1):(503,2):(505,1)	(202,1)	5950	10	5250	30	快	0	0	1500000	70000	0	500000	0	500000	0	5000000	0	0	0	0	0	0	0	女王亲临，振奋人心	升绿可得#C(#f3fc09)全体提升攻击#n技能	0	0	0	0	0	0					3	0	0	0		0				0	0	0	0	0	0	0	0	0	0	0	0	0	0	0
7	绝美艳后	3	2	1	2	2		19	0	0			0	绿色	icoBg1	2	8	30	30	[(25676,5)]	0	9007	0	0	8	5006	5006	("HeroNormalSkill",(252,1))	(202,1)	[]	(252,1):(202,1)	(503,2):(505,1)	(503,2)	11900	10	10500	30	快	0	0	1500000	70000	0	500000	0	500000	0	5000000	0	0	0	0	0	0	0	女王亲临，振奋人心	升蓝可得#C(#f3fc09)提升20%法术攻击力#n技能	0	0	0	0	0	0					6	0	0	0		0				0	0	0	0	0	0	0	0	0	0	0	0	0	0	0
8	绝美艳后	3	3	1	2	3		19	0	0			0	蓝色	icoBg2	3	9	40	40	[(25676,25)]	0	9008	0	0	9	5006	5006	("HeroNormalSkill",(252,1))	(202,1)	[(503,1)]	(252,1):(202,1):(503,2)	(505,1)	(252,2):(202,2)	18700	10	16500	30	快	2000	0	1500000	70000	0	500000	0	500000	0	5000000	0	0	0	0	0	0	0	女王亲临，振奋人心	升紫后可#C(#f3fc09)第一回合使用提升攻击#n技能	0	0	0	0	0	0					9	0	0	0		0				0	0	0	0	0	0	0	0	0	0	0	0	0	0	0
9	绝美艳后	3	4	1	2	4	25984,1	19	0	0			0	紫色	icoBg3	4	10	50	50	[(25676,50)]	9	9009	0	0	10	5006	5006	("HeroNormalSkill",(252,2))	(202,2)	[(503,1)]	(252,2):(202,2):(503,2)	(505,1)	(505,1)	25500	10	22500	30	快	2000	0	1500000	70000	0	500000	0	500000	0	5000000	0	0	0	0	0	0	0	女王亲临，振奋人心	升橙可得#C(#f3fc09)提升己方全体5%伤害率和免伤率#n技能	0	0	0	0	0	0					12	0	0	0		0				0	0	0	0	0	0	0	0	0	0	0	0	0	0	0
10	绝美艳后	3	5	1	2	5	25984,3	19	0	0			0	橙色	icoBg5	5	0	50	50	[(25676,0)]	0	9010	0	0	0	5006	5006	("HeroNormalSkill",(252,2))	(202,2)	[(503,1), (505, 1)]	(252,2):(202,2):(503,2):(505,1)			38250	10	33750	30	快	2000	0	1500000	70000	0	500000	0	500000	0	5000000	0	0	0	0	0	0	0	女王亲临，振奋人心		0	0	0	0	0	0					15	0	0	0		0				0	0	0	0	0	0	0	0	0	0	0	0	0	0	0
11	天空射手	2	1	1	3	1		26	500	10000			43200	白色	0	1	12	20	20	[(25676,1)]	0	9011	0	3	12	4018	4018	("HeroNormalSkill",(251,1))	(9999,1)	[]	(251,1)	(201,1):(502,2):(504,1)	(201,1)	7700	10	3500	30	中等	0	0	1500000	50000	0	500000	0	500000	0	5000000	0	0	0	0	0	0	0	天空之子，一箭三雕	升绿可得攻击#C(#f3fc09)随机三个目标#n技能	0	0	0	0	0	0					3	0	0	0		0				0	0	0	0	0	0	0	0	0	0	0	0	0	0	0
12	天空射手	2	2	1	3	2		26	0	0			0	绿色	icoBg1	2	13	30	30	[(25676,5)]	0	9012	0	0	13	4018	4018	("HeroNormalSkill",(251,1))	(201,1)	[]	(251,1):(201,1)	(502,2):(504,1)	(502,2)	15400	10	7000	30	中等	0	0	1500000	50000	0	500000	0	500000	0	5000000	0	0	0	0	0	0	0	天空之子，一箭三雕	升蓝可得#C(#f3fc09)提升15%暴击概率#n被动技能	0	0	0	0	0	0					6	0	0	0		0				0	0	0	0	0	0	0	0	0	0	0	0	0	0	0
13	天空射手	2	3	1	3	3		26	0	0			0	蓝色	icoBg2	3	14	40	40	[(25676,25)]	0	9013	0	0	14	4018	4018	("HeroNormalSkill",(251,1))	(201,1)	[(502,1)]	(251,1):(201,1):(502,2)	(504,1)	(251,2):(201,2)	24200	10	11000	30	中等	0	0	1500000	50000	0	500000	0	500000	0	20000000	0	0	0	0	0	0	0	天空之子，一箭三雕	升紫后可#C(#f3fc09)第一回合使用群攻#n技能	0	0	0	0	0	0					9	0	0	0		0				0	0	0	0	0	0	0	0	0	0	0	0	0	0	0
14	天空射手	2	4	1	3	4	25984,1	26	0	0			0	紫色	icoBg3	4	15	50	50	[(25676,50)]	14	9014	0	0	15	4018	4018	("HeroNormalSkill",(251,2))	(201,2)	[(502,1)]	(251,2):(201,2):(502,2)	(504,1)	(504,1)	33000	10	15000	30	中等	0	0	1500000	50000	0	500000	0	500000	0	20000000	0	0	0	0	0	0	0	天空之子，一箭三雕	升橙可得#C(#f3fc09)30%概率重置技能CD#n被动技能	0	0	0	0	0	0					12	0	0	0		0				0	0	0	0	0	0	0	0	0	0	0	0	0	0	0
15	天空射手	2	5	1	3	5	25984,3	26	0	0			0	橙色	icoBg5	5	0	50	50	[(25676,0)]	0	9015	0	0	0	4018	4018	("HeroNormalSkill",(251,2))	(201,2)	[(502,1), (504, 1)]	(251,2):(201,2):(502,2):(504,1)			49500	10	22500	30	中等	1000	0	1500000	50000	0	500000	0	500000	0	20000000	0	0	0	0	0	0	0	天空之子，一箭三雕		0	0	0	0	0	0					15	0	0	0		0				0	0	0	0	0	0	0	0	0	0	0	0	0	0	0
16	冠军骑士	1	7	2	4	1		40	8000	100000			86400	白色	0	1	17	40	40	[(25677,1)]	0	9016	0	4	17	20012	20012	("HeroNormalSkill",(256,1))	(9999,1)	[]	(256,1)	(206,1):(501,2):(506,1)	(206,1)	21000	10	35000	30	中等	0	0	1500000	49900	0	500000	0	500000	0	5000000	0	0	0	0	0	0	0	王者之将，坚不可摧	升绿可得#C(#f3fc09)护盾#n技能	0	0	0	0	0	0					18	0	0	0		0				0	0	0	0	0	0	0	0	0	0	0	0	0	0	0
17	冠军骑士	1	8	2	4	2		40	0	0			0	绿色	icoBg1	2	18	50	50	[(25677,5)]	0	9017	0	0	18	20012	20012	("HeroNormalSkill",(256,1))	(206,1)	[]	(256,1):(206,1)	(501,2):(506,1)	(501,2)	24000	10	40000	30	中等	0	0	1500000	49900	0	500000	0	500000	0	5000000	0	0	0	0	0	0	0	王者之将，坚不可摧	升蓝可得#C(#f3fc09)提升50%生命与20%格挡几率#n的被动技能	0	0	0	0	0	0					21	0	0	0		0				0	0	0	0	0	0	0	0	0	0	0	0	0	0	0
18	冠军骑士	1	9	2	4	3		40	0	0			0	蓝色	icoBg2	3	19	60	60	[(25677,25)]	0	9018	0	0	19	20012	20012	("HeroNormalSkill",(256,1))	(206,1)	[(501,1)]	(256,1):(206,1):(501,2)	(506,1)	(256,2):(206,2)	27000	10	45000	30	中等	0	5000	1500000	49900	0	500000	0	500000	0	5000000	0	0	0	20000000	0	0	0	王者之将，坚不可摧	升紫后可#C(#f3fc09)第一回合使用护盾#n技能	0	0	0	0	0	0					24	0	0	0		0				0	0	0	0	0	0	0	0	0	0	0	0	0	0	0
19	冠军骑士	1	10	2	4	4	25985,1	40	0	0			0	紫色	icoBg3	4	20	70	70	[(25677,50)]	19	9019	0	0	20	20012	20012	("HeroNormalSkill",(256,2))	(206,2)	[(501,1)]	(256,2):(206,2):(501,2)	(506,1)	(506,1)	30000	10	50000	30	中等	0	5000	1500000	49900	0	500000	0	500000	0	5000000	0	0	0	20000000	0	0	0	王者之将，坚不可摧	升橙可得#C(#f3fc09)生命低于30%时免伤60%两回合#n被动技能	0	0	0	0	0	0					27	0	0	0		0				0	0	0	0	0	0	0	0	0	0	0	0	0	0	0
20	冠军骑士	1	11	2	4	5	25985,3	40	0	0			0	橙色	icoBg5	5	0	70	70	[(25677,0)]	0	9020	0	0	0	20012	20012	("HeroNormalSkill",(256,2))	(206,2)	[(501,1), (506, 1)]	(256,2):(206,2):(501,2):(506,1)			45000	10	75000	30	中等	0	5000	1500000	49900	0	500000	0	500000	0	5000000	0	0	0	20000000	0	0	0	王者之将，坚不可摧		0	0	0	0	0	0					30	0	0	0		0				0	0	0	0	0	0	0	0	0	0	0	0	0	0	0
21	圣光祭司	3	7	2	5	1		40	20000	100000			86400	白色	0	1	22	40	40	[(25677,1)]	0	9021	0	5	22	5004	5004	("HeroNormalSkill",(255,1))	(9999,1)	[]	(255,1)	(205,1):(503,2):(505,1)	(205,1)	29750	10	26250	30	慢	0	0	1500000	30100	0	500000	0	500000	0	5000000	0	0	0	0	0	0	0	神之使徒，妙手回春	升绿可得#C(#f3fc09)治疗#n技能	0	0	0	0	0	0					18	0	0	0		0				0	0	0	0	0	0	0	0	0	0	0	0	0	0	0
22	圣光祭司	3	8	2	5	2		40	0	0			0	绿色	icoBg1	2	23	50	50	[(25677,5)]	0	9022	0	0	23	5004	5004	("HeroNormalSkill",(255,1))	(205,1)	[]	(255,1):(205,1)	(503,2):(505,1)	(503,2)	34000	10	30000	30	慢	0	0	1500000	30100	0	500000	0	500000	0	5000000	0	0	0	0	0	0	0	神之使徒，妙手回春	升蓝可得#C(#f3fc09)提升20%法术攻击力#n被动技能	0	0	0	0	0	0					21	0	0	0		0				0	0	0	0	0	0	0	0	0	0	0	0	0	0	0
23	圣光祭司	3	9	2	5	3		40	0	0			0	蓝色	icoBg2	3	24	60	60	[(25677,25)]	0	9023	0	0	24	5004	5004	("HeroNormalSkill",(255,1))	(205,1)	[(503,1)]	(255,1):(205,1):(503,2)	(505,1)	(255,2):(205,2)	38250	10	33750	30	慢	2000	0	1500000	30100	0	500000	0	500000	0	5000000	0	0	0	0	0	0	0	神之使徒，妙手回春	升紫后可#C(#f3fc09)第一回合使用治疗#n技能	0	0	0	0	0	0					24	0	0	0		0				0	0	0	0	0	0	0	0	0	0	0	0	0	0	0
24	圣光祭司	3	10	2	5	4	25985,1	40	0	0			0	紫色	icoBg3	4	25	70	70	[(25677,50)]	24	9024	0	0	25	5004	5004	("HeroNormalSkill",(255,2))	(205,2)	[(503,1)]	(255,2):(205,2):(503,2)	(505,1)	(505,1)	42500	10	37500	30	慢	2000	0	1500000	30100	0	500000	0	500000	0	5000000	0	0	0	0	0	0	0	神之使徒，妙手回春	升橙可得#C(#f3fc09)提升己方全体5%伤害率和免伤率#n被动技能	0	0	0	0	0	0					27	0	0	0		0				0	0	0	0	0	0	0	0	0	0	0	0	0	0	0
25	圣光祭司	3	11	2	5	5	25985,3	40	0	0			0	橙色	icoBg5	5	0	70	70	[(25677,0)]	0	9025	0	0	0	5004	5004	("HeroNormalSkill",(255,2))	(205,2)	[(503,1), (505, 1)]	(255,2):(205,2):(503,2):(505,1)			63750	10	56250	30	慢	2000	0	1500000	30100	0	500000	0	500000	0	5000000	0	0	0	0	0	0	0	神之使徒，妙手回春		0	0	0	0	0	0					30	0	0	0		0				0	0	0	0	0	0	0	0	0	0	0	0	0	0	0
26	死神	2	7	2	6	1		40	35000	100000			86400	白色	0	1	27	40	40	[(25677,1)]	0	9026	0	6	27	4023	4023	("HeroNormalSkill",(254,1))	(9999,1)	[]	(254,1)	(204,1):(502,2):(504,1)	(204,1)	38500	10	17500	30	快	0	0	1500000	69900	0	500000	0	500000	0	5000000	0	0	0	0	0	0	0	亡灵使者，魂飞魄散	升绿可得攻击#C(#f3fc09)随机三个#n目标，并#C(#f3fc09)破甲#n技能	0	0	0	0	0	0					18	0	0	0		0				0	0	0	0	0	0	0	0	0	0	0	0	0	0	0
27	死神	2	8	2	6	2		40	0	0			0	绿色	icoBg1	2	28	50	50	[(25677,5)]	0	9027	0	0	28	4023	4023	("HeroNormalSkill",(254,1))	(204,1)	[]	(254,1):(204,1)	(502,2):(504,1)	(502,2)	44000	10	20000	30	快	0	0	1500000	69900	0	500000	0	500000	0	5000000	0	0	0	0	0	0	0	亡灵使者，魂飞魄散	升蓝可得#C(#f3fc09)目标生命高于50%时，伤害提升20%#n被动技能	0	0	0	0	0	0					21	0	0	0		0				0	0	0	0	0	0	0	0	0	0	0	0	0	0	0
28	死神	2	9	2	6	3		40	0	0			0	蓝色	icoBg2	3	29	60	60	[(25677,25)]	0	9028	0	0	29	4023	4023	("HeroNormalSkill",(254,1))	(204,1)	[(502,1)]	(254,1):(204,1):(502,2)	(504,1)	(254,2):(204,2)	49500	10	22500	30	快	0	0	1500000	69900	0	500000	0	500000	0	20000000	0	0	0	0	0	0	0	亡灵使者，魂飞魄散	升紫后可#C(#f3fc09)第一回合使用群攻破甲#n技能	0	0	0	0	0	0					24	0	0	0		0				0	0	0	0	0	0	0	0	0	0	0	0	0	0	0
29	死神	2	10	2	6	4	25985,1	40	0	0			0	紫色	icoBg3	4	30	70	70	[(25677,50)]	29	9029	0	0	30	4023	4023	("HeroNormalSkill",(254,2))	(204,2)	[(502,1)]	(254,2):(204,2):(502,2)	(504,1)	(504,1)	55000	10	25000	30	快	0	0	1500000	69900	0	500000	0	500000	0	20000000	0	0	0	0	0	0	0	亡灵使者，魂飞魄散	升橙可得#C(#f3fc09)30%概率重置技能CD#n被动技能	0	0	0	0	0	0					27	0	0	0		0				0	0	0	0	0	0	0	0	0	0	0	0	0	0	0
30	死神	2	11	2	6	5	25985,3	40	0	0			0	橙色	icoBg5	5	0	70	70	[(25677,0)]	0	9030	0	0	0	4023	4023	("HeroNormalSkill",(254,2))	(204,2)	[(502,1), (504, 1)]	(254,2):(204,2):(502,2):(504,1)			82500	10	37500	30	快	1000	0	1500000	69900	0	500000	0	500000	0	20000000	0	0	0	0	0	0	0	亡灵使者，魂飞魄散		0	0	0	0	0	0					30	0	0	0		0				0	0	0	0	0	0	0	0	0	0	0	0	0	0	0
31	雷神	1	13	3	7	1		60	57000	500000			172800	白色	0	1	32	60	50	[(25678,1)]	0	9031	0	7	32	4016	4016	("HeroNormalSkill",(259,1))	(9999,1)	[]	(259,1)	(209,1):(501,2):(506,1)	(209,1)	33000	10	55000	30	快	0	0	1500000	69800	0	500000	0	500000	0	5000000	0	0	0	0	0	0	0	天神护体，万夫莫敌		0	0	0	0	0	0					36	0	0	0		0				0	0	0	0	0	0	0	0	0	0	0	0	0	0	0
32	雷神	1	14	3	7	2		60	0	0			0	绿色	icoBg1	2	33	70	60	[(25678,5)]	0	9032	0	0	33	4016	4016	("HeroNormalSkill",(259,1))	(209,1)	[]	(259,1):(209,1)	(501,2):(506,1)	(501,2)	36000	10	60000	30	快	0	0	1500000	69800	0	500000	0	500000	0	5000000	0	0	0	0	0	0	0	天神护体，万夫莫敌		0	0	0	0	0	0					42	0	0	0		0				0	0	0	0	0	0	0	0	0	0	0	0	0	0	0
33	雷神	1	15	3	7	3		60	0	0			0	蓝色	icoBg2	3	34	80	70	[(25678,25)]	0	9033	0	0	34	4016	4016	("HeroNormalSkill",(259,1))	(209,1)	[(501,1)]	(259,1):(209,1):(501,2)	(506,1)	(259,2):(209,2)	39000	10	65000	30	快	0	5000	1500000	69800	0	500000	0	500000	0	5000000	0	0	0	20000000	0	0	0	天神护体，万夫莫敌		0	0	0	0	0	0					48	0	0	0		0				0	0	0	0	0	0	0	0	0	0	0	0	0	0	0
34	雷神	1	16	3	7	4	25986,1	60	0	0			0	紫色	icoBg3	4	35	90	90	[(25678,50)]	34	9034	0	0	35	4016	4016	("HeroNormalSkill",(259,2))	(209,2)	[(501,1)]	(259,2):(209,2):(501,2)	(506,1)	(506,1)	42000	10	70000	30	快	0	5000	1500000	69800	0	500000	0	500000	0	5000000	0	0	0	20000000	0	0	0	天神护体，万夫莫敌		0	0	0	0	0	0					54	0	0	0		0				0	0	0	0	0	0	0	0	0	0	0	0	0	0	0
35	雷神	1	17	3	7	5	25986,3	60	0	0			0	橙色	icoBg5	5	0	90	90	[(25678,0)]	0	9035	0	0	0	4016	4016	("HeroNormalSkill",(259,2))	(209,2)	[(501,1), (506, 1)]	(259,2):(209,2):(501,2):(506,1)			63000	10	105000	30	快	0	5000	1500000	69800	0	500000	0	500000	0	5000000	0	0	0	20000000	0	0	0	天神护体，万夫莫敌		0	0	0	0	0	0					60	0	0	0		0				0	0	0	0	0	0	0	0	0	0	0	0	0	0	0
36	红袍女巫	3	13	3	8	1		60	101000	500000			172800	白色	0	1	37	60	50	[(25678,1)]	0	9036	0	8	37	5005	5005	("HeroNormalSkill",(260,1))	(9999,1)	[]	(260,1)	(210,1):(503,2):(505,1)	(210,1)	46750	10	41250	30	中等	0	0	1500000	50200	0	500000	0	500000	0	5000000	0	0	0	0	0	0	0	上古巫术，金刚不坏		0	0	0	0	0	0					36	0	0	0		0				0	0	0	0	0	0	0	0	0	0	0	0	0	0	0
37	红袍女巫	3	14	3	8	2		60	0	0			0	绿色	icoBg1	2	38	70	60	[(25678,5)]	0	9037	0	0	38	5005	5005	("HeroNormalSkill",(260,1))	(210,1)	[]	(260,1):(210,1)	(503,2):(505,1)	(503,2)	51000	10	45000	30	中等	0	0	1500000	50200	0	500000	0	500000	0	5000000	0	0	0	0	0	0	0	上古巫术，金刚不坏		0	0	0	0	0	0					42	0	0	0		0				0	0	0	0	0	0	0	0	0	0	0	0	0	0	0
38	红袍女巫	3	15	3	8	3		60	0	0			0	蓝色	icoBg2	3	39	80	70	[(25678,25)]	0	9038	0	0	39	5005	5005	("HeroNormalSkill",(260,1))	(210,1)	[(503,1)]	(260,1):(210,1):(503,2)	(505,1)	(260,2):(210,2)	55250	10	48750	30	中等	2000	0	1500000	50200	0	500000	0	500000	0	5000000	0	0	0	0	0	0	0	上古巫术，金刚不坏		0	0	0	0	0	0					48	0	0	0		0				0	0	0	0	0	0	0	0	0	0	0	0	0	0	0
39	红袍女巫	3	16	3	8	4	25986,1	60	0	0			0	紫色	icoBg3	4	40	90	90	[(25678,50)]	39	9039	0	0	40	5005	5005	("HeroNormalSkill",(260,2))	(210,2)	[(503,1)]	(260,2):(210,2):(503,2)	(505,1)	(505,1)	59500	10	52500	30	中等	2000	0	1500000	50200	0	500000	0	500000	0	5000000	0	0	0	0	0	0	0	上古巫术，金刚不坏		0	0	0	0	0	0					54	0	0	0		0				0	0	0	0	0	0	0	0	0	0	0	0	0	0	0
40	红袍女巫	3	17	3	8	5	25986,3	60	0	0			0	橙色	icoBg5	5	0	90	90	[(25678,0)]	0	9040	0	0	0	5005	5005	("HeroNormalSkill",(260,2))	(210,2)	[(503,1), (505, 1)]	(260,2):(210,2):(503,2):(505,1)			89250	10	78750	30	中等	2000	0	1500000	50200	0	500000	0	500000	0	5000000	0	0	0	0	0	0	0	上古巫术，金刚不坏		0	0	0	0	0	0					60	0	0	0		0				0	0	0	0	0	0	0	0	0	0	0	0	0	0	0
41	血族剑姬	2	13	3	9	1		60	155000	500000			172800	白色	0	1	42	60	50	[(25678,1)]	0	9041	0	9	42	5001	5001	("HeroNormalSkill",(257,1))	(9999,1)	[]	(257,1)	(207,1):(502,2):(504,1)	(207,1)	60500	10	27500	30	慢	0	0	1500000	30200	0	500000	0	500000	0	5000000	0	0	0	0	0	0	0	血之秘剑，横扫千军		0	0	0	0	0	0					36	0	0	0		0				0	0	0	0	0	0	0	0	0	0	0	0	0	0	0
42	血族剑姬	2	14	3	9	2		60	0	0			0	绿色	icoBg1	2	43	70	60	[(25678,5)]	0	9042	0	0	43	5001	5001	("HeroNormalSkill",(257,1))	(207,1)	[]	(257,1):(207,1)	(502,2):(504,1)	(502,2)	66000	10	30000	30	慢	0	0	1500000	30200	0	500000	0	500000	0	5000000	0	0	0	0	0	0	0	血之秘剑，横扫千军		0	0	0	0	0	0					42	0	0	0		0				0	0	0	0	0	0	0	0	0	0	0	0	0	0	0
43	血族剑姬	2	15	3	9	3		60	0	0			0	蓝色	icoBg2	3	44	80	70	[(25678,25)]	0	9043	0	0	44	5001	5001	("HeroNormalSkill",(257,1))	(207,1)	[(502,1)]	(257,1):(207,1):(502,2)	(504,1)	(257,2):(207,2)	71500	10	32500	30	慢	0	0	1500000	30200	0	500000	0	500000	0	20000000	0	0	0	0	0	0	0	血之秘剑，横扫千军		0	0	0	0	0	0					48	0	0	0		0				0	0	0	0	0	0	0	0	0	0	0	0	0	0	0
44	血族剑姬	2	16	3	9	4	25986,1	60	0	0			0	紫色	icoBg3	4	45	90	90	[(25678,50)]	44	9044	0	0	45	5001	5001	("HeroNormalSkill",(257,2))	(207,2)	[(502,1)]	(257,2):(207,2):(502,2)	(504,1)	(504,1)	77000	10	35000	30	慢	0	0	1500000	30200	0	500000	0	500000	0	20000000	0	0	0	0	0	0	0	血之秘剑，横扫千军		0	0	0	0	0	0					54	0	0	0		0				0	0	0	0	0	0	0	0	0	0	0	0	0	0	0
45	血族剑姬	2	17	3	9	5	25986,3	60	0	0			0	橙色	icoBg5	5	0	90	90	[(25678,0)]	0	9045	0	0	0	5001	5001	("HeroNormalSkill",(257,2))	(207,2)	[(502,1), (504, 1)]	(257,2):(207,2):(502,2):(504,1)			115500	10	52500	30	慢	1000	0	1500000	30200	0	500000	0	500000	0	20000000	0	0	0	0	0	0	0	血之秘剑，横扫千军		0	0	0	0	0	0					60	0	0	0		0				0	0	0	0	0	0	0	0	0	0	0	0	0	0	0
46	战争之王	1	19	4	10	1		80	300000	1000000			172800	白色	0	1	47	80	70	[(25679,1)]	0	9046	0	10	47	5002	5002	("HeroNormalSkill",(263,1))	(9999,1)	[]	(263,1)	(213,1):(501,2):(506,1)	(213,1)	43200	10	72000	30	慢	0	0	1500000	29900	0	500000	0	500000	0	5000000	0	0	0	0	0	0	0	战场之魂，顶天立地		0	0	0	0	0	0					66	0	0	0		0				0	0	0	0	0	0	0	0	0	0	0	0	0	0	0
47	战争之王	1	20	4	10	2		80	0	0			0	绿色	icoBg1	2	48	90	80	[(25679,5)]	0	9047	0	0	48	5002	5002	("HeroNormalSkill",(263,1))	(213,1)	[]	(263,1):(213,1)	(501,2):(506,1)	(501,2)	44000	10	74000	30	慢	0	0	1500000	29900	0	500000	0	500000	0	5000000	0	0	0	0	0	0	0	战场之魂，顶天立地		0	0	0	0	0	0					72	0	0	0		0				0	0	0	0	0	0	0	0	0	0	0	0	0	0	0
48	战争之王	1	21	4	10	3		80	0	0			0	蓝色	icoBg2	3	49	100	90	[(25679,25)]	0	9048	0	0	49	5002	5002	("HeroNormalSkill",(263,1))	(213,1)	[(501,1)]	(263,1):(213,1):(501,2)	(506,1)	(263,2):(213,2)	46200	10	77000	30	慢	0	5000	1500000	29900	0	500000	0	500000	0	5000000	0	0	0	20000000	0	0	0	战场之魂，顶天立地		0	0	0	0	0	0					78	0	0	0		0				0	0	0	0	0	0	0	0	0	0	0	0	0	0	0
49	战争之王	1	22	4	10	4	25987,1	80	0	0			0	紫色	icoBg3	4	50	110	110	[(25679,50)]	49	9049	0	0	50	5002	5002	("HeroNormalSkill",(263,2))	(213,2)	[(501,1)]	(263,2):(213,2):(501,2)	(506,1)	(506,1)	48000	10	80000	30	慢	0	5000	1500000	29900	0	500000	0	500000	0	5000000	0	0	0	20000000	0	0	0	战场之魂，顶天立地		0	0	0	0	0	0					84	0	0	0		0				0	0	0	0	0	0	0	0	0	0	0	0	0	0	0
50	战争之王	1	23	4	10	5	25987,3	80	0	0			0	橙色	icoBg5	5	82	110	110	[(25679,50),(25713,50)]	49	9050	0	0	82	5002	5002	("HeroNormalSkill",(263,2))	(213,2)	[(501,1), (506, 1)]	(263,2):(213,2):(501,2):(506,1)	(506,2)	(506,2)	66000	10	110000	30	慢	0	5000	1500000	29900	0	500000	0	500000	0	5000000	0	0	0	20000000	0	0	0	战场之魂，顶天立地		0	0	0	0	0	0					90	0	0	0		0				0	0	0	0	0	0	0	0	0	0	0	0	0	0	0
51	幻术妖姬	3	19	4	11	1		80	400000	1000000			172800	白色	0	1	52	80	70	[(25679,1)]	0	9051	0	11	52	5007	5007	("HeroNormalSkill",(264,1))	(9999,1)	[]	(264,1)	(214,1):(503,2):(505,1)	(214,1)	61200	10	54000	30	慢	0	0	1500000	30300	0	500000	0	500000	0	5000000	0	0	0	0	0	0	0	高强幻术，治愈全军		0	0	0	0	0	0					66	0	0	0		0				0	0	0	0	0	0	0	0	0	0	0	0	0	0	0
52	幻术妖姬	3	20	4	11	2		80	0	0			0	绿色	icoBg1	2	53	90	80	[(25679,5)]	0	9052	0	0	53	5007	5007	("HeroNormalSkill",(264,1))	(214,1)	[]	(264,1):(214,1)	(503,2):(505,1)	(503,2)	62900	10	55500	30	慢	0	0	1500000	30300	0	500000	0	500000	0	5000000	0	0	0	0	0	0	0	高强幻术，治愈全军		0	0	0	0	0	0					72	0	0	0		0				0	0	0	0	0	0	0	0	0	0	0	0	0	0	0
53	幻术妖姬	3	21	4	11	3		80	0	0			0	蓝色	icoBg2	3	54	100	90	[(25679,25)]	0	9053	0	0	54	5007	5007	("HeroNormalSkill",(264,1))	(214,1)	[(503,1)]	(264,1):(214,1):(503,2)	(505,1)	(264,2):(214,2)	65450	10	57750	30	慢	2000	0	1500000	30300	0	500000	0	500000	0	5000000	0	0	0	0	0	0	0	高强幻术，治愈全军		0	0	0	0	0	0					78	0	0	0		0				0	0	0	0	0	0	0	0	0	0	0	0	0	0	0
54	幻术妖姬	3	22	4	11	4	25987,1	80	0	0			0	紫色	icoBg3	4	55	110	110	[(25679,50)]	54	9054	0	0	55	5007	5007	("HeroNormalSkill",(264,2))	(214,2)	[(503,1)]	(264,2):(214,2):(503,2)	(505,1)	(505,1)	68000	10	60000	30	慢	2000	0	1500000	30300	0	500000	0	500000	0	5000000	0	0	0	0	0	0	0	高强幻术，治愈全军		0	0	0	0	0	0					84	0	0	0		0				0	0	0	0	0	0	0	0	0	0	0	0	0	0	0
55	幻术妖姬	3	23	4	11	5	25987,3	80	0	0			0	橙色	icoBg5	5	83	110	110	[(25679,50),(25714,50)]	54	9055	0	0	83	5007	5007	("HeroNormalSkill",(264,2))	(214,2)	[(503,1), (505, 1)]	(264,2):(214,2):(503,2):(505,1)	(505,2)	(505,2)	93500	10	82500	30	慢	2000	0	1500000	30300	0	500000	0	500000	0	5000000	0	0	0	0	0	0	0	高强幻术，治愈全军		0	0	0	0	0	0					90	0	0	0		0				0	0	0	0	0	0	0	0	0	0	0	0	0	0	0
56	众神之王	2	19	4	12	1		80	0	0			0	白色	0	1	57	80	70	[(25679,1)]	0	9056	0	0	57	5008	5008	("HeroNormalSkill",(261,1))	(9999,1)	[]	(261,1)	(211,1):(502,2):(504,1)	(211,1)	79200	10	36000	30	中等	0	0	1500000	50100	0	500000	0	500000	0	5000000	0	0	0	0	0	0	0	天地之力，神通广大		0	0	0	0	0	0					66	0	0	0		0				0	0	0	0	0	0	0	0	0	0	0	0	0	0	0
57	众神之王	2	20	4	12	2		80	0	0			0	绿色	icoBg1	2	58	90	80	[(25679,5)]	0	9057	0	0	58	5008	5008	("HeroNormalSkill",(261,1))	(211,1)	[]	(261,1):(211,1)	(502,2):(504,1)	(502,2)	81400	10	37000	30	中等	0	0	1500000	50100	0	500000	0	500000	0	5000000	0	0	0	0	0	0	0	天地之力，神通广大		0	0	0	0	0	0					72	0	0	0		0				0	0	0	0	0	0	0	0	0	0	0	0	0	0	0
58	众神之王	2	21	4	12	3		80	0	0			0	蓝色	icoBg2	3	59	100	90	[(25679,25)]	0	9058	0	0	59	5008	5008	("HeroNormalSkill",(261,1))	(211,1)	[(502,1)]	(261,1):(211,1):(502,2)	(504,1)	(261,2):(211,2)	84700	10	38500	30	中等	0	0	1500000	50100	0	500000	0	500000	0	20000000	0	0	0	0	0	0	0	天地之力，神通广大		0	0	0	0	0	0					78	0	0	0		0				0	0	0	0	0	0	0	0	0	0	0	0	0	0	0
59	众神之王	2	22	4	12	4	25987,1	80	600000	0	26124,50	small26124	0	紫色	icoBg3	4	60	110	110	[(25679,50)]	59	9059	0	12	60	5008	5008	("HeroNormalSkill",(261,2))	(211,2)	[(502,1)]	(261,2):(211,2):(502,2)	(504,1)	(504,1)	88000	10	40000	30	中等	0	0	1500000	50100	0	500000	0	500000	0	20000000	0	0	0	0	0	0	0	天地之力，神通广大		0	0	0	0	0	0					84	0	0	0		0				0	0	0	0	0	0	0	0	0	0	0	0	0	0	0
60	众神之王	2	23	4	12	5	25987,3	80	0	0			0	橙色	icoBg5	5	84	110	110	[(25679,50),(25715,50)]	59	9060	0	0	84	5008	5008	("HeroNormalSkill",(261,2))	(211,2)	[(502,1), (504, 1)]	(261,2):(211,2):(502,2):(504,1)	(504,2)	(504,2)	121000	10	55000	30	中等	1000	0	1500000	50100	0	500000	0	500000	0	20000000	0	0	0	0	0	0	0	天地之力，神通广大		0	0	0	0	0	0					90	0	0	0		0				0	0	0	0	0	0	0	0	0	0	0	0	0	0	0
61	大法师	2	19	4	13	1		80	0	0			0	白色	0	1	62	80	70	[(25679,1)]	0	9061	0	0	62	5003	5003	("HeroNormalSkill",(262,1))	(9999,1)	[]	(262,1)	(212,1):(502,2):(504,1)	(212,1)	79200	10	36000	30	中等	0	0	1500000	49800	0	500000	0	500000	0	5000000	0	0	0	0	0	0	0	稀世法师，一手遮天		0	0	0	0	0	0					66	0	0	0		0				0	0	0	0	0	0	0	0	0	0	0	0	0	0	0
62	大法师	2	20	4	13	2		80	0	0			0	绿色	icoBg1	2	63	90	80	[(25679,5)]	0	9062	0	0	63	5003	5003	("HeroNormalSkill",(262,1))	(212,1)	[]	(262,1):(212,1)	(502,2):(504,1)	(502,2)	81400	10	37000	30	中等	0	0	1500000	49800	0	500000	0	500000	0	5000000	0	0	0	0	0	0	0	稀世法师，一手遮天		0	0	0	0	0	0					72	0	0	0		0				0	0	0	0	0	0	0	0	0	0	0	0	0	0	0
63	大法师	2	21	4	13	3		80	0	0			0	蓝色	icoBg2	3	64	100	90	[(25679,25)]	0	9063	0	0	64	5003	5003	("HeroNormalSkill",(262,1))	(212,1)	[(502,1)]	(262,1):(212,1):(502,2)	(504,1)	(262,2):(212,2)	84700	10	38500	30	中等	0	0	1500000	49800	0	500000	0	500000	0	20000000	0	0	0	0	0	0	0	稀世法师，一手遮天		0	0	0	0	0	0					78	0	0	0		0				0	0	0	0	0	0	0	0	0	0	0	0	0	0	0
64	大法师	2	22	4	13	4	25987,1	80	800000	0	26125,50	small26125	0	紫色	icoBg3	4	65	110	110	[(25679,50)]	64	9064	0	13	65	5003	5003	("HeroNormalSkill",(262,2))	(212,2)	[(502,1)]	(262,2):(212,2):(502,2)	(504,1)	(504,1)	88000	10	40000	30	中等	0	0	1500000	49800	0	500000	0	500000	0	20000000	0	0	0	0	0	0	0	稀世法师，一手遮天		0	0	0	0	0	0					84	0	0	0		0				0	0	0	0	0	0	0	0	0	0	0	0	0	0	0
65	大法师	2	23	4	13	5	25987,3	80	0	0			0	橙色	icoBg5	5	85	110	110	[(25679,50),(25716,50)]	64	9065	0	0	85	5003	5003	("HeroNormalSkill",(262,2))	(212,2)	[(502,1), (504, 1)]	(262,2):(212,2):(502,2):(504,1)	(504,2)	(504,2)	121000	10	55000	30	中等	1000	0	1500000	49800	0	500000	0	500000	0	20000000	0	0	0	0	0	0	0	稀世法师，一手遮天		0	0	0	0	0	0					90	0	0	0		0				0	0	0	0	0	0	0	0	0	0	0	0	0	0	0
66	地狱斧王	1	25	5	14	1		100	1000000	1000000			172800	白色	0	1	67	100	90	[(25680,1)]	0	9066	0	17	67	5009	5009	("HeroNormalSkill",(266,1))	(9999,1)	[]	(266,1)	(216,1):(501,2):(506,1)	(216,1)	67200	10	82000	30	快	0	0	1500000	70300	0	500000	0	500000	0	5000000	0	0	0	0	0	0	0	炼狱领主，鬼哭狼嚎		0	0	0	0	0	0					104	0	0	0		0				0	0	0	0	0	0	0	0	0	0	0	0	0	0	0
67	地狱斧王	1	26	5	14	2		100	0	0			0	绿色	icoBg1	2	68	110	100	[(25680,5)]	0	9067	0	0	68	5009	5009	("HeroNormalSkill",(266,1))	(216,1)	[]	(266,1):(216,1)	(501,2):(506,1)	(501,2)	68400	10	84000	30	快	0	0	1500000	70300	0	500000	0	500000	0	5000000	0	0	0	0	0	0	0	炼狱领主，鬼哭狼嚎		0	0	0	0	0	0					112	0	0	0		0				0	0	0	0	0	0	0	0	0	0	0	0	0	0	0
68	地狱斧王	1	27	5	14	3		100	0	0			0	蓝色	icoBg2	3	69	120	110	[(25680,25)]	0	9068	0	0	69	5009	5009	("HeroNormalSkill",(266,1))	(216,1)	[(501,1)]	(266,1):(216,1):(501,2)	(506,1)	(266,2):(216,2)	70200	10	87000	30	快	0	5000	1500000	70300	0	500000	0	500000	0	5000000	0	0	0	20000000	0	0	0	炼狱领主，鬼哭狼嚎		0	0	0	0	0	0					120	0	0	0		0				0	0	0	0	0	0	0	0	0	0	0	0	0	0	0
69	地狱斧王	1	28	5	14	4	25988,1	100	0	0			0	紫色	icoBg3	4	70	130	130	[(25680,50)]	69	9069	0	0	70	5009	5009	("HeroNormalSkill",(266,2))	(216,2)	[(501,1)]	(266,2):(216,2):(501,2)	(506,1)	(506,1)	72000	10	90000	30	快	0	5000	1500000	70300	0	500000	0	500000	0	5000000	0	0	0	20000000	0	0	0	炼狱领主，鬼哭狼嚎		0	0	0	0	0	0					128	0	0	0		0				0	0	0	0	0	0	0	0	0	0	0	0	0	0	0
70	地狱斧王	1	29	5	14	5	25988,3	100	0	0			0	橙色	icoBg5	5	86	130	130	[(25680,50),(25717,50)]	69	9070	0	0	86	5009	5009	("HeroNormalSkill",(266,2))	(216,2)	[(501,1), (506, 1)]	(266,2):(216,2):(501,2):(506,1)	(506,2)	(506,2)	75000	10	125000	30	快	0	5000	1500000	70300	0	500000	0	500000	0	5000000	0	0	0	20000000	0	0	0	炼狱领主，鬼哭狼嚎		0	0	0	0	0	0					136	0	0	0		0				0	0	0	0	0	0	0	0	0	0	0	0	0	0	0
71	寒冰女巫	3	25	5	15	1		100	1300000	1000000			172800	白色	0	1	72	100	90	[(25680,1)]	0	9071	0	18	72	5010	5010	("HeroNormalSkill",(267,1))	(9999,1)	[]	(267,1)	(217,1):(503,2):(505,1)	(217,1)	69700	10	61500	30	快	0	0	1500000	71000	0	500000	0	500000	0	5000000	0	0	0	0	0	0	0	冰山美人，倾国倾城		0	1	4	160	190	8	[(28226,100)]	(401,2)	308		104	0	0	0		0				0	0	0	0	0	0	0	0	0	0	0	0	0	0	0
72	寒冰女巫	3	26	5	15	2		100	0	0			0	绿色	icoBg1	2	73	110	100	[(25680,5)]	0	9072	0	0	73	5010	5010	("HeroNormalSkill",(267,1))	(217,1)	[]	(267,1):(217,1)	(503,2):(505,1)	(503,2)	71400	10	63000	30	快	0	0	1500000	71000	0	500000	0	500000	0	5000000	0	0	0	0	0	0	0	冰山美人，倾国倾城		0	1	4	160	190	8	[(28226,100)]	(401,2)	308		112	0	0	0		0				0	0	0	0	0	0	0	0	0	0	0	0	0	0	0
73	寒冰女巫	3	27	5	15	3		100	0	0			0	蓝色	icoBg2	3	74	120	110	[(25680,25)]	0	9073	0	0	74	5010	5010	("HeroNormalSkill",(267,1))	(217,1)	[(503,1)]	(267,1):(217,1):(503,2)	(505,1)	(267,2):(217,2)	73950	10	65250	30	快	2000	0	1500000	71000	0	500000	0	500000	0	5000000	0	0	0	0	0	0	0	冰山美人，倾国倾城		0	1	4	160	190	8	[(28226,100)]	(401,2)	308		120	0	0	0		0				0	0	0	0	0	0	0	0	0	0	0	0	0	0	0
74	寒冰女巫	3	28	5	15	4	25988,1	100	0	0			0	紫色	icoBg3	4	75	130	130	[(25680,50)]	74	9074	0	0	75	5010	5010	("HeroNormalSkill",(267,2))	(217,2)	[(503,1)]	(267,2):(217,2):(503,2)	(505,1)	(505,1)	76500	10	67500	30	快	2000	0	1500000	71000	0	500000	0	500000	0	5000000	0	0	0	0	0	0	0	冰山美人，倾国倾城		0	1	4	160	190	8	[(28226,100)]	(401,2)	308		128	0	0	0		0				0	0	0	0	0	0	0	0	0	0	0	0	0	0	0
75	寒冰女巫	3	29	5	15	5	25988,3	100	0	0			0	橙色	icoBg5	5	87	130	130	[(25680,50),(25718,50)]	74	9075	0	0	87	5010	5010	("HeroNormalSkill",(267,2))	(217,2)	[(503,1), (505, 1)]	(267,2):(217,2):(503,2):(505,1)	(505,2)	(505,2)	106250	10	93750	30	快	2000	0	1500000	71000	0	500000	0	500000	0	5000000	0	0	0	0	0	0	0	冰山美人，倾国倾城		0	1	4	160	190	8	[(28226,100)]	(401,2)	308		136	0	0	0		0				0	0	0	0	0	0	0	0	0	0	0	0	0	0	0
76	烈焰女神	2	25	5	16	1		100	0	0			0	白色	0	1	77	100	90	[(25680,1)]	0	9076	0	0	77	5011	5011	("HeroNormalSkill",(265,1))	(9999,1)	[]	(265,1)	(215,1):(502,2):(504,1)	(215,1)	90200	10	41000	30	快	0	0	1500000	70200	0	500000	0	500000	0	5000000	0	0	0	0	0	0	0	圣勇战士，浴火重生		0	1	2	160	190	8	[(28225,100)]	(400,2)	303		104	0	0	0		0				0	0	0	0	0	0	0	0	0	0	0	0	0	0	0
77	烈焰女神	2	26	5	16	2		100	0	0			0	绿色	icoBg1	2	78	110	100	[(25680,5)]	0	9077	0	0	78	5011	5011	("HeroNormalSkill",(265,1))	(215,1)	[]	(265,1):(215,1)	(502,2):(504,1)	(502,2)	92400	10	42000	30	快	0	0	1500000	70200	0	500000	0	500000	0	5000000	0	0	0	0	0	0	0	圣勇战士，浴火重生		0	1	2	160	190	8	[(28225,100)]	(400,2)	303		112	0	0	0		0				0	0	0	0	0	0	0	0	0	0	0	0	0	0	0
78	烈焰女神	2	27	5	16	3		100	0	0			0	蓝色	icoBg2	3	79	120	110	[(25680,25)]	0	9078	0	0	79	5011	5011	("HeroNormalSkill",(265,1))	(215,1)	[(502,1)]	(265,1):(215,1):(502,2)	(504,1)	(265,2):(215,2)	95700	10	43500	30	快	0	0	1500000	70200	0	500000	0	500000	0	20000000	0	0	0	0	0	0	0	圣勇战士，浴火重生		0	1	2	160	190	8	[(28225,100)]	(400,2)	303		120	0	0	0		0				0	0	0	0	0	0	0	0	0	0	0	0	0	0	0
79	烈焰女神	2	28	5	16	4	25988,1	100	1600000	0	26126,50	small26126	0	紫色	icoBg3	4	80	130	130	[(25680,50)]	79	9079	0	19	80	5011	5011	("HeroNormalSkill",(265,2))	(215,2)	[(502,1)]	(265,2):(215,2):(502,2)	(504,1)	(504,1)	99000	10	45000	30	快	0	0	1500000	70200	0	500000	0	500000	0	20000000	0	0	0	0	0	0	0	圣勇战士，浴火重生		0	1	2	160	190	8	[(28225,100)]	(400,2)	303		128	0	0	0		0				0	0	0	0	0	0	0	0	0	0	0	0	0	0	0
80	烈焰女神	2	29	5	16	5	25988,3	100	0	0			0	橙色	icoBg5	5	88	130	130	[(25680,50),(25719,50)]	79	9080	0	0	88	5011	5011	("HeroNormalSkill",(265,2))	(215,2)	[(502,1), (504, 1)]	(265,2):(215,2):(502,2):(504,1)	(504,2)	(504,2)	137500	10	62500	30	快	1000	0	1500000	70200	0	500000	0	500000	0	20000000	0	0	0	0	0	0	0	圣勇战士，浴火重生		0	1	2	160	190	8	[(28225,100)]	(400,2)	303		136	0	0	0		0				0	0	0	0	0	0	0	0	0	0	0	0	0	0	0
81	神·天空射手	2	6	1	3	6	25984,1	26	0	0			0	红色	icoBg6	6	0	50	50	[(25676,0)]	0	9081	0	0	0	4018	4018	("HeroNormalSkill",(251,2))	(201,2)	[(502,1), (507, 1)]	(251,2):(201,2):(502,2):(504,2)			65000	10	30000	30	中等	1500	0	1500000	50000	0	500000	0	500000	0	20000000	0	0	0	0	0	0	0	天空之子，一箭三雕		0	0	0	0	0	0					18	0	0	0		0				0	0	0	0	0	0	0	0	0	0	0	0	0	0	0
82	神·战争之王	1	24	4	10	6	25987,5	80	0	0			0	红色	icoBg6	6	0	110	110	[(25676,0)]	0	9082	0	0	0	5002	5002	("HeroNormalSkill",(263,2))	(213,2)	[(501,1), (506, 2)]	(263,2):(213,2):(501,2):(506,2)			72000	10	120000	30	慢	0	5000	1500000	29900	0	500000	0	500000	0	5000000	0	0	0	20000000	0	0	0	战场之魂，顶天立地		0	0	0	0	0	0					96	0	0	0		0				0	0	0	0	0	0	0	0	0	0	0	0	0	0	0
83	神·幻术妖姬	3	24	4	11	6	25987,5	80	0	0			0	红色	icoBg6	6	0	110	110	[(25676,0)]	0	9083	0	0	0	5007	5007	("HeroNormalSkill",(264,2))	(214,2)	[(503,1), (505, 2)]	(264,2):(214,2):(503,2):(505,2)			102000	10	90000	30	慢	2000	0	1500000	30300	0	500000	0	500000	0	5000000	0	0	0	0	0	0	0	高强幻术，治愈全军		0	0	0	0	0	0					96	0	0	0		0				0	0	0	0	0	0	0	0	0	0	0	0	0	0	0
84	神·众神之王	2	24	4	12	6	25987,5	80	0	0			0	红色	icoBg6	6	0	110	110	[(25676,0)]	0	9084	0	0	0	5008	5008	("HeroNormalSkill",(261,2))	(211,2)	[(502,1), (507, 1)]	(261,2):(211,2):(502,2):(504,2)			132000	10	60000	30	中等	1500	0	1500000	50100	0	500000	0	500000	0	20000000	0	0	0	0	0	0	0	天地之力，神通广大		0	0	0	0	0	0					96	0	0	0		0				0	0	0	0	0	0	0	0	0	0	0	0	0	0	0
85	神·大法师	2	24	4	13	6	25987,5	80	0	0			0	红色	icoBg6	6	0	110	110	[(25676,0)]	0	9085	0	0	0	5003	5003	("HeroNormalSkill",(262,2))	(212,2)	[(502,1), (507, 1)]	(262,2):(212,2):(502,2):(504,2)			132000	10	60000	30	中等	1500	0	1500000	49800	0	500000	0	500000	0	20000000	0	0	0	0	0	0	0	稀世法师，一手遮天		0	0	0	0	0	0					96	0	0	0		0				0	0	0	0	0	0	0	0	0	0	0	0	0	0	0
86	神·地狱斧王	1	30	5	14	6	25988,5	100	0	0			0	红色	icoBg6	6	0	130	130	[(25676,0)]	0	9086	0	0	0	5009	5009	("HeroNormalSkill",(266,2))	(216,2)	[(501,1), (506, 2)]	(266,2):(216,2):(501,2):(506,2)			81000	10	135000	30	快	0	5000	1500000	70300	0	500000	0	500000	0	5000000	0	0	0	20000000	0	0	0	炼狱领主，鬼哭狼嚎		0	0	0	0	0	0					144	0	0	0		0				0	0	0	0	0	0	0	0	0	0	0	0	0	0	0
87	神·寒冰女巫	3	30	5	15	6	25988,5	100	0	0			0	红色	icoBg6	6	305	130	130	[(28218,50)]	0	9087	0	0	305	5010	5010	("HeroNormalSkill",(267,2))	(217,2)	[(503,1), (505, 2)]	(267,2):(217,2):(503,2):(505,2)			114750	10	101250	30	快	2000	0	1500000	70400	0	500000	0	500000	0	5000000	0	0	0	0	0	0	0	冰山美人，倾国倾城		160	1	4	160	190	8	[(28226,100)]	(401,2)	308		144	0	0	0		0				0	0	0	0	0	0	0	0	0	0	0	0	0	0	0
88	神·烈焰女神	2	30	5	16	6	25988,5	100	0	0			0	红色	icoBg6	6	300	130	130	[(28217,50)]	0	9088	0	0	300	5011	5011	("HeroNormalSkill",(265,2))	(215,2)	[(502,1), (507, 1)]	(265,2):(215,2):(502,2):(504,2)			148500	10	67500	30	快	1500	0	1500000	70200	0	500000	0	500000	0	20000000	0	0	0	0	0	0	0	圣勇战士，浴火重生		160	1	2	160	190	8	[(28225,100)]	(400,2)	303		144	0	0	0		0				0	0	0	0	0	0	0	0	0	0	0	0	0	0	0
89	太阳神	2	13	3	17	1		1	0	0			0	白色	0	1	90	60	1	[(25678,1)]	0	9089	0	0	90	4028	4028	("HeroNormalSkill",(258,1))	(9999,1)	[]	(258,1)	(208,1):(502,2):(504,1)	(208,1)	60000	10	30000	30	慢	0	0	1500000	35000	0	500000	0	500000	0	5000000	0	0	0	0	0	0	0	炙热之神，一箭穿心		0	0	0	0	0	0					36	0	0	0		0				0	0	0	0	0	0	0	0	0	0	0	0	0	0	0
90	太阳神	2	14	3	17	2		1	0	0			0	绿色	icoBg1	2	91	70	1	[(25678,5)]	0	9090	0	0	91	4028	4028	("HeroNormalSkill",(258,1))	(208,1)	[]	(258,1):(208,1)	(502,2):(504,1)	(502,2)	66000	10	33000	30	慢	0	0	1500000	35000	0	500000	0	500000	0	5000000	0	0	0	0	0	0	0	炙热之神，一箭穿心		0	0	0	0	0	0					42	0	0	0		0				0	0	0	0	0	0	0	0	0	0	0	0	0	0	0
91	太阳神	2	15	3	17	3		1	0	0			0	蓝色	icoBg2	3	92	80	1	[(25678,25)]	0	9091	0	0	92	4028	4028	("HeroNormalSkill",(258,1))	(208,1)	[(502,1)]	(258,1):(208,1):(502,2)	(504,1)	(258,2):(208,2)	72000	10	36000	30	慢	0	0	1500000	35000	0	500000	0	500000	0	20000000	0	0	0	0	0	0	0	炙热之神，一箭穿心		0	0	0	0	0	0					48	0	0	0		0				0	0	0	0	0	0	0	0	0	0	0	0	0	0	0
92	太阳神	2	16	3	17	4	25986,1	1	0	0			0	紫色	icoBg3	4	93	90	90	[(25678,50)]	92	9092	0	0	93	4028	4028	("HeroNormalSkill",(258,2))	(208,2)	[(502,1)]	(258,2):(208,2):(502,2)	(504,1)	(504,1)	80000	10	40000	30	慢	0	0	1500000	35000	0	500000	0	500000	0	20000000	0	0	0	0	0	0	0	炙热之神，一箭穿心		0	0	0	0	0	0					54	0	0	0		0				0	0	0	0	0	0	0	0	0	0	0	0	0	0	0
93	太阳神	2	17	3	17	5	25986,3	1	0	0			0	橙色	icoBg5	5	94	90	90	[(26122,50)]	0	9093	0	0	94	4028	4028	("HeroNormalSkill",(258,2))	(208,2)	[(502,1), (504, 1)]	(258,2):(208,2):(502,2):(504,1)			120000	10	60000	30	慢	1000	0	1500000	35000	0	500000	0	500000	0	20000000	0	0	0	0	0	0	0	炙热之神，一箭穿心		0	0	0	0	0	0					60	0	0	0		0				0	0	0	0	0	0	0	0	0	0	0	0	0	0	0
94	太阳神	2	23	4	17	5	25987,3	1	0	0			0	橙色	icoBg5	5	95	110	110	[(26121,50)]	92	9094	0	0	95	4028	4028	("HeroNormalSkill",(258,2))	(208,2)	[(502,1), (504, 1)]	(258,2):(208,2):(502,2):(504,1)			126500	10	63250	30	慢	1000	0	1500000	35000	0	500000	0	500000	0	20000000	0	0	0	0	0	0	0	炙热之神，一箭穿心		0	0	0	0	0	0					90	0	0	0		0				0	0	0	0	0	0	0	0	0	0	0	0	0	0	0
95	太阳神	2	24	4	17	6	25987,5	1	0	0			0	红色	icoBg6	6	96	110	110	[(26123,50)]	0	9095	0	0	96	4028	4028	("HeroNormalSkill",(258,2))	(208,2)	[(502,1), (507, 1)]	(258,2):(208,2):(502,2):(504,2)			137500	10	68750	30	慢	1500	0	1500000	35000	0	500000	0	500000	0	20000000	0	0	0	0	0	0	0	炙热之神，一箭穿心		0	0	0	0	0	0					96	0	0	0		0				0	0	0	0	0	0	0	0	0	0	0	0	0	0	0
96	太阳神	2	30	5	17	6	25988,5	1	0	0			0	红色	icoBg6	6	0	130	130	[(25678,0)]	0	9096	0	0	0	4028	4028	("HeroNormalSkill",(258,2))	(208,2)	[(502,1), (507, 1)]	(258,2):(208,2):(502,2):(504,2)			152500	10	76250	30	慢	1500	0	1500000	35000	0	500000	0	500000	0	20000000	0	0	0	0	0	0	0	炙热之神，一箭穿心		0	0	0	0	0	0					144	0	0	0		0				0	0	0	0	0	0	0	0	0	0	0	0	0	0	0
97	神·死神	2	12	2	6	6	25985,5	1	0	0			0	红色	icoBg6	6	0	70	70	[(25677,0)]	0	9097	0	0	0	4023	4023	("HeroNormalSkill",(254,2))	(204,2)	[(502,1), (507, 1)]	(254,2):(204,2):(502,2):(504,2)			100000	10	45000	30	快	1500	0	1500000	69900	0	500000	0	500000	0	20000000	0	0	0	0	0	0	0	亡灵使者，魂飞魄散		0	0	0	0	0	0					33	0	0	0		0				0	0	0	0	0	0	0	0	0	0	0	0	0	0	0
98	深渊蛮王	1	31	6	18	1		120	2400000	1000000			172800	白色	0	1	99	120	110	[(26500,1)]	0	9098	0	20	99	5012	5012	("HeroNormalSkill",(270,1))	(9999,1)	[]	(270,1)	(220,1):(501,2):(506,1)	(220,1)	78000	10	92000	30	快	0	0	1500000	70400	0	500000	0	500000	0	5000000	0	0	0	0	0	0	0	天生神力，力破三界		0	1	6	160	190	8	[(28227,100)]	(402,2)	312		154	0	0	0		0				0	0	0	0	0	0	0	0	0	0	0	0	0	0	0
99	深渊蛮王	1	32	6	18	2		120	0	0			0	绿色	icoBg1	2	100	130	120	[(26500,5)]	0	9099	0	0	100	5012	5012	("HeroNormalSkill",(270,1))	(220,1)	[]	(270,1):(220,1)	(501,2):(506,1)	(501,2)	79200	10	94000	30	快	0	0	1500000	70400	0	500000	0	500000	0	5000000	0	0	0	0	0	0	0	天生神力，力破三界		0	1	6	160	190	8	[(28227,100)]	(402,2)	312		164	0	0	0		0				0	0	0	0	0	0	0	0	0	0	0	0	0	0	0
100	深渊蛮王	1	33	6	18	3		120	0	0			0	蓝色	icoBg2	3	101	140	130	[(26500,25)]	0	9100	0	0	101	5012	5012	("HeroNormalSkill",(270,1))	(220,1)	[(501,1)]	(270,1):(220,1):(501,2)	(506,1)	(270,2):(220,2)	81000	10	97000	30	快	0	5000	1500000	70400	0	500000	0	500000	0	5000000	0	0	0	20000000	0	0	0	天生神力，力破三界		0	1	6	160	190	8	[(28227,100)]	(402,2)	312		174	0	0	0		0				0	0	0	0	0	0	0	0	0	0	0	0	0	0	0
101	深渊蛮王	1	34	6	18	4	26511,1	120	0	0			0	紫色	icoBg3	4	102	150	150	[(26500,50)]	101	9101	0	0	102	5012	5012	("HeroNormalSkill",(270,2))	(220,2)	[(501,1)]	(270,2):(220,2):(501,2)	(506,1)	(506,1)	84000	10	100000	30	快	0	5000	1500000	70400	0	500000	0	500000	0	5000000	0	0	0	20000000	0	0	0	天生神力，力破三界		0	1	6	160	190	8	[(28227,100)]	(402,2)	312		184	0	0	0		0				0	0	0	0	0	0	0	0	0	0	0	0	0	0	0
102	深渊蛮王	1	35	6	18	5	26511,3	120	0	0			0	橙色	icoBg5	5	103	150	150	[(26500,50),(26611,50)]	101	9102	0	0	103	5012	5012	("HeroNormalSkill",(270,2))	(220,2)	[(501,1), (506, 1)]	(270,2):(220,2):(501,2):(506,1)	(506,2)	(506,2)	90000	10	135000	30	快	0	5000	1500000	70400	0	500000	0	500000	0	5000000	0	0	0	20000000	0	0	0	天生神力，力破三界		0	1	6	160	190	8	[(28227,100)]	(402,2)	312		194	0	0	0		0				0	0	0	0	0	0	0	0	0	0	0	0	0	0	0
103	神·深渊蛮王	1	36	6	18	6	26511,5	120	0	0			0	红色	icoBg6	6	310	150	150	[(28219,50)]	0	9103	0	0	310	5012	5012	("HeroNormalSkill",(270,2))	(220,2)	[(501,1), (506, 2)]	(270,2):(220,2):(501,2):(506,2)			93000	10	150000	30	快	0	5000	1500000	70400	0	500000	0	500000	0	5000000	0	0	0	20000000	0	0	0	天生神力，力破三界		160	1	6	160	190	8	[(28227,100)]	(402,2)	312		204	0	0	0		0				0	0	0	0	0	0	0	0	0	0	0	0	0	0	0
104	卡牌女王	3	31	6	19	1		120	0	0			0	白色	0	1	105	120	110	[(26500,1)]	0	9104	0	0	105	5013	5013	("HeroNormalSkill",(271,1))	(9999,1)	[]	(271,1)	(221,1):(503,2):(505,1)	(221,1)	78200	10	69000	30	慢	0	0	1500000	30500	0	500000	0	500000	0	5000000	0	0	0	0	0	0	0	卡牌王者，我见犹怜		0	1	12	160	190	8	[(28230,100)]	(405,2)	327		154	0	0	0		0				0	0	0	0	0	0	0	0	0	0	0	0	0	0	0
105	卡牌女王	3	32	6	19	2		120	0	0			0	绿色	icoBg1	2	106	130	120	[(26500,5)]	0	9105	0	0	106	5013	5013	("HeroNormalSkill",(271,1))	(221,1)	[]	(271,1):(221,1)	(503,2):(505,1)	(503,2)	79900	10	70500	30	慢	0	0	1500000	30500	0	500000	0	500000	0	5000000	0	0	0	0	0	0	0	卡牌王者，我见犹怜		0	1	12	160	190	8	[(28230,100)]	(405,2)	327		164	0	0	0		0				0	0	0	0	0	0	0	0	0	0	0	0	0	0	0
106	卡牌女王	3	33	6	19	3		120	0	0			0	蓝色	icoBg2	3	107	140	130	[(26500,25)]	0	9106	0	0	107	5013	5013	("HeroNormalSkill",(271,1))	(221,1)	[(503,1)]	(271,1):(221,1):(503,2)	(505,1)	(271,2):(221,2)	82450	10	72750	30	慢	2000	0	1500000	30500	0	500000	0	500000	0	5000000	0	0	0	0	0	0	0	卡牌王者，我见犹怜		0	1	12	160	190	8	[(28230,100)]	(405,2)	327		174	0	0	0		0				0	0	0	0	0	0	0	0	0	0	0	0	0	0	0
107	卡牌女王	3	34	6	19	4	26511,1	120	3200000	0	26609,50	small26609	0	紫色	icoBg3	4	108	150	150	[(26500,50)]	107	9107	0	22	108	5013	5013	("HeroNormalSkill",(271,2))	(221,2)	[(503,1)]	(271,2):(221,2):(503,2)	(505,1)	(505,1)	85000	10	75000	30	慢	2000	0	1500000	30500	0	500000	0	500000	0	5000000	0	0	0	0	0	0	0	卡牌王者，我见犹怜		0	1	12	160	190	8	[(28230,100)]	(405,2)	327		184	0	0	0		0				0	0	0	0	0	0	0	0	0	0	0	0	0	0	0
108	卡牌女王	3	35	6	19	5	26511,3	120	0	0			0	橙色	icoBg5	5	109	150	150	[(26500,50),(26612,50)]	107	9108	0	0	109	5013	5013	("HeroNormalSkill",(271,2))	(221,2)	[(503,1), (505, 1)]	(271,2):(221,2):(503,2):(505,1)	(505,2)	(505,2)	114750	10	101250	30	慢	2000	0	1500000	30500	0	500000	0	500000	0	5000000	0	0	0	0	0	0	0	卡牌王者，我见犹怜		0	1	12	160	190	8	[(28230,100)]	(405,2)	327		194	0	0	0		0				0	0	0	0	0	0	0	0	0	0	0	0	0	0	0
109	神·卡牌女王	3	36	6	19	6	26511,5	120	0	0			0	红色	icoBg6	6	325	150	150	[(28222,50)]	0	9109	0	0	325	5013	5013	("HeroNormalSkill",(271,2))	(221,2)	[(503,1), (505, 2)]	(271,2):(221,2):(503,2):(505,2)			127500	10	112500	30	慢	2000	0	1500000	30500	0	500000	0	500000	0	5000000	0	0	0	0	0	0	0	卡牌王者，我见犹怜		160	1	12	160	190	8	[(28230,100)]	(405,2)	327		204	0	0	0		0				0	0	0	0	0	0	0	0	0	0	0	0	0	0	0
110	屠龙剑圣	2	31	6	20	1		120	2700000	1000000			172800	白色	0	1	111	120	110	[(26500,1)]	0	9110	0	21	111	5014	5014	("HeroNormalSkill",(268,1))	(9999,1)	[]	(268,1)	(218,1):(502,2):(504,1)	(218,1)	101200	10	46000	30	快	0	0	1500000	70500	0	500000	0	500000	0	5000000	0	0	0	0	0	0	0	天神血脉，战神之名		0	1	8	160	190	8	[(28228,100)]	(403,2)	317		154	0	0	0		0				0	0	0	0	0	0	0	0	0	0	0	0	0	0	0
111	屠龙剑圣	2	32	6	20	2		120	0	0			0	绿色	icoBg1	2	112	130	120	[(26500,5)]	0	9111	0	0	112	5014	5014	("HeroNormalSkill",(268,1))	(218,1)	[]	(268,1):(218,1)	(502,2):(504,1)	(502,2)	103400	10	47000	30	快	0	0	1500000	70500	0	500000	0	500000	0	5000000	0	0	0	0	0	0	0	天神血脉，战神之名		0	1	8	160	190	8	[(28228,100)]	(403,2)	317		164	0	0	0		0				0	0	0	0	0	0	0	0	0	0	0	0	0	0	0
112	屠龙剑圣	2	33	6	20	3		120	0	0			0	蓝色	icoBg2	3	113	140	130	[(26500,25)]	0	9112	0	0	113	5014	5014	("HeroNormalSkill",(268,1))	(218,1)	[(502,1)]	(268,1):(218,1):(502,2)	(504,1)	(268,2):(218,2)	106700	10	48500	30	快	0	0	1500000	70500	0	500000	0	500000	0	20000000	0	0	0	0	0	0	0	天神血脉，战神之名		0	1	8	160	190	8	[(28228,100)]	(403,2)	317		174	0	0	0		0				0	0	0	0	0	0	0	0	0	0	0	0	0	0	0
113	屠龙剑圣	2	34	6	20	4	26511,1	120	0	0			0	紫色	icoBg3	4	114	150	150	[(26500,50)]	113	9113	0	0	114	5014	5014	("HeroNormalSkill",(268,2))	(218,2)	[(502,1)]	(268,2):(218,2):(502,2)	(504,1)	(504,1)	110000	10	50000	30	快	0	0	1500000	70500	0	500000	0	500000	0	20000000	0	0	0	0	0	0	0	天神血脉，战神之名		0	1	8	160	190	8	[(28228,100)]	(403,2)	317		184	0	0	0		0				0	0	0	0	0	0	0	0	0	0	0	0	0	0	0
114	屠龙剑圣	2	35	6	20	5	26511,3	120	0	0			0	橙色	icoBg5	5	115	150	150	[(26500,50),(26613,50)]	113	9114	0	0	115	5014	5014	("HeroNormalSkill",(268,2))	(218,2)	[(502,1), (504, 1)]	(268,2):(218,2):(502,2):(504,1)	(504,2)	(504,2)	148500	10	67500	30	快	1000	0	1500000	70500	0	500000	0	500000	0	20000000	0	0	0	0	0	0	0	天神血脉，战神之名		0	1	8	160	190	8	[(28228,100)]	(403,2)	317		194	0	0	0		0				0	0	0	0	0	0	0	0	0	0	0	0	0	0	0
115	神·屠龙剑圣	2	36	6	20	6	26511,5	120	0	0			0	红色	icoBg6	6	315	150	150	[(28220,50)]	0	9115	0	0	315	5014	5014	("HeroNormalSkill",(268,2))	(218,2)	[(502,1), (507, 1)]	(268,2):(218,2):(502,2):(504,2)			165000	10	75000	30	快	1500	0	1500000	70500	0	500000	0	500000	0	20000000	0	0	0	0	0	0	0	天神血脉，战神之名		160	1	8	160	190	8	[(28228,100)]	(403,2)	317		204	0	0	0		0				0	0	0	0	0	0	0	0	0	0	0	0	0	0	0
116	天堂圣使	2	31	6	21	1		120	0	0			0	白色	0	1	117	120	110	[(26500,1)]	0	9116	0	0	117	5015	5015	("HeroNormalSkill",(269,1))	(9999,1)	[]	(269,1)	(219,1):(502,2):(504,1)	(219,1)	101200	10	46000	30	中等	0	0	1500000	50500	0	500000	0	500000	0	5000000	0	0	0	0	0	0	0	天纵奇才，移天换海		0	1	10	160	190	8	[(28229,100)]	(404,2)	322		154	0	0	0		0				0	0	0	0	0	0	0	0	0	0	0	0	0	0	0
117	天堂圣使	2	32	6	21	2		120	0	0			0	绿色	icoBg1	2	118	130	120	[(26500,5)]	0	9117	0	0	118	5015	5015	("HeroNormalSkill",(269,1))	(219,1)	[]	(269,1):(219,1)	(502,2):(504,1)	(502,2)	103400	10	47000	30	中等	0	0	1500000	50500	0	500000	0	500000	0	5000000	0	0	0	0	0	0	0	天纵奇才，移天换海		0	1	10	160	190	8	[(28229,100)]	(404,2)	322		164	0	0	0		0				0	0	0	0	0	0	0	0	0	0	0	0	0	0	0
118	天堂圣使	2	33	6	21	3		120	0	0			0	蓝色	icoBg2	3	119	140	130	[(26500,25)]	0	9118	0	0	119	5015	5015	("HeroNormalSkill",(269,1))	(219,1)	[(502,1)]	(269,1):(219,1):(502,2)	(504,1)	(269,2):(219,2)	106700	10	48500	30	中等	0	0	1500000	50500	0	500000	0	500000	0	20000000	0	0	0	0	0	0	0	天纵奇才，移天换海		0	1	10	160	190	8	[(28229,100)]	(404,2)	322		174	0	0	0		0				0	0	0	0	0	0	0	0	0	0	0	0	0	0	0
119	天堂圣使	2	34	6	21	4	26511,1	120	3700000	0	26610,50	small26610	0	紫色	icoBg3	4	120	150	150	[(26500,50)]	119	9119	0	23	120	5015	5015	("HeroNormalSkill",(269,2))	(219,2)	[(502,1)]	(269,2):(219,2):(502,2)	(504,1)	(504,1)	110000	10	50000	30	中等	0	0	1500000	50500	0	500000	0	500000	0	20000000	0	0	0	0	0	0	0	天纵奇才，移天换海		0	1	10	160	190	8	[(28229,100)]	(404,2)	322		184	0	0	0		0				0	0	0	0	0	0	0	0	0	0	0	0	0	0	0
120	天堂圣使	2	35	6	21	5	26511,3	120	0	0			0	橙色	icoBg5	5	121	150	150	[(26500,50),(26614,50)]	119	9120	0	0	121	5015	5015	("HeroNormalSkill",(269,2))	(219,2)	[(502,1), (504, 1)]	(269,2):(219,2):(502,2):(504,1)	(504,2)	(504,2)	148500	10	67500	30	中等	1000	0	1500000	50500	0	500000	0	500000	0	20000000	0	0	0	0	0	0	0	天纵奇才，移天换海		0	1	10	160	190	8	[(28229,100)]	(404,2)	322		194	0	0	0		0				0	0	0	0	0	0	0	0	0	0	0	0	0	0	0
121	神·天堂圣使	2	36	6	21	6	26511,5	120	0	0			0	红色	icoBg6	6	320	150	150	[(28221,50)]	0	9121	0	0	320	5015	5015	("HeroNormalSkill",(269,2))	(219,2)	[(502,1), (507, 1)]	(269,2):(219,2):(502,2):(504,2)			165000	10	75000	30	中等	1500	0	1500000	50500	0	500000	0	500000	0	20000000	0	0	0	0	0	0	0	天纵奇才，移天换海		160	1	10	160	190	8	[(28229,100)]	(404,2)	322		204	0	0	0		0				0	0	0	0	0	0	0	0	0	0	0	0	0	0	0
122	神王之子	1	37	7	22	1		140	4300000	1000000			172800	白色	0	1	123	140	130	[(27067,1)]	0	9122	0	24	123	5016	5016	("HeroNormalSkill",(274,1))	(9999,1)	[]	(274,1)	(224,1):(501,2):(506,1)	(224,1)	84000	10	102000	30	慢	0		1500000	30400	0	500000	0	500000	0	5000000	0	0	0	0	0	0	0	神王血脉，逆天改命		0	0	0	0	0	0					216	0	0	0		0				0	0	0	0	0	0	0	0	0	0	0	0	0	0	0
123	神王之子	1	38	7	22	2		140	0	0			0	绿色	icoBg1	2	124	150	140	[(27067,5)]	0	9123	0	0	124	5016	5016	("HeroNormalSkill",(274,1))	(224,1)	[]	(274,1):(224,1)	(501,2):(506,1)	(501,2)	85200	10	104000	30	慢	0		1500000	30400	0	500000	0	500000	0	5000000	0	0	0	0	0	0	0	神王血脉，逆天改命		0	0	0	0	0	0					228	0	0	0		0				0	0	0	0	0	0	0	0	0	0	0	0	0	0	0
124	神王之子	1	39	7	22	3		140	0	0			0	蓝色	icoBg2	3	125	160	150	[(27067,25)]	0	9124	0	0	125	5016	5016	("HeroNormalSkill",(274,1))	(224,1)	[(501,1)]	(274,1):(224,1):(501,2)	(506,1)	(274,2):(224,2)	87000	10	107000	30	慢	0	5000	1500000	30400	0	500000	0	500000	0	5000000	0	0	0	20000000	0	0	0	神王血脉，逆天改命		0	0	0	0	0	0					240	0	0	0		0				0	0	0	0	0	0	0	0	0	0	0	0	0	0	0
125	神王之子	1	40	7	22	4	27065,1	140	0	0			0	紫色	icoBg3	4	126	170	170	[(27067,50)]	125	9125	0	0	126	5016	5016	("HeroNormalSkill",(274,2))	(224,2)	[(501,1)]	(274,2):(224,2):(501,2)	(506,1)	(506,1)	90000	10	110000	30	慢	0	5000	1500000	30400	0	500000	0	500000	0	5000000	0	0	0	20000000	0	0	0	神王血脉，逆天改命		0	0	0	0	0	0					252	0	0	0		0				0	0	0	0	0	0	0	0	0	0	0	0	0	0	0
126	神王之子	1	41	7	22	5	27065,3	140	0	0			0	橙色	icoBg5	5	127	170	170	[(27067,50),(27043,100)]	125	9126	0	0	127	5016	5016	("HeroNormalSkill",(274,2))	(224,2)	[(501,1), (506, 1)]	(274,2):(224,2):(501,2):(506,1)	(506,2)	(506,2)	96000	10	145000	30	慢	0	5000	1500000	30400	0	500000	0	500000	0	5000000	0	0	0	20000000	0	0	0	神王血脉，逆天改命		0	0	0	0	0	0					264	0	0	0		0				0	0	0	0	0	0	0	0	0	0	0	0	0	0	0
127	神·神王之子	1	42	7	22	6	27065,5	140	0	0			0	红色	icoBg6	6	0	170	170	[(27067,0)]	0	9127	0	0	0	5016	5016	("HeroNormalSkill",(274,2))	(224,2)	[(501,1), (506, 2)]	(274,2):(224,2):(501,2):(506,2)			99000	10	160000	30	慢	0	5000	1500000	30400	0	500000	0	500000	0	5000000	0	0	0	20000000	0	0	0	神王血脉，逆天改命		0	0	0	0	0	0					276	0	0	0		0				0	0	0	0	0	0	0	0	0	0	0	0	0	0	0
128	月之祭司	3	37	7	23	1		140	4900000	1000000			172800	白色	0	1	129	140	130	[(27067,1)]	0	9128	0	25	129	5017	5017	("HeroNormalSkill",(273,1))	(9999,1)	[]	(273,1)	(223,1):(503,2):(505,1)	(223,1)	86700	10	76500	30	快	0		1500000	71500	0	500000	0	500000	0	5000000	0	0	0	0	0	0	0	月神宠儿，夺命之箭		0	1	16	160	190	8	[(28232,100)]	(407,2)	336		216	0	0	0		0				0	0	0	0	0	0	0	0	0	0	0	0	0	0	0
129	月之祭司	3	38	7	23	2		140	0	0			0	绿色	icoBg1	2	130	150	140	[(27067,5)]	0	9129	0	0	130	5017	5017	("HeroNormalSkill",(273,1))	(223,1)	[]	(273,1):(223,1)	(503,2):(505,1)	(503,2)	88400	10	78000	30	快	0		1500000	71500	0	500000	0	500000	0	5000000	0	0	0	0	0	0	0	月神宠儿，夺命之箭		0	1	16	160	190	8	[(28232,100)]	(407,2)	336		228	0	0	0		0				0	0	0	0	0	0	0	0	0	0	0	0	0	0	0
130	月之祭司	3	39	7	23	3		140	0	0			0	蓝色	icoBg2	3	131	160	150	[(27067,25)]	0	9130	0	0	131	5017	5017	("HeroNormalSkill",(273,1))	(223,1)	[(503,1)]	(273,1):(223,1):(503,2)	(505,1)	(273,2):(223,2)	90950	10	80250	30	快	2000		1500000	71500	0	500000	0	500000	0	5000000	0	0	0	0	0	0	0	月神宠儿，夺命之箭		0	1	16	160	190	8	[(28232,100)]	(407,2)	336		240	0	0	0		0				0	0	0	0	0	0	0	0	0	0	0	0	0	0	0
131	月之祭司	3	40	7	23	4	27065,1	140	0	0			0	紫色	icoBg3	4	132	170	170	[(27067,50)]	131	9131	0	0	132	5017	5017	("HeroNormalSkill",(273,2))	(223,2)	[(503,1)]	(273,2):(223,2):(503,2)	(505,1)	(505,1)	93500	10	82500	30	快	2000		1500000	71500	0	500000	0	500000	0	5000000	0	0	0	0	0	0	0	月神宠儿，夺命之箭		0	1	16	160	190	8	[(28232,100)]	(407,2)	336		252	0	0	0		0				0	0	0	0	0	0	0	0	0	0	0	0	0	0	0
132	月之祭司	3	41	7	23	5	27065,3	140	0	0			0	橙色	icoBg5	5	133	170	170	[(27067,50),(27044,100)]	131	9132	0	0	133	5017	5017	("HeroNormalSkill",(273,2))	(223,2)	[(503,1), (505, 1)]	(273,2):(223,2):(503,2):(505,1)	(505,2)	(505,2)	110500	10	97500	30	快	2000		1500000	71500	0	500000	0	500000	0	5000000	0	0	0	0	0	0	0	月神宠儿，夺命之箭		0	1	16	160	190	8	[(28232,100)]	(407,2)	336		264	0	0	0		0				0	0	0	0	0	0	0	0	0	0	0	0	0	0	0
133	神·月之祭司	3	42	7	23	6	27065,5	140	0	0			0	红色	icoBg6	6	335	170	170	[(28224,100)]	0	9133	0	0	335	5017	5017	("HeroNormalSkill",(273,2))	(223,2)	[(503,1), (505, 2)]	(273,2):(223,2):(503,2):(505,2)			140250	10	123750	30	快	2000		1500000	71500	0	500000	0	500000	0	5000000	0	0	0	0	0	0	0	月神宠儿，夺命之箭		160	1	16	160	190	8	[(28232,100)]	(407,2)	336		276	0	0	0		0				0	0	0	0	0	0	0	0	0	0	0	0	0	0	0
134	骷髅王	2	37	7	24	1		140	0	0			0	白色	0	1	135	140	130	[(27067,1)]	0	9134	0	0	135	5018	5018	("HeroNormalSkill",(272,1))	(9999,1)	[]	(272,1)	(222,1):(502,2):(504,1)	(222,1)	112200	10	51000	30	快	0		1500000	70500	0	500000	0	500000	0	5000000	0	0	0	0	0	0	0	岁月轮回，不改本心		0	1	14	160	190	8	[(28231,100)]	(406,2)	331		216	0	0	0		0				0	0	0	0	0	0	0	0	0	0	0	0	0	0	0
135	骷髅王	2	38	7	24	2		140	0	0			0	绿色	icoBg1	2	136	150	140	[(27067,5)]	0	9135	0	0	136	5018	5018	("HeroNormalSkill",(272,1))	(222,1)	[]	(272,1):(222,1)	(502,2):(504,1)	(502,2)	114400	10	52000	30	快	0		1500000	70500	0	500000	0	500000	0	5000000	0	0	0	0	0	0	0	岁月轮回，不改本心		0	1	14	160	190	8	[(28231,100)]	(406,2)	331		228	0	0	0		0				0	0	0	0	0	0	0	0	0	0	0	0	0	0	0
136	骷髅王	2	39	7	24	3		140	0	0			0	蓝色	icoBg2	3	137	160	150	[(27067,25)]	0	9136	0	0	137	5018	5018	("HeroNormalSkill",(272,1))	(222,1)	[(502,1)]	(272,1):(222,1):(502,2)	(504,1)	(272,2):(222,2)	117700	10	53500	30	快	0		1500000	70500	0	500000	0	500000	0	20000000	0	0	0	0	0	0	0	岁月轮回，不改本心		0	1	14	160	190	8	[(28231,100)]	(406,2)	331		240	0	0	0		0				0	0	0	0	0	0	0	0	0	0	0	0	0	0	0
137	骷髅王	2	40	7	24	4	27065,1	140	5500000	0	27046,100	small27046	0	紫色	icoBg3	4	138	170	170	[(27067,50)]	137	9137	0	26	138	5018	5018	("HeroNormalSkill",(272,2))	(222,2)	[(502,1)]	(272,2):(222,2):(502,2)	(504,1)	(504,1)	121000	10	55000	30	快	0		1500000	70500	0	500000	0	500000	0	20000000	0	0	0	0	0	0	0	岁月轮回，不改本心		0	1	14	160	190	8	[(28231,100)]	(406,2)	331		252	0	0	0		0				0	0	0	0	0	0	0	0	0	0	0	0	0	0	0
138	骷髅王	2	41	7	24	5	27065,3	140	0	0			0	橙色	icoBg5	5	139	170	170	[(27067,50),(27045,100)]	137	9138	0	0	139	5018	5018	("HeroNormalSkill",(272,2))	(222,2)	[(502,1), (504, 1)]	(272,2):(222,2):(502,2):(504,1)	(504,2)	(504,2)	143000	10	65000	30	快	1000		1500000	70500	0	500000	0	500000	0	20000000	0	0	0	0	0	0	0	岁月轮回，不改本心		0	1	14	160	190	8	[(28231,100)]	(406,2)	331		264	0	0	0		0				0	0	0	0	0	0	0	0	0	0	0	0	0	0	0
139	神·骷髅王	2	42	7	24	6	27065,5	140	0	0			0	红色	icoBg6	6	330	170	170	[(28223,100)]	0	9139	0	0	330	5018	5018	("HeroNormalSkill",(272,2))	(222,2)	[(502,1), (507, 1)]	(272,2):(222,2):(502,2):(504,2)			181500	10	82500	30	快	1500		1500000	70500	0	500000	0	500000	0	20000000	0	0	0	0	0	0	0	岁月轮回，不改本心		160	1	14	160	190	8	[(28231,100)]	(406,2)	331		276	0	0	0		0				0	0	0	0	0	0	0	0	0	0	0	0	0	0	0
140	大天使	2	28	5	25	4	25988,1	100	0	0	27100,50	small27100	0	紫色	icoBg3	4	141	130	130	[(25680,25)]	140	9140	0	15	141	5019	5019	("HeroNormalSkill",(305,2))	(225,2)	[(502,1)]	(305,2):(225,2):(502,2)	(504,1)	(504,1)	120000	10	65000	30	快	0	0	1500000	55000	0	500000	0	500000	0	20000000	0	0	0	0	0	0	0	天堂使者，毁天灭地		0	0	0	0	0	0					128	0	0	0		0				0	0	0	0	0	0	0	0	0	0	0	0	0	0	0
141	大天使	2	29	5	25	5	25988,3	100	0	0			0	橙色	icoBg5	5	142	130	130	[(25680,50),(27097,50)]	140	9141	0	0	142	5019	5019	("HeroNormalSkill",(305,2))	(225,2)	[(502,1), (504, 1)]	(305,2):(225,2):(502,2):(504,1)	(504,2)	(504,2)	140000	10	70000	30	快	1000	0	1500000	55000	0	500000	0	500000	0	20000000	0	0	0	0	0	0	0	天堂使者，毁天灭地		0	0	0	0	0	0					136	0	0	0		0				0	0	0	0	0	0	0	0	0	0	0	0	0	0	0
142	大天使	2	30	5	25	6	25988,5	100	0	0			0	红色	icoBg6	6	143	130	130	[(27098,100)]	0	9142	0	0	143	5019	5019	("HeroNormalSkill",(305,2))	(225,2)	[(502,1), (507, 1)]	(305,2):(225,2):(502,2):(504,2)			152500	10	75000	30	快	1500	0	1500000	55000	0	500000	0	500000	0	20000000	0	0	0	0	0	0	0	天堂使者，毁天灭地		0	0	0	0	0	0					144	0	0	0		0				0	0	0	0	0	0	0	0	0	0	0	0	0	0	0
143	大天使	2	36	6	25	6	26511,5	100	0	0			0	红色	icoBg6	6	144	150	150	[(27099,100)]	0	9143	0	0	144	5019	5019	("HeroNormalSkill",(305,2))	(225,2)	[(502,1), (507, 1)]	(305,2):(225,2):(502,2):(504,2)			170000	10	82500	30	快	1500	0	1500000	55000	0	500000	0	500000	0	20000000	0	0	0	0	0	0	0	天堂使者，毁天灭地		0	0	0	0	0	0					204	0	0	0		0				0	0	0	0	0	0	0	0	0	0	0	0	0	0	0
144	大天使	2	42	7	25	6	27065,5	100	0	0			0	红色	icoBg6	6	0	170	170	[(25678,0)]	0	9144	0	0	0	5019	5019	("HeroNormalSkill",(305,2))	(225,2)	[(502,1), (507, 1)]	(305,2):(225,2):(502,2):(504,2)			185000	10	92500	30	快	1500	0	1500000	55000	0	500000	0	500000	0	20000000	0	0	0	0	0	0	0	天堂使者，毁天灭地		0	0	0	0	0	0					276	0	0	0		0				0	0	0	0	0	0	0	0	0	0	0	0	0	0	0
145	神·冠军骑士	1	12	2	4	6	25985,1	40	0	0			0	红色	icoBg6	6	0	70	70	[(25677,0)]	0	9145	0	0	0	20012	20012	("HeroNormalSkill",(256,2))	(206,2)	[(501,1), (506, 1)]	(256,2):(206,2):(501,2):(506,1)			53000	10	85000	30	中等	0	5000	1500000	49900	0	500000	0	500000	0	5000000	0	0	0	20000000	0	0	0	王者之将，坚不可摧		0	0	0	0	0	0					33	0	0	0		0				0	0	0	0	0	0	0	0	0	0	0	0	0	0	0
146	灵魂剑士	2	19	4	26	1		1	0	0			0	白色	0	1	147	80	70	[(25679,1)]	0	9146	0	0	147	30048	30048	("HeroNormalSkill",(307,1))	(9999,1)	[]	(307,1)	(306,1):(502,2):(504,1)	(306,1)	79200	10	36000	30	慢	0	0	1500000	35000	0	500000	0	500000	0	5000000	0	0	0	0	0	0	0	剑士之魂，无坚不摧		0	0	0	0	0	0					66	0	0	0		0				0	0	0	0	0	0	0	0	0	0	0	0	0	0	0
147	灵魂剑士	2	20	4	26	2		1	0	0			0	绿色	icoBg1	2	148	90	80	[(25679,5)]	0	9147	0	0	148	30048	30048	("HeroNormalSkill",(307,1))	(306,1)	[]	(307,1):(306,1)	(502,2):(504,1)	(502,2)	81400	10	37000	30	慢	0	0	1500000	35000	0	500000	0	500000	0	5000000	0	0	0	0	0	0	0	剑士之魂，无坚不摧		0	0	0	0	0	0					72	0	0	0		0				0	0	0	0	0	0	0	0	0	0	0	0	0	0	0
148	灵魂剑士	2	21	4	26	3		1	0	0			0	蓝色	icoBg2	3	149	100	90	[(25679,25)]	0	9148	0	0	149	30048	30048	("HeroNormalSkill",(307,1))	(306,1)	[(502,1)]	(307,1):(306,1):(502,2)	(504,1)	(307,2):(306,2)	84700	10	38500	30	慢	0	0	1500000	35000	0	500000	0	500000	0	20000000	0	0	0	0	0	0	0	剑士之魂，无坚不摧		0	0	0	0	0	0					78	0	0	0		0				0	0	0	0	0	0	0	0	0	0	0	0	0	0	0
149	灵魂剑士	2	22	4	26	4	25987,1	1	0	0	27874,50	slinghunjianshi	0	紫色	icoBg3	4	150	110	110	[(25679,50)]	149	9149	0	14	150	30048	30048	("HeroNormalSkill",(307,2))	(306,2)	[(502,1)]	(307,2):(306,2):(502,2)	(504,1)	(504,1)	88000	10	40000	30	慢	0	0	1500000	35000	0	500000	0	500000	0	20000000	0	0	0	0	0	0	0	剑士之魂，无坚不摧		0	0	0	0	0	0					84	0	0	0		0				0	0	0	0	0	0	0	0	0	0	0	0	0	0	0
150	灵魂剑士	2	23	4	26	5	25987,3	1	0	0			0	橙色	icoBg5	5	151	110	110	[(25679,50),(27875,50)]	149	9150	0	0	151	30048	30048	("HeroNormalSkill",(307,2))	(306,2)	[(502,1), (504, 1)]	(307,2):(306,2):(502,2):(504,1)			121000	10	55000	30	慢	0	0	1500000	35000	0	500000	0	500000	0	20000000	0	0	0	0	0	0	0	剑士之魂，无坚不摧		0	0	0	0	0	0					90	0	0	0		0				0	0	0	0	0	0	0	0	0	0	0	0	0	0	0
151	灵魂剑士	2	24	4	26	6	25987,5	1	0	0			0	红色	icoBg6	6	152	110	110	[(27876,100)]	0	9151	0	0	152	30048	30048	("HeroNormalSkill",(307,2))	(306,2)	[(502,1), (504, 1)]	(307,2):(306,2):(502,2):(504,1)			137500	10	68750	30	慢	0	0	1500000	35000	0	500000	0	500000	0	20000000	0	0	0	0	0	0	0	剑士之魂，无坚不摧		0	0	0	0	0	0					96	0	0	0		0				0	0	0	0	0	0	0	0	0	0	0	0	0	0	0
152	灵魂剑士	2	30	5	26	6	25988,5	1	0	0			0	红色	icoBg6	6	153	130	130	[(27877,100)]	0	9152	0	0	153	30048	30048	("HeroNormalSkill",(307,2))	(306,2)	[(502,1), (507, 1)]	(307,2):(306,2):(502,2):(504,2)			152500	10	75000	30	慢	0	0	1500000	35000	0	500000	0	500000	0	20000000	0	0	0	0	0	0	0	剑士之魂，无坚不摧		0	0	0	0	0	0					144	0	0	0		0				0	0	0	0	0	0	0	0	0	0	0	0	0	0	0
153	灵魂剑士	2	36	6	26	6	26511,5	1	0	0			0	红色	icoBg6	6	154	150	150	[(27878,100)]	0	9153	0	0	154	30048	30048	("HeroNormalSkill",(307,2))	(306,2)	[(502,1), (507, 1)]	(307,2):(306,2):(502,2):(504,2)			170000	10	82500	30	慢	0	0	1500000	35000	0	500000	0	500000	0	20000000	0	0	0	0	0	0	0	剑士之魂，无坚不摧		0	0	0	0	0	0					204	0	0	0		0				0	0	0	0	0	0	0	0	0	0	0	0	0	0	0
154	灵魂剑士	2	42	7	26	6	27065,5	1	0	0			0	红色	icoBg6	6	0	170	170	[(25678,0)]	0	9154	0	0	0	30048	30048	("HeroNormalSkill",(307,2))	(306,2)	[(502,1), (507, 1)]	(307,2):(306,2):(502,2):(504,2)			185000	10	92500	30	慢	0	0	1500000	35000	0	500000	0	500000	0	20000000	0	0	0	0	0	0	0	剑士之魂，无坚不摧		0	0	0	0	0	0					276	0	0	0		0				0	0	0	0	0	0	0	0	0	0	0	0	0	0	0
155	战神熊猫	1	43	8	27	1		160	6400000	1000000			172800	白色	0	1	156	160	150	[(27926,1)]	0	9155	0	27	156	5020	5020	("HeroNormalSkill",(277,1))	(9999,1)	[]	(277,1)	(231,1):(501,2):(506,1)	(231,1)	102000	10	185000	30	快	0	0	1500000	70300	0	500000	0	500000	0	5000000	0	0	0	0	0	0	0	战神附体，桀骜不屈		0	0	0	0	0	0					290	0	0	0		0				0	0	0	0	0	0	0	0	0	0	0	0	0	0	0
156	战神熊猫	1	44	8	27	2		160	0	0			0	绿色	icoBg1	2	157	170	160	[(27926,5)]	0	9156	0	0	157	5020	5020	("HeroNormalSkill",(277,1))	(231,1)	[]	(277,1):(231,1)	(501,2):(506,1)	(501,2)	103200	10	187000	30	快	0	0	1500000	70300	0	500000	0	500000	0	5000000	0	0	0	0	0	0	0	战神附体，桀骜不屈		0	0	0	0	0	0					304	0	0	0		0				0	0	0	0	0	0	0	0	0	0	0	0	0	0	0
157	战神熊猫	1	45	8	27	3		160	0	0			0	蓝色	icoBg2	3	158	180	170	[(27926,25)]	0	9157	0	0	158	5020	5020	("HeroNormalSkill",(277,1))	(231,1)	[(501,1)]	(277,1):(231,1):(501,2)	(506,1)	(277,2):(231,2)	105000	10	190000	30	快	0	5000	1500000	70300	0	500000	0	500000	0	5000000	0	0	0	20000000	0	0	0	战神附体，桀骜不屈		0	0	0	0	0	0					318	0	0	0		0				0	0	0	0	0	0	0	0	0	0	0	0	0	0	0
158	战神熊猫	1	46	8	27	4	28036,1	160	0	0			0	紫色	icoBg3	4	159	190	190	[(27926,50)]	158	9158	0	0	159	5020	5020	("HeroNormalSkill",(277,2))	(231,2)	[(501,1)]	(277,2):(231,2):(501,2)	(506,1)	(506,1)	108000	10	195000	30	快	0	5000	1500000	70300	0	500000	0	500000	0	5000000	0	0	0	20000000	0	0	0	战神附体，桀骜不屈		0	0	0	0	0	0					332	0	0	0		0				0	0	0	0	0	0	0	0	0	0	0	0	0	0	0
159	战神熊猫	1	47	8	27	5	28036,3	160	0	0			0	橙色	icoBg5	5	160	190	190	[(27926,50),(27936,100)]	158	9159	0	0	160	5020	5020	("HeroNormalSkill",(277,2))	(231,2)	[(501,1), (506, 1)]	(277,2):(231,2):(501,2):(506,1)	(506,2)	(506,2)	114000	10	205000	30	快	0	5000	1500000	70300	0	500000	0	500000	0	5000000	0	0	0	20000000	0	0	0	战神附体，桀骜不屈		0	0	0	0	0	0					346	0	0	0		0				0	0	0	0	0	0	0	0	0	0	0	0	0	0	0
160	神·战神熊猫	1	48	8	27	6	28036,5	160	0	0			0	红色	icoBg6	6	0	190	190	[(27926,0)]	0	9160	0	0	0	5020	5020	("HeroNormalSkill",(277,2))	(231,2)	[(501,1), (506, 2)]	(277,2):(231,2):(501,2):(506,2)			117000	10	215000	30	快	0	5000	1500000	70300	0	500000	0	500000	0	5000000	0	0	0	20000000	0	0	0	战神附体，桀骜不屈		160	1	9	160	190	8	[(28829,100)]	(408,2)	416		360	0	0	190	400	1	28762,1200	Pub_IcomLLZ	1000000000	0	0	0	0	0	0	0	0	0	0	0	0	0	0	0
161	死亡骑士	2	43	8	28	1		160	7400000	1000000			172800	白色	0	1	162	160	150	[(27926,1)]	0	9161	0	28	162	5021	5021	("HeroNormalSkill",(275,1))	(9999,1)	[]	(275,1)	(232,1):(502,2):(504,1)	(232,1)	187000	10	92500	30	中等	0	0	1500000	51000	0	500000	0	500000	0	5000000	0	0	0	0	0	0	0	黑暗王者，柱石之坚		0	0	0	0	0	0					290	0	0	0		0				0	0	0	0	0	0	0	0	0	0	0	0	0	0	0
162	死亡骑士	2	44	8	28	2		160	0	0			0	绿色	icoBg1	2	163	170	160	[(27926,5)]	0	9162	0	0	163	5021	5021	("HeroNormalSkill",(275,1))	(232,1)	[]	(275,1):(232,1)	(502,2):(504,1)	(502,2)	189200	10	93500	30	中等	0	0	1500000	51000	0	500000	0	500000	0	5000000	0	0	0	0	0	0	0	黑暗王者，柱石之坚		0	0	0	0	0	0					304	0	0	0		0				0	0	0	0	0	0	0	0	0	0	0	0	0	0	0
163	死亡骑士	2	45	8	28	3		160	0	0			0	蓝色	icoBg2	3	164	180	170	[(27926,25)]	0	9163	0	0	164	5021	5021	("HeroNormalSkill",(275,1))	(232,1)	[(502,1)]	(275,1):(232,1):(502,2)	(504,1)	(275,2):(232,2)	192500	10	95000	30	中等	0	0	1500000	51000	0	500000	0	500000	0	20000000	0	0	0	0	0	0	0	黑暗王者，柱石之坚		0	0	0	0	0	0					318	0	0	0		0				0	0	0	0	0	0	0	0	0	0	0	0	0	0	0
164	死亡骑士	2	46	8	28	4	28036,1	160	0	0			0	紫色	icoBg3	4	165	190	190	[(27926,50)]	164	9164	0	0	165	5021	5021	("HeroNormalSkill",(275,2))	(232,2)	[(502,1)]	(275,2):(232,2):(502,2)	(504,1)	(504,1)	198000	10	97500	30	中等	0	0	1500000	51000	0	500000	0	500000	0	20000000	0	0	0	0	0	0	0	黑暗王者，柱石之坚		0	0	0	0	0	0					332	0	0	0		0				0	0	0	0	0	0	0	0	0	0	0	0	0	0	0
165	死亡骑士	2	47	8	28	5	28036,3	160	0	0			0	橙色	icoBg5	5	166	190	190	[(27926,50),(27937,100)]	164	9165	0	0	166	5021	5021	("HeroNormalSkill",(275,2))	(232,2)	[(502,1), (504, 1)]	(275,2):(232,2):(502,2):(504,1)	(504,2)	(504,2)	209000	10	102500	30	中等	1000	0	1500000	51000	0	500000	0	500000	0	20000000	0	0	0	0	0	0	0	黑暗王者，柱石之坚		0	0	0	0	0	0					346	0	0	0		0				0	0	0	0	0	0	0	0	0	0	0	0	0	0	0
166	神·死亡骑士	2	48	8	28	6	28036,5	160	0	0			0	红色	icoBg6	6	0	190	190	[(27926,0)]	0	9166	0	0	0	5021	5021	("HeroNormalSkill",(275,2))	(232,2)	[(502,1), (507, 1)]	(275,2):(232,2):(502,2):(504,2)			214500	10	107500	30	中等	1500	0	1500000	51000	0	500000	0	500000	0	20000000	0	0	0	0	0	0	0	黑暗王者，柱石之坚		160	1	10	160	190	8	[(28830,100)]	(409,2)	417		360	0	0	190	401	1	28762,1200	Pub_IcomLLZ	1000000000	0	0	0	0	0	0	0	0	0	0	0	0	0	0	0
167	堕落天使	3	43	8	29	1		160	0	0			0	白色	0	1	168	160	150	[(27926,1)]	0	9167	0	0	168	5022	5022	("HeroNormalSkill",(276,1))	(9999,1)	[]	(276,1)	(230,1):(229,1):(503,2):(505,1)	(230,1):(229,1)	157300	10	138800	30	慢	0	0	1500000	30600	0	500000	0	500000	0	5000000	0	0	0	0	0	0	0	恶魔天使，九死不悔		0	0	0	0	0	0					290	0	0	0		0				0	0	0	0	0	0	0	0	0	0	0	0	0	0	0
168	堕落天使	3	44	8	29	2		160	0	0			0	绿色	icoBg1	2	169	170	160	[(27926,5)]	0	9168	0	0	169	5022	5022	("HeroNormalSkill",(276,1))	[(230,1),(229,1)]	[]	(276,1):(230,1):(229,1)	(503,2):(505,1)	(503,2)	159000	10	140000	30	慢	0	0	1500000	30600	0	500000	0	500000	0	5000000	0	0	0	0	0	0	0	恶魔天使，九死不悔		0	0	0	0	0	0					304	0	0	0		0				0	0	0	0	0	0	0	0	0	0	0	0	0	0	0
169	堕落天使	3	45	8	29	3		160	0	0			0	蓝色	icoBg2	3	170	180	170	[(27926,25)]	0	9169	0	0	170	5022	5022	("HeroNormalSkill",(276,1))	[(230,1),(229,1)]	[(503,1)]	(276,1):(230,1):(229,1):(503,2)	(505,1)	(276,2):(230,2):(229,2)	161500	10	142500	30	慢	2000	0	1500000	30600	0	500000	0	500000	0	5000000	0	0	0	0	0	0	0	恶魔天使，九死不悔		0	0	0	0	0	0					318	0	0	0		0				0	0	0	0	0	0	0	0	0	0	0	0	0	0	0
170	堕落天使	3	46	8	29	4	28036,1	160	8400000	0	27935,100	small27935	0	紫色	icoBg3	4	171	190	190	[(27926,50)]	170	9170	0	29	171	5022	5022	("HeroNormalSkill",(276,2))	[(230,2),(229,2)]	[(503,1)]	(276,2):(230,2):(229,2):(503,2)	(505,1)	(505,1)	165800	10	146300	30	慢	2000	0	1500000	30600	0	500000	0	500000	0	5000000	0	0	0	0	0	0	0	恶魔天使，九死不悔		0	0	0	0	0	0					332	0	0	0		0				0	0	0	0	0	0	0	0	0	0	0	0	0	0	0
171	堕落天使	3	47	8	29	5	28036,3	160	0	0			0	橙色	icoBg5	5	172	190	190	[(27926,50),(27938,100)]	170	9171	0	0	172	5022	5022	("HeroNormalSkill",(276,2))	[(230,2),(229,2)]	[(503,1), (505, 1)]	(276,2):(230,2):(229,2):(503,2):(505,1)	(505,2)	(505,2)	174300	10	153800	30	慢	2000	0	1500000	30600	0	500000	0	500000	0	5000000	0	0	0	0	0	0	0	恶魔天使，九死不悔		0	0	0	0	0	0					346	0	0	0		0				0	0	0	0	0	0	0	0	0	0	0	0	0	0	0
172	神·堕落天使	3	48	8	29	6	28036,5	160	0	0			0	红色	icoBg6	6	0	190	190	[(27926,0)]	0	9172	0	0	0	5022	5022	("HeroNormalSkill",(276,2))	[(230,2),(229,2)]	[(503,1), (505, 2)]	(276,2):(230,2):(229,2):(503,2):(505,2)			182800	10	161300	30	慢	2000	0	1500000	30600	0	500000	0	500000	0	5000000	0	0	0	0	0	0	0	恶魔天使，九死不悔		160	1	11	160	190	8	[(28831,100)]	(410,2)	418		360	0	0	190	402	1	28762,1200	Pub_IcomLLZ	1000000000	0	0	0	0	0	0	0	0	0	0	0	0	0	0	0
300	神·烈焰女神	2	36	6	16	6	26511,5	160	0	0			0	红色	icoBg6	6	301	150	150	[(28217,50)]	0	9173	0	0	301	5011	5011	("HeroNormalSkill",(265,2))	(215,2)	[(502,1), (507, 1)]	(265,2):(215,2):(502,2):(504,2)			165000	10	75000	30	快	1500	0	1500000	70200	0	500000	0	500000	0	20000000	0	0	0	0	0	0	0	圣勇战士，浴火重生		160	1	2	160	190	8	[(28225,100)]	(400,2)	303		204	0	0	0		0				0	0	0	0	0	0	0	0	0	0	0	0	0	0	0
301	神·烈焰女神	2	42	7	16	6	27065,5	160	0	0			0	红色	icoBg6	6	302	170	170	[(28217,100)]	0	9174	0	0	302	5011	5011	("HeroNormalSkill",(265,2))	(215,2)	[(502,1), (507, 1)]	(265,2):(215,2):(502,2):(504,2)			182000	10	83000	30	快	1500	0	1500000	70200	0	500000	0	500000	0	20000000	0	0	0	0	0	0	0	圣勇战士，浴火重生		160	1	2	160	190	8	[(28225,100)]	(400,2)	303		276	0	0	0		0				0	0	0	0	0	0	0	0	0	0	0	0	0	0	0
302	神·烈焰女神	2	48	8	16	6	28036,5	160	0	0			0	红色	icoBg6	6	0	190	190	[(28217,0)]	0	9175	0	0	0	5011	5011	("HeroNormalSkill",(265,2))	(215,2)	[(502,1), (507, 1)]	(265,2):(215,2):(502,2):(504,2)			205000	10	95000	30	快	1500	0	1500000	70200	0	500000	0	500000	0	20000000	0	0	0	0	0	0	0	圣勇战士，浴火重生		160	1	2	160	190	8	[(28225,100)]	(400,2)	303		360	0	0	0		0				0	0	0	0	0	0	0	0	0	0	0	0	0	0	0
303	火女·烈焰女神	2	48	8	16	6	28036,5	160	0	0			0	红色	icoBg6	6	0	190	190	[(28217,0)]	0	9176	0	0	0	5011	5011	("HeroNormalSkill",(265,2))	[(215,2),(400,2)]	[(502,1), (507, 1)]	(265,2):(215,2):(400,2):(502,2):(504,2)			215000	10	105000	30	快	1500	0	1500000	70200	0	500000	0	500000	0	20000000	0	0	0	0	0	0	0	圣勇战士，浴火重生		160	0	0	160	190	8		(400,2)	0	1	360	0	1	190	403	1	28762,1200	Pub_IcomLLZ	1000000000	0	0	0	0	0	0	0	0	0	0	0	0	0	0	0
305	神·寒冰女巫	3	36	6	15	6	26511,5	160	0	0			0	红色	icoBg6	6	306	150	150	[(28218,50)]	0	9177	0	0	306	5010	5010	("HeroNormalSkill",(267,2))	(217,2)	[(503,1), (505, 2)]	(267,2):(217,2):(503,2):(505,2)			127500	10	112500	30	快	2000	0	1500000	71000	0	500000	0	500000	0	5000000	0	0	0	0	0	0	0	冰山美人，倾国倾城		160	1	4	160	190	8	[(28226,100)]	(401,2)	308		204	0	0	0		0				0	0	0	0	0	0	0	0	0	0	0	0	0	0	0
306	神·寒冰女巫	3	42	7	15	6	27065,5	160	0	0			0	红色	icoBg6	6	307	170	170	[(28218,100)]	0	9178	0	0	307	5010	5010	("HeroNormalSkill",(267,2))	(217,2)	[(503,1), (505, 2)]	(267,2):(217,2):(503,2):(505,2)			140000	10	124000	30	快	2000	0	1500000	71000	0	500000	0	500000	0	5000000	0	0	0	0	0	0	0	冰山美人，倾国倾城		160	1	4	160	190	8	[(28226,100)]	(401,2)	308		276	0	0	0		0				0	0	0	0	0	0	0	0	0	0	0	0	0	0	0
307	神·寒冰女巫	3	48	8	15	6	28036,5	160	0	0			0	红色	icoBg6	6	0	190	190	[(28218,0)]	0	9179	0	0	0	5010	5010	("HeroNormalSkill",(267,2))	(217,2)	[(503,1), (505, 2)]	(267,2):(217,2):(503,2):(505,2)			160000	10	144000	30	快	2000	0	1500000	71000	0	500000	0	500000	0	5000000	0	0	0	0	0	0	0	冰山美人，倾国倾城		160	1	4	160	190	8	[(28226,100)]	(401,2)	308		360	0	0	0		0				0	0	0	0	0	0	0	0	0	0	0	0	0	0	0
308	冷月·寒冰女巫	3	48	8	15	6	28036,5	160	0	0			0	红色	icoBg6	6	0	190	190	[(28218,0)]	0	9180	0	0	0	5010	5010	("HeroNormalSkill",(267,2))	[(217,2),(401,2)]	[(503,1), (505, 2)]	(267,2):(217,2):(401,2):(503,2):(505,2)			183000	10	162000	30	快	2000	0	1500000	71000	0	500000	0	500000	0	5000000	0	0	0	0	0	0	0	冰山美人，倾国倾城		160	0	0	160	190	8		(401,2)	0	1	360	0	1	190	404	1	28762,1200	Pub_IcomLLZ	1000000000	0	0	0	0	0	0	0	0	0	0	0	0	0	0	0
310	神·深渊蛮王	1	42	7	18	6	27065,5	160	0	0			0	红色	icoBg6	6	311	170	170	[(28219,100)]	0	9181	0	0	311	5012	5012	("HeroNormalSkill",(270,2))	(220,2)	[(501,1), (506, 2)]	(270,2):(220,2):(501,2):(506,2)			99000	10	165000	30	快	0	5000	1500000	70400	0	500000	0	500000	0	5000000	0	0	0	20000000	0	0	0	天生神力，力破三界		160	1	6	160	190	8	[(28227,100)]	(402,2)	312		276	0	0	0		0				0	0	0	0	0	0	0	0	0	0	0	0	0	0	0
311	神·深渊蛮王	1	48	8	18	6	28036,5	160	0	0			0	红色	icoBg6	6	0	190	190	[(28219,0)]	0	9182	0	0	0	5012	5012	("HeroNormalSkill",(270,2))	(220,2)	[(501,1), (506, 2)]	(270,2):(220,2):(501,2):(506,2)			108000	10	185000	30	快	0	5000	1500000	70400	0	500000	0	500000	0	5000000	0	0	0	20000000	0	0	0	天生神力，力破三界		160	1	6	160	190	8	[(28227,100)]	(402,2)	312		360	0	0	0		0				0	0	0	0	0	0	0	0	0	0	0	0	0	0	0
312	泰坦·深渊蛮王	1	48	8	18	6	28036,5	160	0	0			0	红色	icoBg6	6	0	190	190	[(28219,0)]	0	9183	0	0	0	5012	5012	("HeroNormalSkill",(270,2))	(402,2)	[(501,1), (506, 2)]	(270,2):(402,2):(501,2):(506,2)			122000	10	215000	30	快	0	5000	1500000	70400	0	500000	0	500000	0	5000000	0	0	0	20000000	0	0	0	天生神力，力破三界		160	0	0	160	190	8		(402,2)	0	1	360	0	1	190	405	1	28762,1200	Pub_IcomLLZ	1000000000	0	0	0	0	0	0	0	0	0	0	0	0	0	0	0
315	神·屠龙剑圣	2	42	7	20	6	27065,5	160	0	0			0	红色	icoBg6	6	316	170	170	[(28220,100)]	0	9184	0	0	316	5014	5014	("HeroNormalSkill",(268,2))	(218,2)	[(502,1), (507, 1)]	(268,2):(218,2):(502,2):(504,2)			182000	10	83000	30	快	1500	0	1500000	70500	0	500000	0	500000	0	20000000	0	0	0	0	0	0	0	天神血脉，战神之名		160	1	8	160	190	8	[(28228,100)]	(403,2)	317		276	0	0	0		0				0	0	0	0	0	0	0	0	0	0	0	0	0	0	0
316	神·屠龙剑圣	2	48	8	20	6	28036,5	160	0	0			0	红色	icoBg6	6	0	190	190	[(28220,0)]	0	9185	0	0	0	5014	5014	("HeroNormalSkill",(268,2))	(218,2)	[(502,1), (507, 1)]	(268,2):(218,2):(502,2):(504,2)			205000	10	95000	30	快	1500	0	1500000	70500	0	500000	0	500000	0	20000000	0	0	0	0	0	0	0	天神血脉，战神之名		160	1	8	160	190	8	[(28228,100)]	(403,2)	317		360	0	0	0		0				0	0	0	0	0	0	0	0	0	0	0	0	0	0	0
317	剑神·屠龙剑圣	2	48	8	20	6	28036,5	160	0	0			0	红色	icoBg6	6	0	190	190	[(28220,0)]	0	9186	0	0	0	5014	5014	("HeroNormalSkill",(268,2))	(403,2)	[(502,1), (507, 1)]	(268,2):(403,2):(502,2):(504,2)			215000	10	105000	30	快	1500	0	1500000	70500	0	500000	0	500000	0	20000000	0	0	0	0	0	0	0	天神血脉，战神之名		160	0	0	160	190	8		(403,2)	0	1	360	0	1	190	406	1	28762,1200	Pub_IcomLLZ	1000000000	0	0	0	0	0	0	0	0	0	0	0	0	0	0	0
320	神·天堂圣使	2	42	7	21	6	27065,5	160	0	0			0	红色	icoBg6	6	321	170	170	[(28221,100)]	0	9187	0	0	321	5015	5015	("HeroNormalSkill",(269,2))	(219,2)	[(502,1), (507, 1)]	(269,2):(219,2):(502,2):(504,2)			182000	10	83000	30	中等	1500	0	1500000	50500	0	500000	0	500000	0	20000000	0	0	0	0	0	0	0	天纵奇才，移天换海		160	1	10	160	190	8	[(28229,100)]	(404,2)	322		276	0	0	0		0				0	0	0	0	0	0	0	0	0	0	0	0	0	0	0
321	神·天堂圣使	2	48	8	21	6	28036,5	160	0	0			0	红色	icoBg6	6	0	190	190	[(28221,0)]	0	9188	0	0	0	5015	5015	("HeroNormalSkill",(269,2))	(219,2)	[(502,1), (507, 1)]	(269,2):(219,2):(502,2):(504,2)			205000	10	95000	30	中等	1500	0	1500000	50500	0	500000	0	500000	0	20000000	0	0	0	0	0	0	0	天纵奇才，移天换海		160	1	10	160	190	8	[(28229,100)]	(404,2)	322		360	0	0	0		0				0	0	0	0	0	0	0	0	0	0	0	0	0	0	0
322	光神·天堂圣使	2	48	8	21	6	28036,5	160	0	0			0	红色	icoBg6	6	0	190	190	[(28221,0)]	0	9189	0	0	0	5015	5015	("HeroNormalSkill",(269,2))	[(219,2),(404,2)]	[(502,1), (507, 1)]	(269,2):(219,2):(404,2):(502,2):(504,2)			215000	10	105000	30	中等	1500	0	1500000	50500	0	500000	0	500000	0	20000000	0	0	0	0	0	0	0	天纵奇才，移天换海		160	0	0	160	190	8		(404,2)	0	1	360	0	1	190	407	1	28762,1200	Pub_IcomLLZ	1000000000	0	0	0	0	0	0	0	0	0	0	0	0	0	0	0
325	神·卡牌女王	3	42	7	19	6	27065,5	160	0	0			0	红色	icoBg6	6	326	170	170	[(28222,100)]	0	9190	0	0	326	5013	5013	("HeroNormalSkill",(271,2))	(221,2)	[(503,1), (505, 2)]	(271,2):(221,2):(503,2):(505,2)			140000	10	124000	30	慢	2000	0	1500000	30500	0	500000	0	500000	0	5000000	0	0	0	0	0	0	0	卡牌王者，我见犹怜		160	1	12	160	190	8	[(28230,100)]	(405,2)	327		276	0	0	0		0				0	0	0	0	0	0	0	0	0	0	0	0	0	0	0
326	神·卡牌女王	3	48	8	19	6	28036,5	160	0	0			0	红色	icoBg6	6	0	190	190	[(28222,0)]	0	9191	0	0	0	5013	5013	("HeroNormalSkill",(271,2))	(221,2)	[(503,1), (505, 2)]	(271,2):(221,2):(503,2):(505,2)			160000	10	144000	30	慢	2000	0	1500000	30500	0	500000	0	500000	0	5000000	0	0	0	0	0	0	0	卡牌王者，我见犹怜		160	1	12	160	190	8	[(28230,100)]	(405,2)	327		360	0	0	0		0				0	0	0	0	0	0	0	0	0	0	0	0	0	0	0
327	赌圣·卡牌女王	3	48	8	19	6	28036,5	160	0	0			0	红色	icoBg6	6	0	190	190	[(28222,0)]	0	9192	0	0	0	5013	5013	("HeroNormalSkill",(271,2))	(405,2)	[(503,1), (505, 2)]	(271,2):(405,2):(503,2):(505,2)			183000	10	162000	30	慢	2000	0	1500000	30500	0	500000	0	500000	0	5000000	0	0	0	0	0	0	0	卡牌王者，我见犹怜		160	0	0	160	190	8		(405,2)	0	1	360	0	1	190	408	1	28762,1200	Pub_IcomLLZ	1000000000	0	0	0	0	0	0	0	0	0	0	0	0	0	0	0
330	神·骷髅王	2	48	8	24	6	28036,5	160	0	0			0	红色	icoBg6	6	0	190	190	[(28223,0)]	0	9193	0	0	0	5018	5018	("HeroNormalSkill",(272,2))	(222,2)	[(502,1), (507, 1)]	(272,2):(222,2):(502,2):(504,2)			205000	10	95000	30	快	1500	0	1500000	70500	0	500000	0	500000	0	20000000	0	0	0	0	0	0	0	岁月轮回，不改本心		160	1	14	160	190	8	[(28231,100)]	(406,2)	331		360	0	0	0		0				0	0	0	0	0	0	0	0	0	0	0	0	0	0	0
331	地狱·骷髅王	2	48	8	24	6	28036,5	160	0	0			0	红色	icoBg6	6	0	190	190	[(28223,0)]	0	9194	0	0	0	5018	5018	("HeroNormalSkill",(272,2))	(406,2)	[(502,1), (507, 1)]	(272,2):(406,2):(502,2):(504,2)			215000	10	105000	30	快	1500	0	1500000	70500	0	500000	0	500000	0	20000000	0	0	0	0	0	0	0	岁月轮回，不改本心		160	0	0	160	190	8		(406,2)	0	1	360	0	1	190	411	1	28762,1200	Pub_IcomLLZ	1000000000	0	0	0	0	0	0	0	0	0	0	0	0	0	0	0
335	神·月之祭司	3	48	8	23	6	28036,5	160	0	0			0	红色	icoBg6	6	0	190	190	[(28224,0)]	0	9195	0	0	0	5017	5017	("HeroNormalSkill",(273,2))	(223,2)	[(503,1), (505, 2)]	(273,2):(223,2):(503,2):(505,2)			160000	10	144000	30	快	2000	0	1500000	71500	0	500000	0	500000	0	5000000	0	0	0	0	0	0	0	月神宠儿，夺命之箭		160	1	16	160	190	8	[(28232,100)]	(407,2)	336		360	0	0	0		0				0	0	0	0	0	0	0	0	0	0	0	0	0	0	0
336	暗夜·月之祭司	3	48	8	23	6	28036,5	160	0	0			0	红色	icoBg6	6	0	190	190	[(28224,0)]	0	9196	0	0	0	5017	5017	("HeroNormalSkill",(273,2))	[(407,2),(223,2)]	[(503,1), (505, 2)]	(273,2):(223,2):(407,2):(503,2):(505,2)			183000	10	162000	30	快	2000	0	1500000	71500	0	500000	0	500000	0	5000000	0	0	0	0	0	0	0	月神宠儿，夺命之箭		160	0	0	160	190	8		(407,2)	0	1	360	0	1	190	409	1	28762,1200	Pub_IcomLLZ	1000000000	0	0	0	0	0	0	0	0	0	0	0	0	0	0	0
173	绝对守护者	1	28	5	30	4	25988,1	100	0	0	28452,50	s28452	0	紫色	icoBg3	4	174	130	130	[(25680,50)]	173	9200	0	16	174	5023	5023	("HeroNormalSkill",(278,2))	[(234,2),(233,2)]	[(501,1)]	(278,2):(234,2):(233,2):(501,2)	(506,1)	(506,1)	75000	10	115000	30	慢	0	0	1500000	35000	0	500000	0	500000	0	5000000	0	0	0	20000000	0	0	0	绝对守护，坚如磐石		0	0	0	0	0	0					128	0	0	0		0				0	0	0	0	0	0	0	0	0	0	0	0	0	0	0
174	绝对守护者	1	29	5	30	5	25988,3	100	0	0			0	橙色	icoBg5	5	175	130	130	[(25680,50),(28448,50)]	173	9201	0	0	175	5023	5023	("HeroNormalSkill",(278,2))	[(234,2),(233,2)]	[(501,1), (506, 1)]	(278,2):(234,2):(233,2):(501,2):(506,1)	(506,2)	(506,2)	80000	10	130000	30	慢	0	0	1500000	35000	0	500000	0	500000	0	5000000	0	0	0	20000000	0	0	0	绝对守护，坚如磐石		0	0	0	0	0	0					136	0	0	0		0				0	0	0	0	0	0	0	0	0	0	0	0	0	0	0
175	绝对守护者	1	30	5	30	6	25988,5	100	0	0			0	红色	icoBg6	6	176	130	130	[(28449,100)]	0	9202	0	0	176	5023	5023	("HeroNormalSkill",(278,2))	[(234,2),(233,2)]	[(501,1), (506, 2)]	(278,2):(234,2):(233,2):(501,2):(506,2)			90000	10	145000	30	慢	0	0	1500000	35000	0	500000	0	500000	0	5000000	0	0	0	20000000	0	0	0	绝对守护，坚如磐石		0	0	0	0	0	0					144	0	0	0		0				0	0	0	0	0	0	0	0	0	0	0	0	0	0	0
176	绝对守护者	1	36	6	30	6	26511,5	100	0	0			0	红色	icoBg6	6	177	150	150	[(28450,100)]	0	9203	0	0	177	5023	5023	("HeroNormalSkill",(278,2))	[(234,2),(233,2)]	[(501,1), (506, 2)]	(278,2):(234,2):(233,2):(501,2):(506,2)			100000	10	165000	30	慢	0	0	1500000	35000	0	500000	0	500000	0	5000000	0	0	0	20000000	0	0	0	绝对守护，坚如磐石		0	0	0	0	0	0					204	0	0	0		0				0	0	0	0	0	0	0	0	0	0	0	0	0	0	0
177	绝对守护者	1	42	7	30	6	27065,5	100	0	0			0	红色	icoBg6	6	178	170	170	[(28451,100)]	0	9204	0	0	178	5023	5023	("HeroNormalSkill",(278,2))	[(234,2),(233,2)]	[(501,1), (506, 2)]	(278,2):(234,2):(233,2):(501,2):(506,2)			110000	10	190000	30	慢	0	0	1500000	35000	0	500000	0	500000	0	5000000	0	0	0	20000000	0	0	0	绝对守护，坚如磐石		0	0	0	0	0	0					276	0	0	0		0				0	0	0	0	0	0	0	0	0	0	0	0	0	0	0
178	绝对守护者	1	48	8	30	6	28036,5	100	0	0			0	红色	icoBg6	6	0	190	190	[(25678,0)]	0	9205	0	0	0	5023	5023	("HeroNormalSkill",(278,2))	[(234,2),(233,2)]	[(501,1), (506, 2)]	(278,2):(234,2):(233,2):(501,2):(506,2)			120000	10	220000	30	慢	0	0	1500000	35000	0	500000	0	500000	0	5000000	0	0	0	20000000	0	0	0	绝对守护，坚如磐石		160	1	12	160	190	8	[(28832,100)]	(411,2)	419		360	0	0	0		1	28762,1200	Pub_IcomLLZ	1000000000	0	0	0	0	0	0	0	0	0	0	0	0	0	0	0
400	神·战神熊猫	1	48	8	27	6	28036,5	160	0	0			0	红色	icoBg6	6	0	190	190	[(27926,0)]	0	9160	0	0	0	5020	5020	("HeroNormalSkill",(277,2))	(231,2)	[(501,1), (506, 2)]	(277,2):(231,2):(501,2):(506,2)			117000	10	215000	30	快	0	5000	1500000	70300	0	500000	0	500000	0	5000000	0	0	0	20000000	0	0	0	战神附体，桀骜不屈		160	1	9	160	190	8	[(28829,100)]	(408,2)	416		360	1	0	0		0				1500	0	0	500	0	500	0	250	750	0	0	750	250	0	0
401	神·死亡骑士	2	48	8	28	6	28036,5	160	0	0			0	红色	icoBg6	6	0	190	190	[(27926,0)]	0	9166	0	0	0	5021	5021	("HeroNormalSkill",(275,2))	(232,2)	[(502,1), (507, 1)]	(275,2):(232,2):(502,2):(504,2)			214500	10	107500	30	中等	1500	0	1500000	51000	0	500000	0	500000	0	20000000	0	0	0	0	0	0	0	黑暗王者，柱石之坚		160	1	10	160	190	8	[(28830,100)]	(409,2)	417		360	1	0	0		0				1500	0	0	500	0	500	0	500	500	0	0	500	500	0	0
402	神·堕落天使	3	48	8	29	6	28036,5	160	0	0			0	红色	icoBg6	6	0	190	190	[(27926,0)]	0	9172	0	0	0	5022	5022	("HeroNormalSkill",(276,2))	[(230,2),(229,2)]	[(503,1), (505, 2)]	(276,2):(230,2):(229,2):(503,2):(505,2)			182800	10	161300	30	慢	2000	0	1500000	30600	0	500000	0	500000	0	5000000	0	0	0	0	0	0	0	恶魔天使，九死不悔		160	1	11	160	190	8	[(28831,100)]	(410,2)	418		360	1	0	0		0				1500	0	0	500	0	400	0	400	400	0	0	400	400	0	0
403	火女·烈焰女神	2	48	8	16	6	28036,5	160	0	0			0	红色	icoBg6	6	0	190	190	[(28217,0)]	0	9176	0	0	0	5011	5011	("HeroNormalSkill",(265,2))	[(215,2),(400,2)]	[(502,1), (507, 1)]	(265,2):(215,2):(400,2):(502,2):(504,2)			215000	10	105000	30	快	1500	0	1500000	70200	0	500000	0	500000	0	20000000	0	0	0	0	0	0	0	圣勇战士，浴火重生		160	0	0	160	190	8		(400,2)	0	1	360	1	1	0	420	2	28762,6000	Pub_IcomLLZ	10000000000	1500	0	0	500	0	500	0	500	500	0	0	500	500	0	0
404	冷月·寒冰女巫	3	48	8	15	6	28036,5	160	0	0			0	红色	icoBg6	6	0	190	190	[(28218,0)]	0	9180	0	0	0	5010	5010	("HeroNormalSkill",(267,2))	[(217,2),(401,2)]	[(503,1), (505, 2)]	(267,2):(217,2):(401,2):(503,2):(505,2)			183000	10	162000	30	快	2000	0	1500000	71000	0	500000	0	500000	0	5000000	0	0	0	0	0	0	0	冰山美人，倾国倾城		160	0	0	160	190	8		(401,2)	0	1	360	1	1	0	421	2	28762,6000	Pub_IcomLLZ	10000000000	1500	0	0	500	0	400	0	400	400	0	0	400	400	0	0
405	泰坦·深渊蛮王	1	48	8	18	6	28036,5	160	0	0			0	红色	icoBg6	6	0	190	190	[(28219,0)]	0	9183	0	0	0	5012	5012	("HeroNormalSkill",(270,2))	(402,2)	[(501,1), (506, 2)]	(270,2):(402,2):(501,2):(506,2)			122000	10	215000	30	快	0	5000	1500000	70400	0	500000	0	500000	0	5000000	0	0	0	20000000	0	0	0	天生神力，力破三界		160	0	0	160	190	8		(402,2)	0	1	360	1	1	0	422	2	28762,6000	Pub_IcomLLZ	10000000000	1500	0	0	500	0	500	0	250	750	0	0	750	250	0	0
406	剑神·屠龙剑圣	2	48	8	20	6	28036,5	160	0	0			0	红色	icoBg6	6	0	190	190	[(28220,0)]	0	9186	0	0	0	5014	5014	("HeroNormalSkill",(268,2))	(403,2)	[(502,1), (507, 1)]	(268,2):(403,2):(502,2):(504,2)			215000	10	105000	30	快	1500	0	1500000	70500	0	500000	0	500000	0	20000000	0	0	0	0	0	0	0	天神血脉，战神之名		160	0	0	160	190	8		(403,2)	0	1	360	1	1	0	423	2	28762,6000	Pub_IcomLLZ	10000000000	1500	0	0	500	0	500	0	500	500	0	0	500	500	0	0
407	光神·天堂圣使	2	48	8	21	6	28036,5	160	0	0			0	红色	icoBg6	6	0	190	190	[(28221,0)]	0	9189	0	0	0	5015	5015	("HeroNormalSkill",(269,2))	[(219,2),(404,2)]	[(502,1), (507, 1)]	(269,2):(219,2):(404,2):(502,2):(504,2)			215000	10	105000	30	中等	1500	0	1500000	50500	0	500000	0	500000	0	20000000	0	0	0	0	0	0	0	天纵奇才，移天换海		160	0	0	160	190	8		(404,2)	0	1	360	1	1	0	424	2	28762,6000	Pub_IcomLLZ	10000000000	1500	0	0	500	0	500	0	500	500	0	0	500	500	0	0
408	赌圣·卡牌女王	3	48	8	19	6	28036,5	160	0	0			0	红色	icoBg6	6	0	190	190	[(28222,0)]	0	9192	0	0	0	5013	5013	("HeroNormalSkill",(271,2))	(405,2)	[(503,1), (505, 2)]	(271,2):(405,2):(503,2):(505,2)			183000	10	162000	30	慢	2000	0	1500000	30500	0	500000	0	500000	0	5000000	0	0	0	0	0	0	0	卡牌王者，我见犹怜		160	0	0	160	190	8		(405,2)	0	1	360	1	1	0	425	2	28762,6000	Pub_IcomLLZ	10000000000	1500	0	0	500	0	400	0	400	400	0	0	400	400	0	0
409	暗夜·月之祭司	3	48	8	23	6	28036,5	160	0	0			0	红色	icoBg6	6	0	190	190	[(28224,0)]	0	9196	0	0	0	5017	5017	("HeroNormalSkill",(273,2))	[(407,2),(223,2)]	[(503,1), (505, 2)]	(273,2):(223,2):(407,2):(503,2):(505,2)			183000	10	162000	30	快	2000	0	1500000	71500	0	500000	0	500000	0	5000000	0	0	0	0	0	0	0	月神宠儿，夺命之箭		160	0	0	160	190	8		(407,2)	0	1	360	1	1	0	426	2	28762,6000	Pub_IcomLLZ	10000000000	1500	0	0	500	0	400	0	400	400	0	0	400	400	0	0
410	绝对守护者	1	48	8	30	6	28036,5	100	0	0			0	红色	icoBg6	6	0	190	190	[(25678,0)]	0	9205	0	0	0	5023	5023	("HeroNormalSkill",(278,2))	[(234,2),(233,2)]	[(501,1), (506, 2)]	(278,2):(234,2):(233,2):(501,2):(506,2)			120000	10	220000	30	慢	0	0	1500000	35000	0	500000	0	500000	0	5000000	0	0	0	20000000	0	0	0	绝对守护，坚如磐石		160	1	12	160	190	8	[(28832,100)]	(411,2)	419		360	1	0	0		0				1500	0	0	500	0	500	0	250	750	0	0	750	250	0	0
411	地狱·骷髅王	2	48	8	24	6	28036,5	160	0	0			0	红色	icoBg6	6	0	190	190	[(28223,0)]	0	9194	0	0	0	5018	5018	("HeroNormalSkill",(272,2))	(406,2)	[(502,1), (507, 1)]	(272,2):(406,2):(502,2):(504,2)			215000	10	105000	30	快	1500	0	1500000	70500	0	500000	0	500000	0	20000000	0	0	0	0	0	0	0	岁月轮回，不改本心		160	0	0	0	0	0				1	360	1	1	0	427	2	28762,6000	Pub_IcomLLZ	10000000000	1500	0	0	500	0	500	0	500	500	0	0	500	500	0	0
412	憾地·战神熊猫	1	48	8	27	6	28036,5	160	0	0			0	红色	icoBg6	6	0	190	190	[(28223,0)]	0	9206	0	0	0	5020	5020	("HeroNormalSkill",(277,2))	(231,2)	[(501,1), (506, 2), (408, 2)]	(277,2):(231,2):(501,2):(506,2):(408,2)			131000	10	245000	30	快	0	5000	1500000	70300	0	500000	0	500000	0	5000000	0	0	0	20000000	0	0	0	战神附体，桀骜不屈		0	0	0	0	0	0				1	360	1	1	0	428	2	28762,6000	Pub_IcomLLZ	10000000000	1500	0	0	500	0	500	0	250	750	0	0	750	250	0	0
413	暗黑·死亡骑士	2	48	8	28	6	28036,5	160	0	0			0	红色	icoBg6	6	0	190	190	[(28223,0)]	0	9207	0	0	0	5021	5021	("HeroNormalSkill",(275,2))	(232,2)	[(502,1), (507, 1), (409, 2)]	(275,2):(232,2):(502,2):(504,2):(409,2)			224500	10	117500	30	中等	1500	0	1500000	51000	0	500000	0	500000	0	20000000	0	0	0	0	0	0	0	黑暗王者，柱石之坚		0	0	0	0	0	0				1	360	1	1	0	429	2	28762,6000	Pub_IcomLLZ	10000000000	1500	0	0	500	0	500	0	500	500	0	0	500	500	0	0
414	死亡·堕落天使	3	48	8	29	6	28036,5	160	0	0			0	红色	icoBg6	6	0	190	190	[(28223,0)]	0	9208	0	0	0	5022	5022	("HeroNormalSkill",(276,2))	[(230,2),(410,2)]	[(503,1), (505, 2)]	(276,2):(230,2):(410,2):(503,2):(505,2)			205800	10	179300	30	慢	2000	0	1500000	30600	0	500000	0	500000	0	5000000	0	0	0	0	0	0	0	恶魔天使，九死不悔		0	0	0	0	0	0				1	360	1	1	0	430	2	28762,6000	Pub_IcomLLZ	10000000000	1500	0	0	500	0	400	0	400	400	0	0	400	400	0	0
415	战神·绝对守护者	1	48	8	30	6	28036,5	100	0	0			0	红色	icoBg6	6	0	190	190	[(28223,0)]	0	9209	0	0	0	5023	5023	("HeroNormalSkill",(278,2))	[(411,2),(233,2)]	[(501,1), (506, 2)]	(278,2):(411,2):(233,2):(501,2):(506,2)			134000	10	250000	30	慢	0	0	1500000	35000	0	500000	0	500000	0	5000000	0	0	0	20000000	0	0	0	绝对守护，坚如磐石		0	0	0	0	0	0				1	360	1	1	0	431	2	28762,6000	Pub_IcomLLZ	10000000000	1500	0	0	500	0	500	0	250	750	0	0	750	250	0	0
416	憾地·战神熊猫	1	48	8	27	6	28036,5	160	0	0			0	红色	icoBg6	6	0	190	190	[(27926,0)]	0	9206	0	0	0	5020	5020	("HeroNormalSkill",(277,2))	(231,2)	[(501,1), (506, 2), (408, 2)]	(277,2):(231,2):(501,2):(506,2):(408,2)			131000	10	245000	30	快	0	5000	1500000	70300	0	500000	0	500000	0	5000000	0	0	0	20000000	0	0	0	战神附体，桀骜不屈		0	0	0	0	0	0				1	360	0	1	190	412	1	28762,1200	Pub_IcomLLZ	1000000000	0	0	0	0	0	0	0	0	0	0	0	0	0	0	0
417	暗黑·死亡骑士	2	48	8	28	6	28036,5	160	0	0			0	红色	icoBg6	6	0	190	190	[(27926,0)]	0	9207	0	0	0	5021	5021	("HeroNormalSkill",(275,2))	(232,2)	[(502,1), (507, 1), (409, 2)]	(275,2):(232,2):(502,2):(504,2):(409,2)			224500	10	117500	30	中等	1500	0	1500000	51000	0	500000	0	500000	0	20000000	0	0	0	0	0	0	0	黑暗王者，柱石之坚		0	0	0	0	0	0				1	360	0	1	190	413	1	28762,1200	Pub_IcomLLZ	1000000000	0	0	0	0	0	0	0	0	0	0	0	0	0	0	0
418	死亡·堕落天使	3	48	8	29	6	28036,5	160	0	0			0	红色	icoBg6	6	0	190	190	[(27926,0)]	0	9208	0	0	0	5022	5022	("HeroNormalSkill",(276,2))	[(230,2),(410,2)]	[(503,1), (505, 2)]	(276,2):(230,2):(410,2):(503,2):(505,2)			205800	10	179300	30	慢	2000	0	1500000	30600	0	500000	0	500000	0	5000000	0	0	0	0	0	0	0	恶魔天使，九死不悔		0	0	0	0	0	0				1	360	0	1	190	414	1	28762,1200	Pub_IcomLLZ	1000000000	0	0	0	0	0	0	0	0	0	0	0	0	0	0	0
419	战神·绝对守护者	1	48	8	30	6	28036,5	100	0	0			0	红色	icoBg6	6	0	190	190	[(25678,0)]	0	9209	0	0	0	5023	5023	("HeroNormalSkill",(278,2))	[(411,2),(233,2)]	[(501,1), (506, 2)]	(278,2):(411,2):(233,2):(501,2):(506,2)			134000	10	250000	30	慢	0	0	1500000	35000	0	500000	0	500000	0	5000000	0	0	0	20000000	0	0	0	绝对守护，坚如磐石		0	0	0	0	0	0				1	360	0	1	190	415	1	28762,1200	Pub_IcomLLZ	1000000000	0	0	0	0	0	0	0	0	0	0	0	0	0	0	0
420	火女·烈焰女神	2	48	8	16	6	28036,5	160	0	0			0	红色	icoBg6	6	0	190	190	[(28217,0)]	0	9176	0	0	0	5011	5011	("HeroNormalSkill",(265,2))	[(215,2),(400,2)]	[(502,1), (507, 1)]	(265,2):(215,2):(400,2):(502,2):(504,2)			215000	10	105000	30	快	1500	0	1500000	70200	0	500000	0	500000	0	20000000	0	0	0	0	0	0	0	圣勇战士，浴火重生		160	0	0	0	0	0				1	360	2	0	0		0				2250	0	0	750	0	750	0	750	750	0	0	750	750	0	0
421	冷月·寒冰女巫	3	48	8	15	6	28036,5	160	0	0			0	红色	icoBg6	6	0	190	190	[(28218,0)]	0	9180	0	0	0	5010	5010	("HeroNormalSkill",(267,2))	[(217,2),(401,2)]	[(503,1), (505, 2)]	(267,2):(217,2):(401,2):(503,2):(505,2)			183000	10	162000	30	快	2000	0	1500000	71000	0	500000	0	500000	0	5000000	0	0	0	0	0	0	0	冰山美人，倾国倾城		160	0	0	0	0	0				1	360	2	0	0		0				2250	0	0	750	0	750	0	400	400	0	0	400	400	0	0
422	泰坦·深渊蛮王	1	48	8	18	6	28036,5	160	0	0			0	红色	icoBg6	6	0	190	190	[(28219,0)]	0	9183	0	0	0	5012	5012	("HeroNormalSkill",(270,2))	(402,2)	[(501,1), (506, 2)]	(270,2):(402,2):(501,2):(506,2)			122000	10	215000	30	快	0	5000	1500000	70400	0	500000	0	500000	0	5000000	0	0	0	20000000	0	0	0	天生神力，力破三界		160	0	0	0	0	0				1	360	2	0	0		0				2250	0	0	750	0	750	0	375	1125	0	0	1125	375	0	0
423	剑神·屠龙剑圣	2	48	8	20	6	28036,5	160	0	0			0	红色	icoBg6	6	0	190	190	[(28220,0)]	0	9186	0	0	0	5014	5014	("HeroNormalSkill",(268,2))	(403,2)	[(502,1), (507, 1)]	(268,2):(403,2):(502,2):(504,2)			215000	10	105000	30	快	1500	0	1500000	70500	0	500000	0	500000	0	20000000	0	0	0	0	0	0	0	天神血脉，战神之名		160	0	0	0	0	0				1	360	2	0	0		0				2250	0	0	750	0	750	0	750	750	0	0	750	750	0	0
424	光神·天堂圣使	2	48	8	21	6	28036,5	160	0	0			0	红色	icoBg6	6	0	190	190	[(28221,0)]	0	9189	0	0	0	5015	5015	("HeroNormalSkill",(269,2))	[(219,2),(404,2)]	[(502,1), (507, 1)]	(269,2):(219,2):(404,2):(502,2):(504,2)			215000	10	105000	30	中等	1500	0	1500000	50500	0	500000	0	500000	0	20000000	0	0	0	0	0	0	0	天纵奇才，移天换海		160	0	0	0	0	0				1	360	2	0	0		0				2250	0	0	750	0	750	0	750	750	0	0	750	750	0	0
425	赌圣·卡牌女王	3	48	8	19	6	28036,5	160	0	0			0	红色	icoBg6	6	0	190	190	[(28222,0)]	0	9192	0	0	0	5013	5013	("HeroNormalSkill",(271,2))	(405,2)	[(503,1), (505, 2)]	(271,2):(405,2):(503,2):(505,2)			183000	10	162000	30	慢	2000	0	1500000	30500	0	500000	0	500000	0	5000000	0	0	0	0	0	0	0	卡牌王者，我见犹怜		160	0	0	0	0	0				1	360	2	0	0		0				2250	0	0	750	0	750	0	400	400	0	0	400	400	0	0
426	暗夜·月之祭司	3	48	8	23	6	28036,5	160	0	0			0	红色	icoBg6	6	0	190	190	[(28224,0)]	0	9196	0	0	0	5017	5017	("HeroNormalSkill",(273,2))	[(407,2),(223,2)]	[(503,1), (505, 2)]	(273,2):(223,2):(407,2):(503,2):(505,2)			183000	10	162000	30	快	2000	0	1500000	71500	0	500000	0	500000	0	5000000	0	0	0	0	0	0	0	月神宠儿，夺命之箭		160	0	0	0	0	0				1	360	2	0	0		0				2250	0	0	750	0	750	0	400	400	0	0	400	400	0	0
427	地狱·骷髅王	2	48	8	24	6	28036,5	160	0	0			0	红色	icoBg6	6	0	190	190	[(28223,0)]	0	9194	0	0	0	5018	5018	("HeroNormalSkill",(272,2))	(406,2)	[(502,1), (507, 1)]	(272,2):(406,2):(502,2):(504,2)			215000	10	105000	30	快	1500	0	1500000	70500	0	500000	0	500000	0	20000000	0	0	0	0	0	0	0	岁月轮回，不改本心		160	0	0	0	0	0				1	360	2	0	0		0				2250	0	0	750	0	750	0	750	750	0	0	750	750	0	0
428	憾地·战神熊猫	1	48	8	27	6	28036,5	160	0	0			0	红色	icoBg6	6	0	190	190	[(28223,0)]	0	9206	0	0	0	5020	5020	("HeroNormalSkill",(277,2))	(231,2)	[(501,1), (506, 2), (408, 2)]	(277,2):(231,2):(501,2):(506,2):(408,2)			131000	10	245000	30	快	0	5000	1500000	70300	0	500000	0	500000	0	5000000	0	0	0	20000000	0	0	0	战神附体，桀骜不屈		0	0	0	0	0	0				1	360	2	0	0		0				2250	0	0	750	0	750	0	375	1125	0	0	1125	375	0	0
429	暗黑·死亡骑士	2	48	8	28	6	28036,5	160	0	0			0	红色	icoBg6	6	0	190	190	[(28223,0)]	0	9207	0	0	0	5021	5021	("HeroNormalSkill",(275,2))	(232,2)	[(502,1), (507, 1), (409, 2)]	(275,2):(232,2):(502,2):(504,2):(409,2)			224500	10	117500	30	中等	1500	0	1500000	51000	0	500000	0	500000	0	20000000	0	0	0	0	0	0	0	黑暗王者，柱石之坚		0	0	0	0	0	0				1	360	2	0	0		0				2250	0	0	750	0	750	0	750	750	0	0	750	750	0	0
430	死亡·堕落天使	3	48	8	29	6	28036,5	160	0	0			0	红色	icoBg6	6	0	190	190	[(28223,0)]	0	9208	0	0	0	5022	5022	("HeroNormalSkill",(276,2))	[(230,2),(410,2)]	[(503,1), (505, 2)]	(276,2):(230,2):(410,2):(503,2):(505,2)			205800	10	179300	30	慢	2000	0	1500000	30600	0	500000	0	500000	0	5000000	0	0	0	0	0	0	0	恶魔天使，九死不悔		0	0	0	0	0	0				1	360	2	0	0		0				2250	0	0	750	0	750	0	400	400	0	0	400	400	0	0
431	战神·绝对守护者	1	48	8	30	6	28036,5	100	0	0			0	红色	icoBg6	6	0	190	190	[(28223,0)]	0	9209	0	0	0	5023	5023	("HeroNormalSkill",(278,2))	[(411,2),(233,2)]	[(501,1), (506, 2)]	(278,2):(411,2):(233,2):(501,2):(506,2)			134000	10	250000	30	慢	0	0	1500000	35000	0	500000	0	500000	0	5000000	0	0	0	20000000	0	0	0	绝对守护，坚如磐石		0	0	0	0	0	0				1	360	2	0	0		0				2250	0	0	750	0	750	0	375	1125	0	0	1125	375	0	0
