titleId	des	level	maxLevel	maxExp	maxhp	attackspeed	anger	attack_p	defense_p	attack_m	defense_m	crit	critpress	antibroken	notbroken	parry	puncture	damageupgrade	damagereduce	maxhp_2	attackspeed_2	anger_2	attack_p_2	defense_p_2	attack_m_2	defense_m_2	crit_2	critpress_2	antibroken_2	notbroken_2	parry_2	puncture_2	damageupgrade_2	damagereduce_2	incPercentPt_1	incPercentPv_1	incPercentPt_2	incPercentPv_2
称号ID	备注	称号等级	最大等级（客户端用）	称号当前等级最大经验	生命	攻击速度	怒气	物攻	物防	法攻	法防	暴击	免暴	破防	免破	格挡	破挡	增伤	免伤	生命	攻击速度	怒气	物攻	物防	法攻	法防	暴击	免暴	破防	免破	格挡	破挡	增伤	免伤	加成万分比类型1	加成万分比值1	加成万分比类型2	加成万分比值2
1	灭世主宰	1	1	0	0	0	0	0	0	0	0	0	0	0	0	0	0	0	0	0	0	0	0	0	0	0	0	0	0	0	0	0	0	0	0	0	0	0
5	不灭战神	1	1	0	0	0	0	0	0	0	0	0	0	0	0	0	0	0	0	0	0	0	0	0	0	0	0	0	0	0	0	0	0	0	0	0	0	0
6	不朽的屠龙者	1	1	0	0	0	0	0	0	0	0	0	0	0	0	0	0	0	0	0	0	0	0	0	0	0	0	0	0	0	0	0	0	0	0	0	0	0
7	无双龙骑士	1	1	0	0	0	0	0	0	0	0	0	0	0	0	0	0	0	0	0	0	0	0	0	0	0	0	0	0	0	0	0	0	0	0	0	0	0
9	天下无双冠军战队	1	1	0	2000	0	0	500	0	0	0	500	500	0	0	500	500	0	0	0	0	0	0	0	0	0	0	0	0	0	0	0	0	0	0	0	0	0
10	谁与争锋亚军战队	1	1	0	1500	0	0	375	0	0	0	375	375	0	0	375	375	0	0	0	0	0	0	0	0	0	0	0	0	0	0	0	0	0	0	0	0	0
11	叱诧风云季军战队	1	1	0	1000	0	0	250	0	0	0	250	250	0	0	250	250	0	0	0	0	0	0	0	0	0	0	0	0	0	0	0	0	0	0	0	0	0
12	一掷千金	1	1	0	180	0	0	60	60	60	60	0	0	0	0	0	0	0	0	0	0	0	0	0	0	0	0	0	0	0	0	0	0	0	0	0	0	0
13	土豪达人	1	1	0	150	0	0	50	50	50	50	0	0	0	0	0	0	0	0	0	0	0	0	0	0	0	0	0	0	0	0	0	0	0	0	0	0	0
14	腰缠万贯	1	1	0	210	0	0	70	70	70	70	0	0	0	0	0	0	0	0	0	0	0	0	0	0	0	0	0	0	0	0	0	0	0	0	0	0	0
15	挥金如土	1	1	0	240	0	0	80	80	80	80	0	0	0	0	0	0	0	0	0	0	0	0	0	0	0	0	0	0	0	0	0	0	0	0	0	0	0
16	富甲天下·真土豪	1	1	0	360	0	0	120	120	120	120	0	0	0	0	0	0	0	0	0	0	0	0	0	0	0	0	0	0	0	0	0	0	0	0	0	0	0
17	财源滚滚·土豪	1	1	0	300	0	0	100	100	100	100	0	0	0	0	0	0	0	0	0	0	0	0	0	0	0	0	0	0	0	0	0	0	0	0	0	0	0
18	富甲一方·豪	1	1	0	270	0	0	90	90	90	90	0	0	0	0	0	0	0	0	0	0	0	0	0	0	0	0	0	0	0	0	0	0	0	0	0	0	0
19	绿龙骑士	1	20	138	160	0	0	40	40	40	40	0	0	0	0	0	0	0	0	0	0	0	0	0	0	0	0	0	0	0	0	0	0	0	0	0	0	0
19	绿龙骑士	2	20	336	320	0	0	80	80	80	80	0	0	0	0	0	0	0	0	0	0	0	0	0	0	0	0	0	0	0	0	0	0	0	0	0	0	0
19	绿龙骑士	3	20	630	480	0	0	120	120	120	120	0	0	0	0	0	0	0	0	0	0	0	0	0	0	0	0	0	0	0	0	0	0	0	0	0	0	0
19	绿龙骑士	4	20	1050	640	0	0	160	160	160	160	0	0	0	0	0	0	0	0	0	0	0	0	0	0	0	0	0	0	0	0	0	0	0	0	0	0	0
19	绿龙骑士	5	20	1260	800	0	0	200	200	200	200	0	0	0	0	0	0	0	0	0	0	0	0	0	0	0	0	0	0	0	0	0	0	0	0	0	0	0
19	绿龙骑士	6	20	1470	1040	0	0	260	260	260	260	0	0	0	0	0	0	0	0	0	0	0	0	0	0	0	0	0	0	0	0	0	0	0	0	0	0	0
19	绿龙骑士	7	20	1680	1280	0	0	320	320	320	320	0	0	0	0	0	0	0	0	0	0	0	0	0	0	0	0	0	0	0	0	0	0	0	0	0	0	0
19	绿龙骑士	8	20	2100	1520	0	0	380	380	380	380	0	0	0	0	0	0	0	0	0	0	0	0	0	0	0	0	0	0	0	0	0	0	0	0	0	0	0
19	绿龙骑士	9	20	2310	1760	0	0	440	440	440	440	0	0	0	0	0	0	0	0	0	0	0	0	0	0	0	0	0	0	0	0	0	0	0	0	0	0	0
19	绿龙骑士	10	20	2940	2000	0	0	500	500	500	500	0	0	0	0	0	0	0	0	0	0	0	0	0	0	0	0	0	0	0	0	0	0	0	0	0	0	0
19	绿龙骑士	11	20	3150	2320	0	0	580	580	580	580	0	0	0	0	0	0	0	0	0	0	0	0	0	0	0	0	0	0	0	0	0	0	0	0	0	0	0
19	绿龙骑士	12	20	3360	2640	0	0	660	660	660	660	0	0	0	0	0	0	0	0	0	0	0	0	0	0	0	0	0	0	0	0	0	0	0	0	0	0	0
19	绿龙骑士	13	20	3990	2960	0	0	740	740	740	740	0	0	0	0	0	0	0	0	0	0	0	0	0	0	0	0	0	0	0	0	0	0	0	0	0	0	0
19	绿龙骑士	14	20	3780	3280	0	0	820	820	820	820	0	0	0	0	0	0	0	0	0	0	0	0	0	0	0	0	0	0	0	0	0	0	0	0	0	0	0
19	绿龙骑士	15	20	4200	3600	0	0	900	900	900	900	0	0	0	0	0	0	0	0	0	0	0	0	0	0	0	0	0	0	0	0	0	0	0	0	0	0	0
19	绿龙骑士	16	20	4410	4000	0	0	1000	1000	1000	1000	0	0	0	0	0	0	0	0	0	0	0	0	0	0	0	0	0	0	0	0	0	0	0	0	0	0	0
19	绿龙骑士	17	20	4620	4400	0	0	1100	1100	1100	1100	0	0	0	0	0	0	0	0	0	0	0	0	0	0	0	0	0	0	0	0	0	0	0	0	0	0	0
19	绿龙骑士	18	20	5040	4800	0	0	1200	1200	1200	1200	0	0	0	0	0	0	0	0	0	0	0	0	0	0	0	0	0	0	0	0	0	0	0	0	0	0	0
19	绿龙骑士	19	20	5460	5200	0	0	1300	1300	1300	1300	0	0	0	0	0	0	0	0	0	0	0	0	0	0	0	0	0	0	0	0	0	0	0	0	0	0	0
19	绿龙骑士	20	20	0	5600	0	0	1400	1400	1400	1400	0	0	0	0	0	0	0	0	0	0	0	0	0	0	0	0	0	0	0	0	0	0	0	0	0	0	0
20	冰龙骑士	1	20	138	180	0	0	45	45	45	45	0	0	0	0	0	0	0	0	0	0	0	0	0	0	0	0	0	0	0	0	0	0	0	0	0	0	0
20	冰龙骑士	2	20	336	340	0	0	85	85	85	85	0	0	0	0	0	0	0	0	0	0	0	0	0	0	0	0	0	0	0	0	0	0	0	0	0	0	0
20	冰龙骑士	3	20	630	500	0	0	125	125	125	125	0	0	0	0	0	0	0	0	0	0	0	0	0	0	0	0	0	0	0	0	0	0	0	0	0	0	0
20	冰龙骑士	4	20	1050	660	0	0	165	165	165	165	0	0	0	0	0	0	0	0	0	0	0	0	0	0	0	0	0	0	0	0	0	0	0	0	0	0	0
20	冰龙骑士	5	20	1260	820	0	0	205	205	205	205	0	0	0	0	0	0	0	0	0	0	0	0	0	0	0	0	0	0	0	0	0	0	0	0	0	0	0
20	冰龙骑士	6	20	1470	1060	0	0	265	265	265	265	0	0	0	0	0	0	0	0	0	0	0	0	0	0	0	0	0	0	0	0	0	0	0	0	0	0	0
20	冰龙骑士	7	20	1680	1300	0	0	325	325	325	325	0	0	0	0	0	0	0	0	0	0	0	0	0	0	0	0	0	0	0	0	0	0	0	0	0	0	0
20	冰龙骑士	8	20	2100	1540	0	0	385	385	385	385	0	0	0	0	0	0	0	0	0	0	0	0	0	0	0	0	0	0	0	0	0	0	0	0	0	0	0
20	冰龙骑士	9	20	2310	1780	0	0	445	445	445	445	0	0	0	0	0	0	0	0	0	0	0	0	0	0	0	0	0	0	0	0	0	0	0	0	0	0	0
20	冰龙骑士	10	20	2940	2020	0	0	505	505	505	505	0	0	0	0	0	0	0	0	0	0	0	0	0	0	0	0	0	0	0	0	0	0	0	0	0	0	0
20	冰龙骑士	11	20	3150	2340	0	0	585	585	585	585	0	0	0	0	0	0	0	0	0	0	0	0	0	0	0	0	0	0	0	0	0	0	0	0	0	0	0
20	冰龙骑士	12	20	3360	2660	0	0	665	665	665	665	0	0	0	0	0	0	0	0	0	0	0	0	0	0	0	0	0	0	0	0	0	0	0	0	0	0	0
20	冰龙骑士	13	20	3990	2980	0	0	745	745	745	745	0	0	0	0	0	0	0	0	0	0	0	0	0	0	0	0	0	0	0	0	0	0	0	0	0	0	0
20	冰龙骑士	14	20	3780	3300	0	0	825	825	825	825	0	0	0	0	0	0	0	0	0	0	0	0	0	0	0	0	0	0	0	0	0	0	0	0	0	0	0
20	冰龙骑士	15	20	4200	3620	0	0	905	905	905	905	0	0	0	0	0	0	0	0	0	0	0	0	0	0	0	0	0	0	0	0	0	0	0	0	0	0	0
20	冰龙骑士	16	20	4410	4020	0	0	1005	1005	1005	1005	0	0	0	0	0	0	0	0	0	0	0	0	0	0	0	0	0	0	0	0	0	0	0	0	0	0	0
20	冰龙骑士	17	20	4620	4420	0	0	1105	1105	1105	1105	0	0	0	0	0	0	0	0	0	0	0	0	0	0	0	0	0	0	0	0	0	0	0	0	0	0	0
20	冰龙骑士	18	20	5040	4820	0	0	1205	1205	1205	1205	0	0	0	0	0	0	0	0	0	0	0	0	0	0	0	0	0	0	0	0	0	0	0	0	0	0	0
20	冰龙骑士	19	20	5460	5220	0	0	1305	1305	1305	1305	0	0	0	0	0	0	0	0	0	0	0	0	0	0	0	0	0	0	0	0	0	0	0	0	0	0	0
20	冰龙骑士	20	20	0	5620	0	0	1405	1405	1405	1405	0	0	0	0	0	0	0	0	0	0	0	0	0	0	0	0	0	0	0	0	0	0	0	0	0	0	0
21	蓝龙骑士	1	20	138	200	0	0	50	50	50	50	0	0	0	0	0	0	0	0	0	0	0	0	0	0	0	0	0	0	0	0	0	0	0	0	0	0	0
21	蓝龙骑士	2	20	336	360	0	0	90	90	90	90	0	0	0	0	0	0	0	0	0	0	0	0	0	0	0	0	0	0	0	0	0	0	0	0	0	0	0
21	蓝龙骑士	3	20	630	520	0	0	130	130	130	130	0	0	0	0	0	0	0	0	0	0	0	0	0	0	0	0	0	0	0	0	0	0	0	0	0	0	0
21	蓝龙骑士	4	20	1050	680	0	0	170	170	170	170	0	0	0	0	0	0	0	0	0	0	0	0	0	0	0	0	0	0	0	0	0	0	0	0	0	0	0
21	蓝龙骑士	5	20	1260	840	0	0	210	210	210	210	0	0	0	0	0	0	0	0	0	0	0	0	0	0	0	0	0	0	0	0	0	0	0	0	0	0	0
21	蓝龙骑士	6	20	1470	1080	0	0	270	270	270	270	0	0	0	0	0	0	0	0	0	0	0	0	0	0	0	0	0	0	0	0	0	0	0	0	0	0	0
21	蓝龙骑士	7	20	1680	1320	0	0	330	330	330	330	0	0	0	0	0	0	0	0	0	0	0	0	0	0	0	0	0	0	0	0	0	0	0	0	0	0	0
21	蓝龙骑士	8	20	2100	1560	0	0	390	390	390	390	0	0	0	0	0	0	0	0	0	0	0	0	0	0	0	0	0	0	0	0	0	0	0	0	0	0	0
21	蓝龙骑士	9	20	2310	1800	0	0	450	450	450	450	0	0	0	0	0	0	0	0	0	0	0	0	0	0	0	0	0	0	0	0	0	0	0	0	0	0	0
21	蓝龙骑士	10	20	2940	2040	0	0	510	510	510	510	0	0	0	0	0	0	0	0	0	0	0	0	0	0	0	0	0	0	0	0	0	0	0	0	0	0	0
21	蓝龙骑士	11	20	3150	2360	0	0	590	590	590	590	0	0	0	0	0	0	0	0	0	0	0	0	0	0	0	0	0	0	0	0	0	0	0	0	0	0	0
21	蓝龙骑士	12	20	3360	2680	0	0	670	670	670	670	0	0	0	0	0	0	0	0	0	0	0	0	0	0	0	0	0	0	0	0	0	0	0	0	0	0	0
21	蓝龙骑士	13	20	3990	3000	0	0	750	750	750	750	0	0	0	0	0	0	0	0	0	0	0	0	0	0	0	0	0	0	0	0	0	0	0	0	0	0	0
21	蓝龙骑士	14	20	3780	3320	0	0	830	830	830	830	0	0	0	0	0	0	0	0	0	0	0	0	0	0	0	0	0	0	0	0	0	0	0	0	0	0	0
21	蓝龙骑士	15	20	4200	3640	0	0	910	910	910	910	0	0	0	0	0	0	0	0	0	0	0	0	0	0	0	0	0	0	0	0	0	0	0	0	0	0	0
21	蓝龙骑士	16	20	4410	4040	0	0	1010	1010	1010	1010	0	0	0	0	0	0	0	0	0	0	0	0	0	0	0	0	0	0	0	0	0	0	0	0	0	0	0
21	蓝龙骑士	17	20	4620	4440	0	0	1110	1110	1110	1110	0	0	0	0	0	0	0	0	0	0	0	0	0	0	0	0	0	0	0	0	0	0	0	0	0	0	0
21	蓝龙骑士	18	20	5040	4840	0	0	1210	1210	1210	1210	0	0	0	0	0	0	0	0	0	0	0	0	0	0	0	0	0	0	0	0	0	0	0	0	0	0	0
21	蓝龙骑士	19	20	5460	5240	0	0	1310	1310	1310	1310	0	0	0	0	0	0	0	0	0	0	0	0	0	0	0	0	0	0	0	0	0	0	0	0	0	0	0
21	蓝龙骑士	20	20	0	5640	0	0	1410	1410	1410	1410	0	0	0	0	0	0	0	0	0	0	0	0	0	0	0	0	0	0	0	0	0	0	0	0	0	0	0
22	黑龙骑士	1	20	138	220	0	0	55	55	55	55	0	0	0	0	0	0	0	0	0	0	0	0	0	0	0	0	0	0	0	0	0	0	0	0	0	0	0
22	黑龙骑士	2	20	336	380	0	0	95	95	95	95	0	0	0	0	0	0	0	0	0	0	0	0	0	0	0	0	0	0	0	0	0	0	0	0	0	0	0
22	黑龙骑士	3	20	630	540	0	0	135	135	135	135	0	0	0	0	0	0	0	0	0	0	0	0	0	0	0	0	0	0	0	0	0	0	0	0	0	0	0
22	黑龙骑士	4	20	1050	700	0	0	175	175	175	175	0	0	0	0	0	0	0	0	0	0	0	0	0	0	0	0	0	0	0	0	0	0	0	0	0	0	0
22	黑龙骑士	5	20	1260	860	0	0	215	215	215	215	0	0	0	0	0	0	0	0	0	0	0	0	0	0	0	0	0	0	0	0	0	0	0	0	0	0	0
22	黑龙骑士	6	20	1470	1100	0	0	275	275	275	275	0	0	0	0	0	0	0	0	0	0	0	0	0	0	0	0	0	0	0	0	0	0	0	0	0	0	0
22	黑龙骑士	7	20	1680	1340	0	0	335	335	335	335	0	0	0	0	0	0	0	0	0	0	0	0	0	0	0	0	0	0	0	0	0	0	0	0	0	0	0
22	黑龙骑士	8	20	2100	1580	0	0	395	395	395	395	0	0	0	0	0	0	0	0	0	0	0	0	0	0	0	0	0	0	0	0	0	0	0	0	0	0	0
22	黑龙骑士	9	20	2310	1820	0	0	455	455	455	455	0	0	0	0	0	0	0	0	0	0	0	0	0	0	0	0	0	0	0	0	0	0	0	0	0	0	0
22	黑龙骑士	10	20	2940	2060	0	0	515	515	515	515	0	0	0	0	0	0	0	0	0	0	0	0	0	0	0	0	0	0	0	0	0	0	0	0	0	0	0
22	黑龙骑士	11	20	3150	2380	0	0	595	595	595	595	0	0	0	0	0	0	0	0	0	0	0	0	0	0	0	0	0	0	0	0	0	0	0	0	0	0	0
22	黑龙骑士	12	20	3360	2700	0	0	675	675	675	675	0	0	0	0	0	0	0	0	0	0	0	0	0	0	0	0	0	0	0	0	0	0	0	0	0	0	0
22	黑龙骑士	13	20	3990	3020	0	0	755	755	755	755	0	0	0	0	0	0	0	0	0	0	0	0	0	0	0	0	0	0	0	0	0	0	0	0	0	0	0
22	黑龙骑士	14	20	3780	3340	0	0	835	835	835	835	0	0	0	0	0	0	0	0	0	0	0	0	0	0	0	0	0	0	0	0	0	0	0	0	0	0	0
22	黑龙骑士	15	20	4200	3660	0	0	915	915	915	915	0	0	0	0	0	0	0	0	0	0	0	0	0	0	0	0	0	0	0	0	0	0	0	0	0	0	0
22	黑龙骑士	16	20	4410	4060	0	0	1015	1015	1015	1015	0	0	0	0	0	0	0	0	0	0	0	0	0	0	0	0	0	0	0	0	0	0	0	0	0	0	0
22	黑龙骑士	17	20	4620	4460	0	0	1115	1115	1115	1115	0	0	0	0	0	0	0	0	0	0	0	0	0	0	0	0	0	0	0	0	0	0	0	0	0	0	0
22	黑龙骑士	18	20	5040	4860	0	0	1215	1215	1215	1215	0	0	0	0	0	0	0	0	0	0	0	0	0	0	0	0	0	0	0	0	0	0	0	0	0	0	0
22	黑龙骑士	19	20	5460	5260	0	0	1315	1315	1315	1315	0	0	0	0	0	0	0	0	0	0	0	0	0	0	0	0	0	0	0	0	0	0	0	0	0	0	0
22	黑龙骑士	20	20	0	5660	0	0	1415	1415	1415	1415	0	0	0	0	0	0	0	0	0	0	0	0	0	0	0	0	0	0	0	0	0	0	0	0	0	0	0
23	红龙骑士	1	20	138	240	0	0	60	60	60	60	0	0	0	0	0	0	0	0	0	0	0	0	0	0	0	0	0	0	0	0	0	0	0	0	0	0	0
23	红龙骑士	2	20	336	400	0	0	100	100	100	100	0	0	0	0	0	0	0	0	0	0	0	0	0	0	0	0	0	0	0	0	0	0	0	0	0	0	0
23	红龙骑士	3	20	630	560	0	0	140	140	140	140	0	0	0	0	0	0	0	0	0	0	0	0	0	0	0	0	0	0	0	0	0	0	0	0	0	0	0
23	红龙骑士	4	20	1050	720	0	0	180	180	180	180	0	0	0	0	0	0	0	0	0	0	0	0	0	0	0	0	0	0	0	0	0	0	0	0	0	0	0
23	红龙骑士	5	20	1260	880	0	0	220	220	220	220	0	0	0	0	0	0	0	0	0	0	0	0	0	0	0	0	0	0	0	0	0	0	0	0	0	0	0
23	红龙骑士	6	20	1470	1120	0	0	280	280	280	280	0	0	0	0	0	0	0	0	0	0	0	0	0	0	0	0	0	0	0	0	0	0	0	0	0	0	0
23	红龙骑士	7	20	1680	1360	0	0	340	340	340	340	0	0	0	0	0	0	0	0	0	0	0	0	0	0	0	0	0	0	0	0	0	0	0	0	0	0	0
23	红龙骑士	8	20	2100	1600	0	0	400	400	400	400	0	0	0	0	0	0	0	0	0	0	0	0	0	0	0	0	0	0	0	0	0	0	0	0	0	0	0
23	红龙骑士	9	20	2310	1840	0	0	460	460	460	460	0	0	0	0	0	0	0	0	0	0	0	0	0	0	0	0	0	0	0	0	0	0	0	0	0	0	0
23	红龙骑士	10	20	2940	2080	0	0	520	520	520	520	0	0	0	0	0	0	0	0	0	0	0	0	0	0	0	0	0	0	0	0	0	0	0	0	0	0	0
23	红龙骑士	11	20	3150	2400	0	0	600	600	600	600	0	0	0	0	0	0	0	0	0	0	0	0	0	0	0	0	0	0	0	0	0	0	0	0	0	0	0
23	红龙骑士	12	20	3360	2720	0	0	680	680	680	680	0	0	0	0	0	0	0	0	0	0	0	0	0	0	0	0	0	0	0	0	0	0	0	0	0	0	0
23	红龙骑士	13	20	3990	3040	0	0	760	760	760	760	0	0	0	0	0	0	0	0	0	0	0	0	0	0	0	0	0	0	0	0	0	0	0	0	0	0	0
23	红龙骑士	14	20	3780	3360	0	0	840	840	840	840	0	0	0	0	0	0	0	0	0	0	0	0	0	0	0	0	0	0	0	0	0	0	0	0	0	0	0
23	红龙骑士	15	20	4200	3680	0	0	920	920	920	920	0	0	0	0	0	0	0	0	0	0	0	0	0	0	0	0	0	0	0	0	0	0	0	0	0	0	0
23	红龙骑士	16	20	4410	4080	0	0	1020	1020	1020	1020	0	0	0	0	0	0	0	0	0	0	0	0	0	0	0	0	0	0	0	0	0	0	0	0	0	0	0
23	红龙骑士	17	20	4620	4480	0	0	1120	1120	1120	1120	0	0	0	0	0	0	0	0	0	0	0	0	0	0	0	0	0	0	0	0	0	0	0	0	0	0	0
23	红龙骑士	18	20	5040	4880	0	0	1220	1220	1220	1220	0	0	0	0	0	0	0	0	0	0	0	0	0	0	0	0	0	0	0	0	0	0	0	0	0	0	0
23	红龙骑士	19	20	5460	5280	0	0	1320	1320	1320	1320	0	0	0	0	0	0	0	0	0	0	0	0	0	0	0	0	0	0	0	0	0	0	0	0	0	0	0
23	红龙骑士	20	20	0	5680	0	0	1420	1420	1420	1420	0	0	0	0	0	0	0	0	0	0	0	0	0	0	0	0	0	0	0	0	0	0	0	0	0	0	0
24	金龙骑士	1	20	138	260	0	0	65	65	65	65	0	0	0	0	0	0	0	0	0	0	0	0	0	0	0	0	0	0	0	0	0	0	0	0	0	0	0
24	金龙骑士	2	20	336	420	0	0	105	105	105	105	0	0	0	0	0	0	0	0	0	0	0	0	0	0	0	0	0	0	0	0	0	0	0	0	0	0	0
24	金龙骑士	3	20	630	580	0	0	145	145	145	145	0	0	0	0	0	0	0	0	0	0	0	0	0	0	0	0	0	0	0	0	0	0	0	0	0	0	0
24	金龙骑士	4	20	1050	740	0	0	185	185	185	185	0	0	0	0	0	0	0	0	0	0	0	0	0	0	0	0	0	0	0	0	0	0	0	0	0	0	0
24	金龙骑士	5	20	1260	900	0	0	225	225	225	225	0	0	0	0	0	0	0	0	0	0	0	0	0	0	0	0	0	0	0	0	0	0	0	0	0	0	0
24	金龙骑士	6	20	1470	1140	0	0	285	285	285	285	0	0	0	0	0	0	0	0	0	0	0	0	0	0	0	0	0	0	0	0	0	0	0	0	0	0	0
24	金龙骑士	7	20	1680	1380	0	0	345	345	345	345	0	0	0	0	0	0	0	0	0	0	0	0	0	0	0	0	0	0	0	0	0	0	0	0	0	0	0
24	金龙骑士	8	20	2100	1620	0	0	405	405	405	405	0	0	0	0	0	0	0	0	0	0	0	0	0	0	0	0	0	0	0	0	0	0	0	0	0	0	0
24	金龙骑士	9	20	2310	1860	0	0	465	465	465	465	0	0	0	0	0	0	0	0	0	0	0	0	0	0	0	0	0	0	0	0	0	0	0	0	0	0	0
24	金龙骑士	10	20	2940	2100	0	0	525	525	525	525	0	0	0	0	0	0	0	0	0	0	0	0	0	0	0	0	0	0	0	0	0	0	0	0	0	0	0
24	金龙骑士	11	20	3150	2420	0	0	605	605	605	605	0	0	0	0	0	0	0	0	0	0	0	0	0	0	0	0	0	0	0	0	0	0	0	0	0	0	0
24	金龙骑士	12	20	3360	2740	0	0	685	685	685	685	0	0	0	0	0	0	0	0	0	0	0	0	0	0	0	0	0	0	0	0	0	0	0	0	0	0	0
24	金龙骑士	13	20	3990	3060	0	0	765	765	765	765	0	0	0	0	0	0	0	0	0	0	0	0	0	0	0	0	0	0	0	0	0	0	0	0	0	0	0
24	金龙骑士	14	20	3780	3380	0	0	845	845	845	845	0	0	0	0	0	0	0	0	0	0	0	0	0	0	0	0	0	0	0	0	0	0	0	0	0	0	0
24	金龙骑士	15	20	4200	3700	0	0	925	925	925	925	0	0	0	0	0	0	0	0	0	0	0	0	0	0	0	0	0	0	0	0	0	0	0	0	0	0	0
24	金龙骑士	16	20	4410	4100	0	0	1025	1025	1025	1025	0	0	0	0	0	0	0	0	0	0	0	0	0	0	0	0	0	0	0	0	0	0	0	0	0	0	0
24	金龙骑士	17	20	4620	4500	0	0	1125	1125	1125	1125	0	0	0	0	0	0	0	0	0	0	0	0	0	0	0	0	0	0	0	0	0	0	0	0	0	0	0
24	金龙骑士	18	20	5040	4900	0	0	1225	1225	1225	1225	0	0	0	0	0	0	0	0	0	0	0	0	0	0	0	0	0	0	0	0	0	0	0	0	0	0	0
24	金龙骑士	19	20	5460	5300	0	0	1325	1325	1325	1325	0	0	0	0	0	0	0	0	0	0	0	0	0	0	0	0	0	0	0	0	0	0	0	0	0	0	0
24	金龙骑士	20	20	0	5700	0	0	1425	1425	1425	1425	0	0	0	0	0	0	0	0	0	0	0	0	0	0	0	0	0	0	0	0	0	0	0	0	0	0	0
25	白金龙骑士	1	20	138	280	0	0	70	70	70	70	0	0	0	0	0	0	0	0	0	0	0	0	0	0	0	0	0	0	0	0	0	0	0	0	0	0	0
25	白金龙骑士	2	20	336	440	0	0	110	110	110	110	0	0	0	0	0	0	0	0	0	0	0	0	0	0	0	0	0	0	0	0	0	0	0	0	0	0	0
25	白金龙骑士	3	20	630	600	0	0	150	150	150	150	0	0	0	0	0	0	0	0	0	0	0	0	0	0	0	0	0	0	0	0	0	0	0	0	0	0	0
25	白金龙骑士	4	20	1050	760	0	0	190	190	190	190	0	0	0	0	0	0	0	0	0	0	0	0	0	0	0	0	0	0	0	0	0	0	0	0	0	0	0
25	白金龙骑士	5	20	1260	920	0	0	230	230	230	230	0	0	0	0	0	0	0	0	0	0	0	0	0	0	0	0	0	0	0	0	0	0	0	0	0	0	0
25	白金龙骑士	6	20	1470	1160	0	0	290	290	290	290	0	0	0	0	0	0	0	0	0	0	0	0	0	0	0	0	0	0	0	0	0	0	0	0	0	0	0
25	白金龙骑士	7	20	1680	1400	0	0	350	350	350	350	0	0	0	0	0	0	0	0	0	0	0	0	0	0	0	0	0	0	0	0	0	0	0	0	0	0	0
25	白金龙骑士	8	20	2100	1640	0	0	410	410	410	410	0	0	0	0	0	0	0	0	0	0	0	0	0	0	0	0	0	0	0	0	0	0	0	0	0	0	0
25	白金龙骑士	9	20	2310	1880	0	0	470	470	470	470	0	0	0	0	0	0	0	0	0	0	0	0	0	0	0	0	0	0	0	0	0	0	0	0	0	0	0
25	白金龙骑士	10	20	2940	2120	0	0	530	530	530	530	0	0	0	0	0	0	0	0	0	0	0	0	0	0	0	0	0	0	0	0	0	0	0	0	0	0	0
25	白金龙骑士	11	20	3150	2440	0	0	610	610	610	610	0	0	0	0	0	0	0	0	0	0	0	0	0	0	0	0	0	0	0	0	0	0	0	0	0	0	0
25	白金龙骑士	12	20	3360	2760	0	0	690	690	690	690	0	0	0	0	0	0	0	0	0	0	0	0	0	0	0	0	0	0	0	0	0	0	0	0	0	0	0
25	白金龙骑士	13	20	3990	3080	0	0	770	770	770	770	0	0	0	0	0	0	0	0	0	0	0	0	0	0	0	0	0	0	0	0	0	0	0	0	0	0	0
25	白金龙骑士	14	20	3780	3400	0	0	850	850	850	850	0	0	0	0	0	0	0	0	0	0	0	0	0	0	0	0	0	0	0	0	0	0	0	0	0	0	0
25	白金龙骑士	15	20	4200	3720	0	0	930	930	930	930	0	0	0	0	0	0	0	0	0	0	0	0	0	0	0	0	0	0	0	0	0	0	0	0	0	0	0
25	白金龙骑士	16	20	4410	4120	0	0	1030	1030	1030	1030	0	0	0	0	0	0	0	0	0	0	0	0	0	0	0	0	0	0	0	0	0	0	0	0	0	0	0
25	白金龙骑士	17	20	4620	4520	0	0	1130	1130	1130	1130	0	0	0	0	0	0	0	0	0	0	0	0	0	0	0	0	0	0	0	0	0	0	0	0	0	0	0
25	白金龙骑士	18	20	5040	4920	0	0	1230	1230	1230	1230	0	0	0	0	0	0	0	0	0	0	0	0	0	0	0	0	0	0	0	0	0	0	0	0	0	0	0
25	白金龙骑士	19	20	5460	5320	0	0	1330	1330	1330	1330	0	0	0	0	0	0	0	0	0	0	0	0	0	0	0	0	0	0	0	0	0	0	0	0	0	0	0
25	白金龙骑士	20	20	0	5720	0	0	1430	1430	1430	1430	0	0	0	0	0	0	0	0	0	0	0	0	0	0	0	0	0	0	0	0	0	0	0	0	0	0	0
26	双足飞龙骑士	1	20	138	300	0	0	75	75	75	75	0	0	0	0	0	0	0	0	0	0	0	0	0	0	0	0	0	0	0	0	0	0	0	0	0	0	0
26	双足飞龙骑士	2	20	336	460	0	0	115	115	115	115	0	0	0	0	0	0	0	0	0	0	0	0	0	0	0	0	0	0	0	0	0	0	0	0	0	0	0
26	双足飞龙骑士	3	20	630	620	0	0	155	155	155	155	0	0	0	0	0	0	0	0	0	0	0	0	0	0	0	0	0	0	0	0	0	0	0	0	0	0	0
26	双足飞龙骑士	4	20	1050	780	0	0	195	195	195	195	0	0	0	0	0	0	0	0	0	0	0	0	0	0	0	0	0	0	0	0	0	0	0	0	0	0	0
26	双足飞龙骑士	5	20	1260	940	0	0	235	235	235	235	0	0	0	0	0	0	0	0	0	0	0	0	0	0	0	0	0	0	0	0	0	0	0	0	0	0	0
26	双足飞龙骑士	6	20	1470	1180	0	0	295	295	295	295	0	0	0	0	0	0	0	0	0	0	0	0	0	0	0	0	0	0	0	0	0	0	0	0	0	0	0
26	双足飞龙骑士	7	20	1680	1420	0	0	355	355	355	355	0	0	0	0	0	0	0	0	0	0	0	0	0	0	0	0	0	0	0	0	0	0	0	0	0	0	0
26	双足飞龙骑士	8	20	2100	1660	0	0	415	415	415	415	0	0	0	0	0	0	0	0	0	0	0	0	0	0	0	0	0	0	0	0	0	0	0	0	0	0	0
26	双足飞龙骑士	9	20	2310	1900	0	0	475	475	475	475	0	0	0	0	0	0	0	0	0	0	0	0	0	0	0	0	0	0	0	0	0	0	0	0	0	0	0
26	双足飞龙骑士	10	20	2940	2140	0	0	535	535	535	535	0	0	0	0	0	0	0	0	0	0	0	0	0	0	0	0	0	0	0	0	0	0	0	0	0	0	0
26	双足飞龙骑士	11	20	3150	2460	0	0	615	615	615	615	0	0	0	0	0	0	0	0	0	0	0	0	0	0	0	0	0	0	0	0	0	0	0	0	0	0	0
26	双足飞龙骑士	12	20	3360	2780	0	0	695	695	695	695	0	0	0	0	0	0	0	0	0	0	0	0	0	0	0	0	0	0	0	0	0	0	0	0	0	0	0
26	双足飞龙骑士	13	20	3990	3100	0	0	775	775	775	775	0	0	0	0	0	0	0	0	0	0	0	0	0	0	0	0	0	0	0	0	0	0	0	0	0	0	0
26	双足飞龙骑士	14	20	3780	3420	0	0	855	855	855	855	0	0	0	0	0	0	0	0	0	0	0	0	0	0	0	0	0	0	0	0	0	0	0	0	0	0	0
26	双足飞龙骑士	15	20	4200	3740	0	0	935	935	935	935	0	0	0	0	0	0	0	0	0	0	0	0	0	0	0	0	0	0	0	0	0	0	0	0	0	0	0
26	双足飞龙骑士	16	20	4410	4140	0	0	1035	1035	1035	1035	0	0	0	0	0	0	0	0	0	0	0	0	0	0	0	0	0	0	0	0	0	0	0	0	0	0	0
26	双足飞龙骑士	17	20	4620	4540	0	0	1135	1135	1135	1135	0	0	0	0	0	0	0	0	0	0	0	0	0	0	0	0	0	0	0	0	0	0	0	0	0	0	0
26	双足飞龙骑士	18	20	5040	4940	0	0	1235	1235	1235	1235	0	0	0	0	0	0	0	0	0	0	0	0	0	0	0	0	0	0	0	0	0	0	0	0	0	0	0
26	双足飞龙骑士	19	20	5460	5340	0	0	1335	1335	1335	1335	0	0	0	0	0	0	0	0	0	0	0	0	0	0	0	0	0	0	0	0	0	0	0	0	0	0	0
26	双足飞龙骑士	20	20	0	5740	0	0	1435	1435	1435	1435	0	0	0	0	0	0	0	0	0	0	0	0	0	0	0	0	0	0	0	0	0	0	0	0	0	0	0
27	彩虹龙骑士	1	20	138	320	0	0	80	80	80	80	0	0	0	0	0	0	0	0	0	0	0	0	0	0	0	0	0	0	0	0	0	0	0	0	0	0	0
27	彩虹龙骑士	2	20	336	480	0	0	120	120	120	120	0	0	0	0	0	0	0	0	0	0	0	0	0	0	0	0	0	0	0	0	0	0	0	0	0	0	0
27	彩虹龙骑士	3	20	630	640	0	0	160	160	160	160	0	0	0	0	0	0	0	0	0	0	0	0	0	0	0	0	0	0	0	0	0	0	0	0	0	0	0
27	彩虹龙骑士	4	20	1050	800	0	0	200	200	200	200	0	0	0	0	0	0	0	0	0	0	0	0	0	0	0	0	0	0	0	0	0	0	0	0	0	0	0
27	彩虹龙骑士	5	20	1260	960	0	0	240	240	240	240	0	0	0	0	0	0	0	0	0	0	0	0	0	0	0	0	0	0	0	0	0	0	0	0	0	0	0
27	彩虹龙骑士	6	20	1470	1200	0	0	300	300	300	300	0	0	0	0	0	0	0	0	0	0	0	0	0	0	0	0	0	0	0	0	0	0	0	0	0	0	0
27	彩虹龙骑士	7	20	1680	1440	0	0	360	360	360	360	0	0	0	0	0	0	0	0	0	0	0	0	0	0	0	0	0	0	0	0	0	0	0	0	0	0	0
27	彩虹龙骑士	8	20	2100	1680	0	0	420	420	420	420	0	0	0	0	0	0	0	0	0	0	0	0	0	0	0	0	0	0	0	0	0	0	0	0	0	0	0
27	彩虹龙骑士	9	20	2310	1920	0	0	480	480	480	480	0	0	0	0	0	0	0	0	0	0	0	0	0	0	0	0	0	0	0	0	0	0	0	0	0	0	0
27	彩虹龙骑士	10	20	2940	2160	0	0	540	540	540	540	0	0	0	0	0	0	0	0	0	0	0	0	0	0	0	0	0	0	0	0	0	0	0	0	0	0	0
27	彩虹龙骑士	11	20	3150	2480	0	0	620	620	620	620	0	0	0	0	0	0	0	0	0	0	0	0	0	0	0	0	0	0	0	0	0	0	0	0	0	0	0
27	彩虹龙骑士	12	20	3360	2800	0	0	700	700	700	700	0	0	0	0	0	0	0	0	0	0	0	0	0	0	0	0	0	0	0	0	0	0	0	0	0	0	0
27	彩虹龙骑士	13	20	3990	3120	0	0	780	780	780	780	0	0	0	0	0	0	0	0	0	0	0	0	0	0	0	0	0	0	0	0	0	0	0	0	0	0	0
27	彩虹龙骑士	14	20	3780	3440	0	0	860	860	860	860	0	0	0	0	0	0	0	0	0	0	0	0	0	0	0	0	0	0	0	0	0	0	0	0	0	0	0
27	彩虹龙骑士	15	20	4200	3760	0	0	940	940	940	940	0	0	0	0	0	0	0	0	0	0	0	0	0	0	0	0	0	0	0	0	0	0	0	0	0	0	0
27	彩虹龙骑士	16	20	4410	4160	0	0	1040	1040	1040	1040	0	0	0	0	0	0	0	0	0	0	0	0	0	0	0	0	0	0	0	0	0	0	0	0	0	0	0
27	彩虹龙骑士	17	20	4620	4560	0	0	1140	1140	1140	1140	0	0	0	0	0	0	0	0	0	0	0	0	0	0	0	0	0	0	0	0	0	0	0	0	0	0	0
27	彩虹龙骑士	18	20	5040	4960	0	0	1240	1240	1240	1240	0	0	0	0	0	0	0	0	0	0	0	0	0	0	0	0	0	0	0	0	0	0	0	0	0	0	0
27	彩虹龙骑士	19	20	5460	5360	0	0	1340	1340	1340	1340	0	0	0	0	0	0	0	0	0	0	0	0	0	0	0	0	0	0	0	0	0	0	0	0	0	0	0
27	彩虹龙骑士	20	20	0	5760	0	0	1440	1440	1440	1440	0	0	0	0	0	0	0	0	0	0	0	0	0	0	0	0	0	0	0	0	0	0	0	0	0	0	0
28	骨龙骑士	1	20	138	340	0	0	85	85	85	85	0	0	0	0	0	0	0	0	0	0	0	0	0	0	0	0	0	0	0	0	0	0	0	0	0	0	0
28	骨龙骑士	2	20	336	500	0	0	125	125	125	125	0	0	0	0	0	0	0	0	0	0	0	0	0	0	0	0	0	0	0	0	0	0	0	0	0	0	0
28	骨龙骑士	3	20	630	660	0	0	165	165	165	165	0	0	0	0	0	0	0	0	0	0	0	0	0	0	0	0	0	0	0	0	0	0	0	0	0	0	0
28	骨龙骑士	4	20	1050	820	0	0	205	205	205	205	0	0	0	0	0	0	0	0	0	0	0	0	0	0	0	0	0	0	0	0	0	0	0	0	0	0	0
28	骨龙骑士	5	20	1260	980	0	0	245	245	245	245	0	0	0	0	0	0	0	0	0	0	0	0	0	0	0	0	0	0	0	0	0	0	0	0	0	0	0
28	骨龙骑士	6	20	1470	1220	0	0	305	305	305	305	0	0	0	0	0	0	0	0	0	0	0	0	0	0	0	0	0	0	0	0	0	0	0	0	0	0	0
28	骨龙骑士	7	20	1680	1460	0	0	365	365	365	365	0	0	0	0	0	0	0	0	0	0	0	0	0	0	0	0	0	0	0	0	0	0	0	0	0	0	0
28	骨龙骑士	8	20	2100	1700	0	0	425	425	425	425	0	0	0	0	0	0	0	0	0	0	0	0	0	0	0	0	0	0	0	0	0	0	0	0	0	0	0
28	骨龙骑士	9	20	2310	1940	0	0	485	485	485	485	0	0	0	0	0	0	0	0	0	0	0	0	0	0	0	0	0	0	0	0	0	0	0	0	0	0	0
28	骨龙骑士	10	20	2940	2180	0	0	545	545	545	545	0	0	0	0	0	0	0	0	0	0	0	0	0	0	0	0	0	0	0	0	0	0	0	0	0	0	0
28	骨龙骑士	11	20	3150	2500	0	0	625	625	625	625	0	0	0	0	0	0	0	0	0	0	0	0	0	0	0	0	0	0	0	0	0	0	0	0	0	0	0
28	骨龙骑士	12	20	3360	2820	0	0	705	705	705	705	0	0	0	0	0	0	0	0	0	0	0	0	0	0	0	0	0	0	0	0	0	0	0	0	0	0	0
28	骨龙骑士	13	20	3990	3140	0	0	785	785	785	785	0	0	0	0	0	0	0	0	0	0	0	0	0	0	0	0	0	0	0	0	0	0	0	0	0	0	0
28	骨龙骑士	14	20	3780	3460	0	0	865	865	865	865	0	0	0	0	0	0	0	0	0	0	0	0	0	0	0	0	0	0	0	0	0	0	0	0	0	0	0
28	骨龙骑士	15	20	4200	3780	0	0	945	945	945	945	0	0	0	0	0	0	0	0	0	0	0	0	0	0	0	0	0	0	0	0	0	0	0	0	0	0	0
28	骨龙骑士	16	20	4410	4180	0	0	1045	1045	1045	1045	0	0	0	0	0	0	0	0	0	0	0	0	0	0	0	0	0	0	0	0	0	0	0	0	0	0	0
28	骨龙骑士	17	20	4620	4580	0	0	1145	1145	1145	1145	0	0	0	0	0	0	0	0	0	0	0	0	0	0	0	0	0	0	0	0	0	0	0	0	0	0	0
28	骨龙骑士	18	20	5040	4980	0	0	1245	1245	1245	1245	0	0	0	0	0	0	0	0	0	0	0	0	0	0	0	0	0	0	0	0	0	0	0	0	0	0	0
28	骨龙骑士	19	20	5460	5380	0	0	1345	1345	1345	1345	0	0	0	0	0	0	0	0	0	0	0	0	0	0	0	0	0	0	0	0	0	0	0	0	0	0	0
28	骨龙骑士	20	20	0	5780	0	0	1445	1445	1445	1445	0	0	0	0	0	0	0	0	0	0	0	0	0	0	0	0	0	0	0	0	0	0	0	0	0	0	0
29	超级绿石贵族	1	20	300	400	0	0	100	0	100	0	50	50	0	0	50	50	0	0	0	0	0	0	0	0	0	0	0	0	0	0	0	0	0	0	0	0	0
29	超级绿石贵族	2	20	600	640	0	0	160	0	160	0	80	80	0	0	80	80	0	0	0	0	0	0	0	0	0	0	0	0	0	0	0	0	0	0	0	0	0
29	超级绿石贵族	3	20	900	880	0	0	220	0	220	0	110	110	0	0	110	110	0	0	0	0	0	0	0	0	0	0	0	0	0	0	0	0	0	0	0	0	0
29	超级绿石贵族	4	20	1350	1120	0	0	280	0	280	0	140	140	0	0	140	140	0	0	0	0	0	0	0	0	0	0	0	0	0	0	0	0	0	0	0	0	0
29	超级绿石贵族	5	20	1950	1360	0	0	340	0	340	0	170	170	0	0	170	170	0	0	0	0	0	0	0	0	0	0	0	0	0	0	0	0	0	0	0	0	0
29	超级绿石贵族	6	20	2250	1680	0	0	420	0	420	0	210	210	0	0	210	210	0	0	0	0	0	0	0	0	0	0	0	0	0	0	0	0	0	0	0	0	0
29	超级绿石贵族	7	20	2550	2000	0	0	500	0	500	0	250	250	0	0	250	250	0	0	0	0	0	0	0	0	0	0	0	0	0	0	0	0	0	0	0	0	0
29	超级绿石贵族	8	20	2850	2320	0	0	580	0	580	0	290	290	0	0	290	290	0	0	0	0	0	0	0	0	0	0	0	0	0	0	0	0	0	0	0	0	0
29	超级绿石贵族	9	20	3150	2640	0	0	660	0	660	0	330	330	0	0	330	330	0	0	0	0	0	0	0	0	0	0	0	0	0	0	0	0	0	0	0	0	0
29	超级绿石贵族	10	20	4500	2960	0	0	740	0	740	0	370	370	0	0	370	370	0	0	0	0	0	0	0	0	0	0	0	0	0	0	0	0	0	0	0	0	0
29	超级绿石贵族	11	20	4800	3360	0	0	840	0	840	0	420	420	0	0	420	420	0	0	0	0	0	0	0	0	0	0	0	0	0	0	0	0	0	0	0	0	0
29	超级绿石贵族	12	20	5100	3760	0	0	940	0	940	0	470	470	0	0	470	470	0	0	0	0	0	0	0	0	0	0	0	0	0	0	0	0	0	0	0	0	0
29	超级绿石贵族	13	20	5400	4160	0	0	1040	0	1040	0	520	520	0	0	520	520	0	0	0	0	0	0	0	0	0	0	0	0	0	0	0	0	0	0	0	0	0
29	超级绿石贵族	14	20	5700	4560	0	0	1140	0	1140	0	570	570	0	0	570	570	0	0	0	0	0	0	0	0	0	0	0	0	0	0	0	0	0	0	0	0	0
29	超级绿石贵族	15	20	9000	4960	0	0	1240	0	1240	0	620	620	0	0	620	620	0	0	0	0	0	0	0	0	0	0	0	0	0	0	0	0	0	0	0	0	0
29	超级绿石贵族	16	20	9600	5560	0	0	1390	0	1390	0	695	695	0	0	695	695	0	0	0	0	0	0	0	0	0	0	0	0	0	0	0	0	0	0	0	0	0
29	超级绿石贵族	17	20	10500	6160	0	0	1540	0	1540	0	770	770	0	0	770	770	0	0	0	0	0	0	0	0	0	0	0	0	0	0	0	0	0	0	0	0	0
29	超级绿石贵族	18	20	12000	6760	0	0	1690	0	1690	0	845	845	0	0	845	845	0	0	0	0	0	0	0	0	0	0	0	0	0	0	0	0	0	0	0	0	0
29	超级绿石贵族	19	20	15000	7360	0	0	1840	0	1840	0	920	920	0	0	920	920	0	0	0	0	0	0	0	0	0	0	0	0	0	0	0	0	0	0	0	0	0
29	超级绿石贵族	20	20	0	7960	0	0	1990	0	1990	0	995	995	0	0	995	995	0	0	0	0	0	0	0	0	0	0	0	0	0	0	0	0	0	0	0	0	0
30	超级青铜贵族	1	20	300	440	0	0	110	0	110	0	55	55	0	0	55	55	0	0	0	0	0	0	0	0	0	0	0	0	0	0	0	0	0	0	0	0	0
30	超级青铜贵族	2	20	600	680	0	0	170	0	170	0	85	85	0	0	85	85	0	0	0	0	0	0	0	0	0	0	0	0	0	0	0	0	0	0	0	0	0
30	超级青铜贵族	3	20	900	920	0	0	230	0	230	0	115	115	0	0	115	115	0	0	0	0	0	0	0	0	0	0	0	0	0	0	0	0	0	0	0	0	0
30	超级青铜贵族	4	20	1350	1160	0	0	290	0	290	0	145	145	0	0	145	145	0	0	0	0	0	0	0	0	0	0	0	0	0	0	0	0	0	0	0	0	0
30	超级青铜贵族	5	20	1950	1400	0	0	350	0	350	0	175	175	0	0	175	175	0	0	0	0	0	0	0	0	0	0	0	0	0	0	0	0	0	0	0	0	0
30	超级青铜贵族	6	20	2250	1720	0	0	430	0	430	0	215	215	0	0	215	215	0	0	0	0	0	0	0	0	0	0	0	0	0	0	0	0	0	0	0	0	0
30	超级青铜贵族	7	20	2550	2040	0	0	510	0	510	0	255	255	0	0	255	255	0	0	0	0	0	0	0	0	0	0	0	0	0	0	0	0	0	0	0	0	0
30	超级青铜贵族	8	20	2850	2360	0	0	590	0	590	0	295	295	0	0	295	295	0	0	0	0	0	0	0	0	0	0	0	0	0	0	0	0	0	0	0	0	0
30	超级青铜贵族	9	20	3150	2680	0	0	670	0	670	0	335	335	0	0	335	335	0	0	0	0	0	0	0	0	0	0	0	0	0	0	0	0	0	0	0	0	0
30	超级青铜贵族	10	20	4500	3000	0	0	750	0	750	0	375	375	0	0	375	375	0	0	0	0	0	0	0	0	0	0	0	0	0	0	0	0	0	0	0	0	0
30	超级青铜贵族	11	20	4800	3400	0	0	850	0	850	0	425	425	0	0	425	425	0	0	0	0	0	0	0	0	0	0	0	0	0	0	0	0	0	0	0	0	0
30	超级青铜贵族	12	20	5100	3800	0	0	950	0	950	0	475	475	0	0	475	475	0	0	0	0	0	0	0	0	0	0	0	0	0	0	0	0	0	0	0	0	0
30	超级青铜贵族	13	20	5400	4200	0	0	1050	0	1050	0	525	525	0	0	525	525	0	0	0	0	0	0	0	0	0	0	0	0	0	0	0	0	0	0	0	0	0
30	超级青铜贵族	14	20	5700	4600	0	0	1150	0	1150	0	575	575	0	0	575	575	0	0	0	0	0	0	0	0	0	0	0	0	0	0	0	0	0	0	0	0	0
30	超级青铜贵族	15	20	9000	5000	0	0	1250	0	1250	0	625	625	0	0	625	625	0	0	0	0	0	0	0	0	0	0	0	0	0	0	0	0	0	0	0	0	0
30	超级青铜贵族	16	20	9600	5600	0	0	1400	0	1400	0	700	700	0	0	700	700	0	0	0	0	0	0	0	0	0	0	0	0	0	0	0	0	0	0	0	0	0
30	超级青铜贵族	17	20	10500	6200	0	0	1550	0	1550	0	775	775	0	0	775	775	0	0	0	0	0	0	0	0	0	0	0	0	0	0	0	0	0	0	0	0	0
30	超级青铜贵族	18	20	12000	6800	0	0	1700	0	1700	0	850	850	0	0	850	850	0	0	0	0	0	0	0	0	0	0	0	0	0	0	0	0	0	0	0	0	0
30	超级青铜贵族	19	20	15000	7400	0	0	1850	0	1850	0	925	925	0	0	925	925	0	0	0	0	0	0	0	0	0	0	0	0	0	0	0	0	0	0	0	0	0
30	超级青铜贵族	20	20	0	8000	0	0	2000	0	2000	0	1000	1000	0	0	1000	1000	0	0	0	0	0	0	0	0	0	0	0	0	0	0	0	0	0	0	0	0	0
31	喜气洋洋	1	20	300	500	0	0	125	0	125	0	50	50	0	0	50	50	0	0	0	0	0	0	0	0	0	0	0	0	0	0	0	0	0	0	0	0	0
31	喜气洋洋	2	20	600	740	0	0	185	0	185	0	80	80	0	0	80	80	0	0	0	0	0	0	0	0	0	0	0	0	0	0	0	0	0	0	0	0	0
31	喜气洋洋	3	20	900	980	0	0	245	0	245	0	110	110	0	0	110	110	0	0	0	0	0	0	0	0	0	0	0	0	0	0	0	0	0	0	0	0	0
31	喜气洋洋	4	20	1350	1220	0	0	305	0	305	0	140	140	0	0	140	140	0	0	0	0	0	0	0	0	0	0	0	0	0	0	0	0	0	0	0	0	0
31	喜气洋洋	5	20	1950	1460	0	0	365	0	365	0	170	170	0	0	170	170	0	0	0	0	0	0	0	0	0	0	0	0	0	0	0	0	0	0	0	0	0
31	喜气洋洋	6	20	2250	1780	0	0	445	0	445	0	210	210	0	0	210	210	0	0	0	0	0	0	0	0	0	0	0	0	0	0	0	0	0	0	0	0	0
31	喜气洋洋	7	20	2550	2100	0	0	525	0	525	0	250	250	0	0	250	250	0	0	0	0	0	0	0	0	0	0	0	0	0	0	0	0	0	0	0	0	0
31	喜气洋洋	8	20	2850	2420	0	0	605	0	605	0	290	290	0	0	290	290	0	0	0	0	0	0	0	0	0	0	0	0	0	0	0	0	0	0	0	0	0
31	喜气洋洋	9	20	3150	2740	0	0	685	0	685	0	330	330	0	0	330	330	0	0	0	0	0	0	0	0	0	0	0	0	0	0	0	0	0	0	0	0	0
31	喜气洋洋	10	20	4500	3060	0	0	765	0	765	0	370	370	0	0	370	370	0	0	0	0	0	0	0	0	0	0	0	0	0	0	0	0	0	0	0	0	0
31	喜气洋洋	11	20	4800	3460	0	0	865	0	865	0	420	420	0	0	420	420	0	0	0	0	0	0	0	0	0	0	0	0	0	0	0	0	0	0	0	0	0
31	喜气洋洋	12	20	5100	3860	0	0	965	0	965	0	470	470	0	0	470	470	0	0	0	0	0	0	0	0	0	0	0	0	0	0	0	0	0	0	0	0	0
31	喜气洋洋	13	20	5400	4260	0	0	1065	0	1065	0	520	520	0	0	520	520	0	0	0	0	0	0	0	0	0	0	0	0	0	0	0	0	0	0	0	0	0
31	喜气洋洋	14	20	5700	4660	0	0	1165	0	1165	0	570	570	0	0	570	570	0	0	0	0	0	0	0	0	0	0	0	0	0	0	0	0	0	0	0	0	0
31	喜气洋洋	15	20	9000	5060	0	0	1265	0	1265	0	620	620	0	0	620	620	0	0	0	0	0	0	0	0	0	0	0	0	0	0	0	0	0	0	0	0	0
31	喜气洋洋	16	20	9600	5660	0	0	1415	0	1415	0	695	695	0	0	695	695	0	0	0	0	0	0	0	0	0	0	0	0	0	0	0	0	0	0	0	0	0
31	喜气洋洋	17	20	10500	6260	0	0	1565	0	1565	0	770	770	0	0	770	770	0	0	0	0	0	0	0	0	0	0	0	0	0	0	0	0	0	0	0	0	0
31	喜气洋洋	18	20	12000	6860	0	0	1715	0	1715	0	845	845	0	0	845	845	0	0	0	0	0	0	0	0	0	0	0	0	0	0	0	0	0	0	0	0	0
31	喜气洋洋	19	20	15000	7460	0	0	1865	0	1865	0	920	920	0	0	920	920	0	0	0	0	0	0	0	0	0	0	0	0	0	0	0	0	0	0	0	0	0
31	喜气洋洋	20	20	0	8060	0	0	2015	0	2015	0	995	995	0	0	995	995	0	0	0	0	0	0	0	0	0	0	0	0	0	0	0	0	0	0	0	0	0
32	诸神毁灭者	1	1	0	2000	0	0	500	500	500	500	0	0	0	0	0	0	0	0	0	0	0	0	0	0	0	0	0	0	0	0	0	0	0	0	0	0	0
33	至尊神王	1	1	0	1500	0	0	375	375	375	375	0	0	0	0	0	0	0	0	0	0	0	0	0	0	0	0	0	0	0	0	0	0	0	0	0	0	0
34	不败天神	1	1	0	1000	0	0	250	250	250	250	0	0	0	0	0	0	0	0	0	0	0	0	0	0	0	0	0	0	0	0	0	0	0	0	0	0	0
35	黄钻达人	1	1	0	300	0	0	100	0	100	0	100	100	0	0	100	100	0	0	0	0	0	0	0	0	0	0	0	0	0	0	0	0	0	0	0	0	0
36	豪爵夫妻	1	1	0	1000	0	0	300	300	300	300	0	0	0	0	0	0	0	0	0	0	0	0	0	0	0	0	0	0	0	0	0	0	0	0	0	0	0
37	天作之合	1	1	0	600	0	0	200	200	200	200	0	0	0	0	0	0	0	0	0	0	0	0	0	0	0	0	0	0	0	0	0	0	0	0	0	0	0
38	缘定三生	1	1	0	750	0	0	250	0	250	0	100	100	0	0	100	100	0	0	0	0	0	0	0	0	0	0	0	0	0	0	0	0	0	0	0	0	0
39	相濡以沫	1	1	0	900	0	0	300	0	300	0	150	150	0	0	150	150	0	0	0	0	0	0	0	0	0	0	0	0	0	0	0	0	0	0	0	0	0
40	白头偕老	1	1	0	1200	0	0	400	0	400	0	200	200	0	0	200	200	0	0	0	0	0	0	0	0	0	0	0	0	0	0	0	0	0	0	0	0	0
41	不离不弃	1	1	0	1500	0	0	500	0	500	0	300	300	0	0	300	300	0	0	0	0	0	0	0	0	0	0	0	0	0	0	0	0	0	0	0	0	0
42	圣域独裁者	1	1	0	300	0	0	100	100	100	100	0	0	0	0	0	0	0	0	0	0	0	0	0	0	0	0	0	0	0	0	0	0	0	0	0	0	0
43	圣域勇士	1	1	0	240	0	0	80	80	80	80	0	0	0	0	0	0	0	0	0	0	0	0	0	0	0	0	0	0	0	0	0	0	0	0	0	0	0
44	青铜一段	1	1	0	400	0	0	100	100	100	100	0	0	0	0	0	0	0	0	0	0	0	0	0	0	0	0	0	0	0	0	0	0	0	0	0	0	0
45	青铜二段	1	1	0	400	0	0	100	100	100	100	0	0	0	0	0	0	0	0	0	0	0	0	0	0	0	0	0	0	0	0	0	0	0	0	0	0	0
46	青铜三段	1	1	0	400	0	0	100	100	100	100	0	0	0	0	0	0	0	0	0	0	0	0	0	0	0	0	0	0	0	0	0	0	0	0	0	0	0
47	青铜四段	1	1	0	400	0	0	100	100	100	100	0	0	0	0	0	0	0	0	0	0	0	0	0	0	0	0	0	0	0	0	0	0	0	0	0	0	0
48	青铜五段	1	1	0	400	0	0	100	100	100	100	0	0	0	0	0	0	0	0	0	0	0	0	0	0	0	0	0	0	0	0	0	0	0	0	0	0	0
49	白银一段	1	1	0	500	0	0	125	125	125	125	0	0	0	0	0	0	0	0	0	0	0	0	0	0	0	0	0	0	0	0	0	0	0	0	0	0	0
50	白银二段	1	1	0	500	0	0	125	125	125	125	0	0	0	0	0	0	0	0	0	0	0	0	0	0	0	0	0	0	0	0	0	0	0	0	0	0	0
51	白银三段	1	1	0	500	0	0	125	125	125	125	0	0	0	0	0	0	0	0	0	0	0	0	0	0	0	0	0	0	0	0	0	0	0	0	0	0	0
52	白银四段	1	1	0	600	0	0	150	150	150	150	0	0	0	0	0	0	0	0	0	0	0	0	0	0	0	0	0	0	0	0	0	0	0	0	0	0	0
53	白银五段	1	1	0	600	0	0	150	150	150	150	0	0	0	0	0	0	0	0	0	0	0	0	0	0	0	0	0	0	0	0	0	0	0	0	0	0	0
54	黄金一段	1	1	0	700	0	0	175	175	175	175	0	0	0	0	0	0	0	0	0	0	0	0	0	0	0	0	0	0	0	0	0	0	0	0	0	0	0
55	黄金二段	1	1	0	700	0	0	175	175	175	175	0	0	0	0	0	0	0	0	0	0	0	0	0	0	0	0	0	0	0	0	0	0	0	0	0	0	0
56	黄金三段	1	1	0	700	0	0	175	175	175	175	0	0	0	0	0	0	0	0	0	0	0	0	0	0	0	0	0	0	0	0	0	0	0	0	0	0	0
57	黄金四段	1	1	0	800	0	0	200	200	200	200	0	0	0	0	0	0	0	0	0	0	0	0	0	0	0	0	0	0	0	0	0	0	0	0	0	0	0
58	黄金五段	1	1	0	800	0	0	200	200	200	200	0	0	0	0	0	0	0	0	0	0	0	0	0	0	0	0	0	0	0	0	0	0	0	0	0	0	0
59	铂金一段	1	1	0	900	0	0	225	225	225	225	0	0	0	0	0	0	0	0	0	0	0	0	0	0	0	0	0	0	0	0	0	0	0	0	0	0	0
60	铂金二段	1	1	0	1000	0	0	250	250	250	250	0	0	0	0	0	0	0	0	0	0	0	0	0	0	0	0	0	0	0	0	0	0	0	0	0	0	0
61	铂金三段	1	1	0	1100	0	0	275	275	275	275	0	0	0	0	0	0	0	0	0	0	0	0	0	0	0	0	0	0	0	0	0	0	0	0	0	0	0
62	铂金四段	1	1	0	1200	0	0	300	300	300	300	0	0	0	0	0	0	0	0	0	0	0	0	0	0	0	0	0	0	0	0	0	0	0	0	0	0	0
63	铂金五段	1	1	0	1300	0	0	325	325	325	325	0	0	0	0	0	0	0	0	0	0	0	0	0	0	0	0	0	0	0	0	0	0	0	0	0	0	0
64	钻石一段	1	1	0	1400	0	0	350	350	350	350	0	0	0	0	0	0	0	0	0	0	0	0	0	0	0	0	0	0	0	0	0	0	0	0	0	0	0
65	钻石二段	1	1	0	1500	0	0	375	375	375	375	0	0	0	0	0	0	0	0	0	0	0	0	0	0	0	0	0	0	0	0	0	0	0	0	0	0	0
66	钻石三段	1	1	0	1600	0	0	400	400	400	400	0	0	0	0	0	0	0	0	0	0	0	0	0	0	0	0	0	0	0	0	0	0	0	0	0	0	0
67	钻石四段	1	1	0	1700	0	0	425	425	425	425	0	0	0	0	0	0	0	0	0	0	0	0	0	0	0	0	0	0	0	0	0	0	0	0	0	0	0
68	钻石五段	1	1	0	1800	0	0	450	450	450	450	0	0	0	0	0	0	0	0	0	0	0	0	0	0	0	0	0	0	0	0	0	0	0	0	0	0	0
69	虚空使者	1	1	0	1500	0	0	500	0	0	0	500	500	0	0	500	500	0	0	0	0	0	0	0	0	0	0	0	0	0	0	0	0	0	0	0	0	0
70	虚空战将	1	1	0	2250	0	0	750	0	0	0	750	750	0	0	750	750	0	0	0	0	0	0	0	0	0	0	0	0	0	0	0	0	0	0	0	0	0
71	虚空主宰	1	1	0	3000	0	0	1000	0	0	0	1000	1000	0	0	1000	1000	0	0	0	0	0	0	0	0	0	0	0	0	0	0	0	0	0	0	0	0	0
72	至尊情圣	1	1	0	1500	0	0	500	500	500	500	0	0	0	0	0	0	0	0	0	0	0	0	0	0	0	0	0	0	0	0	0	0	0	0	0	0	0
73	至尊宝贝	1	1	0	1500	0	0	500	500	500	500	0	0	0	0	0	0	0	0	0	0	0	0	0	0	0	0	0	0	0	0	0	0	0	0	0	0	0
74	龙骑第一帅哥	1	1	0	3000	0	0	1000	0	1000	0	1000	1000	0	0	1000	1000	0	0	0	0	0	0	0	0	0	0	0	0	0	0	0	0	0	0	0	0	0
75	龙骑第一美女	1	1	0	3000	0	0	1000	0	1000	0	1000	1000	0	0	1000	1000	0	0	0	0	0	0	0	0	0	0	0	0	0	0	0	0	0	0	0	0	0
76	万圣节	1	1	0	360	0	0	120	0	120	0	120	120	0	0	120	120	0	0	0	0	0	0	0	0	0	0	0	0	0	0	0	0	0	0	0	0	0
100	GM Master	1	1	0	0	0	0	0	0	0	0	0	0	0	0	0	0	0	0	0	0	0	0	0	0	0	0	0	0	0	0	0	0	0	0	0	0	0
101	Dragon Moderator	1	1	0	0	0	0	0	0	0	0	0	0	0	0	0	0	0	0	0	0	0	0	0	0	0	0	0	0	0	0	0	0	0	0	0	0	0
102	Сенсей	1	1	0	0	0	0	0	0	0	0	0	0	0	0	0	0	0	0	0	0	0	0	0	0	0	0	0	0	0	0	0	0	0	0	0	0	0
120	壕无止境	1	1	0	0	0	0	500	0	500	0	500	500	0	0	500	500	0	0	0	0	0	0	0	0	0	0	0	0	0	0	0	0	0	0	0	0	0
77	龙巫妖骑士	1	20	138	360	0	0	90	90	90	90	0	0	0	0	0	0	0	0	0	0	0	0	0	0	0	0	0	0	0	0	0	0	0	0	0	0	0
77	龙巫妖骑士	2	20	336	520	0	0	130	130	130	130	0	0	0	0	0	0	0	0	0	0	0	0	0	0	0	0	0	0	0	0	0	0	0	0	0	0	0
77	龙巫妖骑士	3	20	630	680	0	0	170	170	170	170	0	0	0	0	0	0	0	0	0	0	0	0	0	0	0	0	0	0	0	0	0	0	0	0	0	0	0
77	龙巫妖骑士	4	20	1050	840	0	0	210	210	210	210	0	0	0	0	0	0	0	0	0	0	0	0	0	0	0	0	0	0	0	0	0	0	0	0	0	0	0
77	龙巫妖骑士	5	20	1260	1000	0	0	250	250	250	250	0	0	0	0	0	0	0	0	0	0	0	0	0	0	0	0	0	0	0	0	0	0	0	0	0	0	0
77	龙巫妖骑士	6	20	1470	1240	0	0	310	310	310	310	0	0	0	0	0	0	0	0	0	0	0	0	0	0	0	0	0	0	0	0	0	0	0	0	0	0	0
77	龙巫妖骑士	7	20	1680	1480	0	0	370	370	370	370	0	0	0	0	0	0	0	0	0	0	0	0	0	0	0	0	0	0	0	0	0	0	0	0	0	0	0
77	龙巫妖骑士	8	20	2100	1720	0	0	430	430	430	430	0	0	0	0	0	0	0	0	0	0	0	0	0	0	0	0	0	0	0	0	0	0	0	0	0	0	0
77	龙巫妖骑士	9	20	2310	1960	0	0	490	490	490	490	0	0	0	0	0	0	0	0	0	0	0	0	0	0	0	0	0	0	0	0	0	0	0	0	0	0	0
77	龙巫妖骑士	10	20	2940	2200	0	0	550	550	550	550	0	0	0	0	0	0	0	0	0	0	0	0	0	0	0	0	0	0	0	0	0	0	0	0	0	0	0
77	龙巫妖骑士	11	20	3150	2520	0	0	630	630	630	630	0	0	0	0	0	0	0	0	0	0	0	0	0	0	0	0	0	0	0	0	0	0	0	0	0	0	0
77	龙巫妖骑士	12	20	3360	2840	0	0	710	710	710	710	0	0	0	0	0	0	0	0	0	0	0	0	0	0	0	0	0	0	0	0	0	0	0	0	0	0	0
77	龙巫妖骑士	13	20	3990	3160	0	0	790	790	790	790	0	0	0	0	0	0	0	0	0	0	0	0	0	0	0	0	0	0	0	0	0	0	0	0	0	0	0
77	龙巫妖骑士	14	20	3780	3480	0	0	870	870	870	870	0	0	0	0	0	0	0	0	0	0	0	0	0	0	0	0	0	0	0	0	0	0	0	0	0	0	0
77	龙巫妖骑士	15	20	4200	3800	0	0	950	950	950	950	0	0	0	0	0	0	0	0	0	0	0	0	0	0	0	0	0	0	0	0	0	0	0	0	0	0	0
77	龙巫妖骑士	16	20	4410	4200	0	0	1050	1050	1050	1050	0	0	0	0	0	0	0	0	0	0	0	0	0	0	0	0	0	0	0	0	0	0	0	0	0	0	0
77	龙巫妖骑士	17	20	4620	4600	0	0	1150	1150	1150	1150	0	0	0	0	0	0	0	0	0	0	0	0	0	0	0	0	0	0	0	0	0	0	0	0	0	0	0
77	龙巫妖骑士	18	20	5040	5000	0	0	1250	1250	1250	1250	0	0	0	0	0	0	0	0	0	0	0	0	0	0	0	0	0	0	0	0	0	0	0	0	0	0	0
77	龙巫妖骑士	19	20	5460	5400	0	0	1350	1350	1350	1350	0	0	0	0	0	0	0	0	0	0	0	0	0	0	0	0	0	0	0	0	0	0	0	0	0	0	0
77	龙巫妖骑士	20	20	0	5800	0	0	1450	1450	1450	1450	0	0	0	0	0	0	0	0	0	0	0	0	0	0	0	0	0	0	0	0	0	0	0	0	0	0	0
78	龙骑兵勇士	1	20	138	380	0	0	95	95	95	95	0	0	0	0	0	0	0	0	0	0	0	0	0	0	0	0	0	0	0	0	0	0	0	0	0	0	0
78	龙骑兵勇士	2	20	336	540	0	0	135	135	135	135	0	0	0	0	0	0	0	0	0	0	0	0	0	0	0	0	0	0	0	0	0	0	0	0	0	0	0
78	龙骑兵勇士	3	20	630	700	0	0	175	175	175	175	0	0	0	0	0	0	0	0	0	0	0	0	0	0	0	0	0	0	0	0	0	0	0	0	0	0	0
78	龙骑兵勇士	4	20	1050	860	0	0	215	215	215	215	0	0	0	0	0	0	0	0	0	0	0	0	0	0	0	0	0	0	0	0	0	0	0	0	0	0	0
78	龙骑兵勇士	5	20	1260	1020	0	0	255	255	255	255	0	0	0	0	0	0	0	0	0	0	0	0	0	0	0	0	0	0	0	0	0	0	0	0	0	0	0
78	龙骑兵勇士	6	20	1470	1260	0	0	315	315	315	315	0	0	0	0	0	0	0	0	0	0	0	0	0	0	0	0	0	0	0	0	0	0	0	0	0	0	0
78	龙骑兵勇士	7	20	1680	1500	0	0	375	375	375	375	0	0	0	0	0	0	0	0	0	0	0	0	0	0	0	0	0	0	0	0	0	0	0	0	0	0	0
78	龙骑兵勇士	8	20	2100	1740	0	0	435	435	435	435	0	0	0	0	0	0	0	0	0	0	0	0	0	0	0	0	0	0	0	0	0	0	0	0	0	0	0
78	龙骑兵勇士	9	20	2310	1980	0	0	495	495	495	495	0	0	0	0	0	0	0	0	0	0	0	0	0	0	0	0	0	0	0	0	0	0	0	0	0	0	0
78	龙骑兵勇士	10	20	2940	2220	0	0	555	555	555	555	0	0	0	0	0	0	0	0	0	0	0	0	0	0	0	0	0	0	0	0	0	0	0	0	0	0	0
78	龙骑兵勇士	11	20	3150	2540	0	0	635	635	635	635	0	0	0	0	0	0	0	0	0	0	0	0	0	0	0	0	0	0	0	0	0	0	0	0	0	0	0
78	龙骑兵勇士	12	20	3360	2860	0	0	715	715	715	715	0	0	0	0	0	0	0	0	0	0	0	0	0	0	0	0	0	0	0	0	0	0	0	0	0	0	0
78	龙骑兵勇士	13	20	3990	3180	0	0	795	795	795	795	0	0	0	0	0	0	0	0	0	0	0	0	0	0	0	0	0	0	0	0	0	0	0	0	0	0	0
78	龙骑兵勇士	14	20	3780	3500	0	0	875	875	875	875	0	0	0	0	0	0	0	0	0	0	0	0	0	0	0	0	0	0	0	0	0	0	0	0	0	0	0
78	龙骑兵勇士	15	20	4200	3820	0	0	955	955	955	955	0	0	0	0	0	0	0	0	0	0	0	0	0	0	0	0	0	0	0	0	0	0	0	0	0	0	0
78	龙骑兵勇士	16	20	4410	4220	0	0	1055	1055	1055	1055	0	0	0	0	0	0	0	0	0	0	0	0	0	0	0	0	0	0	0	0	0	0	0	0	0	0	0
78	龙骑兵勇士	17	20	4620	4620	0	0	1155	1155	1155	1155	0	0	0	0	0	0	0	0	0	0	0	0	0	0	0	0	0	0	0	0	0	0	0	0	0	0	0
78	龙骑兵勇士	18	20	5040	5020	0	0	1255	1255	1255	1255	0	0	0	0	0	0	0	0	0	0	0	0	0	0	0	0	0	0	0	0	0	0	0	0	0	0	0
78	龙骑兵勇士	19	20	5460	5420	0	0	1355	1355	1355	1355	0	0	0	0	0	0	0	0	0	0	0	0	0	0	0	0	0	0	0	0	0	0	0	0	0	0	0
78	龙骑兵勇士	20	20	0	5820	0	0	1455	1455	1455	1455	0	0	0	0	0	0	0	0	0	0	0	0	0	0	0	0	0	0	0	0	0	0	0	0	0	0	0
79	巅峰人气战队	1	1	0	1500	0	0	750	0	750	0	750	750	0	0	750	750	0	0	0	0	0	0	0	0	0	0	0	0	0	0	0	0	0	4	500	6	500
80	巅峰·冠军战队	1	1	0	3000	0	0	1500	0	1500	0	1500	1500	0	0	1500	1500	0	0	0	0	0	0	0	0	0	0	0	0	0	0	0	0	0	0	0	0	0
81	巅峰·亚军战队	1	1	0	2500	0	0	1200	0	1200	0	1200	1200	0	0	1200	1200	0	0	0	0	0	0	0	0	0	0	0	0	0	0	0	0	0	0	0	0	0
82	巅峰·季军战队	1	1	0	2000	0	0	1000	0	1000	0	1000	1000	0	0	1000	1000	0	0	0	0	0	0	0	0	0	0	0	0	0	0	0	0	0	0	0	0	0
83	巅峰·八强战队	1	1	0	1000	0	0	700	0	700	0	700	700	0	0	700	700	0	0	0	0	0	0	0	0	0	0	0	0	0	0	0	0	0	0	0	0	0
84	精锐·冠军战队	1	1	0	2000	0	0	1200	0	1200	0	1200	1200	0	0	1200	1200	0	0	0	0	0	0	0	0	0	0	0	0	0	0	0	0	0	0	0	0	0
85	精锐·亚军战队	1	1	0	1500	0	0	1000	0	1000	0	1000	1000	0	0	1000	1000	0	0	0	0	0	0	0	0	0	0	0	0	0	0	0	0	0	0	0	0	0
86	精锐·季军战队	1	1	0	1000	0	0	700	0	700	0	700	700	0	0	700	700	0	0	0	0	0	0	0	0	0	0	0	0	0	0	0	0	0	0	0	0	0
87	精锐·八强战队	1	1	0	700	0	0	500	0	500	0	500	500	0	0	500	500	0	0	0	0	0	0	0	0	0	0	0	0	0	0	0	0	0	0	0	0	0
88	初级·冠军战队	1	1	0	1200	0	0	900	0	900	0	900	900	0	0	900	900	0	0	0	0	0	0	0	0	0	0	0	0	0	0	0	0	0	0	0	0	0
89	初级·亚军战队	1	1	0	800	0	0	700	0	700	0	700	700	0	0	700	700	0	0	0	0	0	0	0	0	0	0	0	0	0	0	0	0	0	0	0	0	0
90	初级·季军战队	1	1	0	500	0	0	500	0	500	0	500	500	0	0	500	500	0	0	0	0	0	0	0	0	0	0	0	0	0	0	0	0	0	0	0	0	0
91	初级·八强战队	1	1	0	375	0	0	300	0	300	0	300	300	0	0	300	300	0	0	0	0	0	0	0	0	0	0	0	0	0	0	0	0	0	0	0	0	0
92	龙骑大先知	1	1	0	900	0	0	300	300	300	300	0	0	0	0	0	0	0	0	0	0	0	0	0	0	0	0	0	0	0	0	0	0	0	0	0	0	0
93	智慧贤者	1	1	0	600	0	0	200	200	200	200	0	0	0	0	0	0	0	0	0	0	0	0	0	0	0	0	0	0	0	0	0	0	0	0	0	0	0
94	龙语者	1	1	0	300	0	0	100	100	100	100	0	0	0	0	0	0	0	0	0	0	0	0	0	0	0	0	0	0	0	0	0	0	0	0	0	0	0
95	龙骑兵勇士	1	20	138	400	0	0	100	100	100	100	0	0	0	0	0	0	0	0	0	0	0	0	0	0	0	0	0	0	0	0	0	0	0	0	0	0	0
95	龙骑兵勇士	2	20	336	560	0	0	140	140	140	140	0	0	0	0	0	0	0	0	0	0	0	0	0	0	0	0	0	0	0	0	0	0	0	0	0	0	0
95	龙骑兵勇士	3	20	630	720	0	0	180	180	180	180	0	0	0	0	0	0	0	0	0	0	0	0	0	0	0	0	0	0	0	0	0	0	0	0	0	0	0
95	龙骑兵勇士	4	20	1050	880	0	0	220	220	220	220	0	0	0	0	0	0	0	0	0	0	0	0	0	0	0	0	0	0	0	0	0	0	0	0	0	0	0
95	龙骑兵勇士	5	20	1260	1040	0	0	260	260	260	260	0	0	0	0	0	0	0	0	0	0	0	0	0	0	0	0	0	0	0	0	0	0	0	0	0	0	0
95	龙骑兵勇士	6	20	1470	1280	0	0	320	320	320	320	0	0	0	0	0	0	0	0	0	0	0	0	0	0	0	0	0	0	0	0	0	0	0	0	0	0	0
95	龙骑兵勇士	7	20	1680	1520	0	0	380	380	380	380	0	0	0	0	0	0	0	0	0	0	0	0	0	0	0	0	0	0	0	0	0	0	0	0	0	0	0
95	龙骑兵勇士	8	20	2100	1760	0	0	440	440	440	440	0	0	0	0	0	0	0	0	0	0	0	0	0	0	0	0	0	0	0	0	0	0	0	0	0	0	0
95	龙骑兵勇士	9	20	2310	2000	0	0	500	500	500	500	0	0	0	0	0	0	0	0	0	0	0	0	0	0	0	0	0	0	0	0	0	0	0	0	0	0	0
95	龙骑兵勇士	10	20	2940	2240	0	0	560	560	560	560	0	0	0	0	0	0	0	0	0	0	0	0	0	0	0	0	0	0	0	0	0	0	0	0	0	0	0
95	龙骑兵勇士	11	20	3150	2560	0	0	640	640	640	640	0	0	0	0	0	0	0	0	0	0	0	0	0	0	0	0	0	0	0	0	0	0	0	0	0	0	0
95	龙骑兵勇士	12	20	3360	2880	0	0	720	720	720	720	0	0	0	0	0	0	0	0	0	0	0	0	0	0	0	0	0	0	0	0	0	0	0	0	0	0	0
95	龙骑兵勇士	13	20	3990	3200	0	0	800	800	800	800	0	0	0	0	0	0	0	0	0	0	0	0	0	0	0	0	0	0	0	0	0	0	0	0	0	0	0
95	龙骑兵勇士	14	20	3780	3520	0	0	880	880	880	880	0	0	0	0	0	0	0	0	0	0	0	0	0	0	0	0	0	0	0	0	0	0	0	0	0	0	0
95	龙骑兵勇士	15	20	4200	3840	0	0	960	960	960	960	0	0	0	0	0	0	0	0	0	0	0	0	0	0	0	0	0	0	0	0	0	0	0	0	0	0	0
95	龙骑兵勇士	16	20	4410	4240	0	0	1060	1060	1060	1060	0	0	0	0	0	0	0	0	0	0	0	0	0	0	0	0	0	0	0	0	0	0	0	0	0	0	0
95	龙骑兵勇士	17	20	4620	4640	0	0	1160	1160	1160	1160	0	0	0	0	0	0	0	0	0	0	0	0	0	0	0	0	0	0	0	0	0	0	0	0	0	0	0
95	龙骑兵勇士	18	20	5040	5040	0	0	1260	1260	1260	1260	0	0	0	0	0	0	0	0	0	0	0	0	0	0	0	0	0	0	0	0	0	0	0	0	0	0	0
95	龙骑兵勇士	19	20	5460	5440	0	0	1360	1360	1360	1360	0	0	0	0	0	0	0	0	0	0	0	0	0	0	0	0	0	0	0	0	0	0	0	0	0	0	0
95	龙骑兵勇士	20	20	0	5840	0	0	1460	1460	1460	1460	0	0	0	0	0	0	0	0	0	0	0	0	0	0	0	0	0	0	0	0	0	0	0	0	0	0	0
96	捕鱼达人	1	1	0	3000	0	0	750	0	750	0	750	750	0	0	750	750	0	0	0	0	0	0	0	0	0	0	0	0	0	0	0	0	0	0	0	0	0
97	捕鱼高手	1	1	0	2500	0	0	625	0	625	0	625	625	0	0	625	625	0	0	0	0	0	0	0	0	0	0	0	0	0	0	0	0	0	0	0	0	0
98	捕鱼好手	1	1	0	2000	0	0	500	0	500	0	500	500	0	0	500	500	0	0	0	0	0	0	0	0	0	0	0	0	0	0	0	0	0	0	0	0	0
103	Повелитель Драконов	1	1	0	2000	0	0	1200	0	1200	0	500	500	0	0	500	500	0	0	0	0	0	0	0	0	0	0	0	0	0	0	0	0	0	0	0	0	0
104	小土豪	1	1	0	1500	0	0	350	0	350	0	350	350	0	0	350	350	0	0	0	0	0	0	0	0	0	0	0	0	0	0	0	0	0	0	0	0	0
105	穷的只剩钱	1	1	0	3000	0	0	750	0	750	0	750	750	0	0	750	750	0	0	0	0	0	0	0	0	0	0	0	0	0	0	0	0	0	0	0	0	0
99	YY称号	1	1	0	0	0	0	0	0	0	0	0	0	0	0	0	0	0	0	0	0	0	0	0	0	0	0	0	0	0	0	0	0	0	0	0	0	0
