type	Items	itemsShow
抽奖类型	抽奖配置	转盘显示客户端用
1	{(25682,48):1935,(25657,1):550,(25666,40):1450,5:50,(25671,20):550,(25661,40):1450,(25600,5):550,25:15,(26032,1):1150,(26033,1):1150,(26044,1):1150,100:0,}	{(25682,48),(25657,1),(25666,40),(25994,0),(25671,20),(25661,40),(25600,5),(25995,0),(26032,1),(26033,1),(26044,1),(25996,0)}
2	{(25682,48):1935,(25657,1):550,(25666,40):1450,5:50,(25671,20):550,(25661,40):1450,(25600,5):550,25:15,(26032,1):1150,(26033,1):1150,(26044,1):1150,100:0,}	{(25682,48),(25657,1),(25666,40),(25994,0),(25671,20),(25661,40),(25600,5),(25995,0),(26032,1),(26033,1),(26044,1),(25996,0)}
3	{(25683,68):1935,(25658,1):550,(25667,60):1450,5:50,(25672,30):550,(25662,60):1450,(26042,1):550,25:15,(26033,1):1150,(26044,1):1150,(26026,1):1150,100:0,}	{(25683,68),(25658,1),(25667,60),(25994,0),(25672,30),(25662,60),(26042,1),(25995,0),(26033,1),(26044,1),(26026,1),(25996,0)}
4	{(25684,88):1935,(25659,1):550,(25668,80):1450,5:50,(25673,40):550,(25663,80):1450,(26042,1):550,25:15,(26044,1):1150,(25837,5):1150,(26119,1):1150,100:0,}	{(25684,88),(25659,1),(25668,80),(25994,0),(25673,40),(25663,80),(26042,1),(25995,0),(26044,1),(25837,5),(26119,1),(25996,0)}
5	{(25685,108):1935,(25660,1):550,(25669,100):1450,5:50,(25674,50):550,(25664,100):1450,(26042,1):550,25:15,(26044,1):1150,(26144,5):1150,(26026,1):1150,100:0,}	{(25685,108),(25660,1),(25669,100),(25994,0),(25674,50),(25664,100),(26042,1),(25995,0),(26044,1),(26144,5),(26026,1),(25996,0)}
6	{(25686,128):1935,(26525,1):550,(25670,120):1450,5:50,(25675,60):550,(25665,120):1450,(26341,30):550,25:15,(26044,1):1150,(26144,5):1150,(25837,5):1150,100:0,}	{(25686,128),(26525,1),(25670,120),(25994,0),(25675,60),(25665,120),(26341,30),(25995,0),(26044,1),(26144,5),(25837,5),(25996,0)}
7	{(26607,128):1935,(27047,1):550,(27049,120):1450,5:50,(27050,60):550,(27048,120):1450,(26341,30):550,25:15,(26267,1):1150,(26677,3):1150,(26479,4):1150,100:0,}	{(26607,128),(27047,1),(27049,120),(25994,0),(27050,60),(27048,120),(26341,30),(25995,0),(26267,1),(26677,3),(26479,4),(25996,0),}
8	{(27066,128):1935,(27913,1):550,(27905,120):1450,5:50,(27906,60):550,(27904,120):1450,(26341,30):550,25:15,(26267,1):1150,(26677,3):1150,(27587,5):1150,100:0,}	{(27066,128),(27913,1),(27905,120),(25994,0),(27906,60),(27904,120),(26341,30),(25995,0),(26267,1),(26677,3),(27587,5),(25996,0),}
