lotteryTimes	rateItems	extraItem	nextExtraItemPreview	specialItem	specialItemPreview	extraItemNeedTimes	mountId	needRMB	rateTimes
抽奖次数	随机奖励池(coding，cnt,rate)	抽x次必得的额外奖励(coding,cnt)	下次额外奖励预览(coding,cnt)	特殊奖励(coding,cnt)	特殊奖励客户端预览	额外奖励需要次数	坐骑外形id	神石消耗	坐骑掉落概率倍数
1	[(27073,1,0),(25600,2,2725),(26344,2,2725),(26343,2,2725),(26033,1,1818)]		[(27566,1)]	[(27073,1),(28511,1)]	[(27073,1),(28511,1),(26033,1)]	5	20,14	10	1
2	[(27073,1,0),(25600,2,2723),(26344,2,2723),(26343,2,2723),(26033,1,1817)]		[(27566,1)]	[(27073,1),(28511,1)]	[(27073,1),(28511,1),(26033,1)]	4	20,14	15	2
3	[(27073,1,0),(25600,2,2720),(26344,2,2720),(26343,2,2720),(26033,1,1812)]		[(27566,1)]	[(27073,1),(28511,1)]	[(27073,1),(28511,1),(26033,1)]	3	20,14	20	4
4	[(27073,1,0),(25600,3,2712),(26344,3,2712),(26343,3,2712),(26044,1,1808)]		[(27566,1)]	[(27073,1),(28511,1)]	[(27073,1),(28511,1),(26044,1)]	2	20,14	30	8
5	[(27073,1,0),(25600,4,2704),(26344,4,2704),(26343,4,2704),(26044,1,1804)]	[(27566,1)]	[(27566,1)]	[(27073,1),(28511,1)]	[(27073,1),(28511,1,(26044,1)]	1	20,14	40	12
6	[(27073,1,0),(25600,5,2697),(26344,5,2697),(26343,5,2697),(26044,1,1797)]		[(27566,1)]	[(27073,1),(28511,1)]	[(27073,1),(28511,1),(26044,1)]	5	20,14	50	16
7	[(27073,1,0),(25600,6,2689),(26344,6,2689),(26343,6,2689),(26044,1,1793)]		[(27566,1)]	[(27073,1),(28511,1)]	[(27073,1),(28511,1),(26044,1)]	4	20,14	60	20
8	[(27073,1,0),(25600,7,2680),(26344,7,2680),(26343,7,2680),(26026,1,1785)]		[(27566,1)]	[(27073,1),(28511,1)]	[(27073,1),(28511,1),(26026,1)]	3	20,14	70	25
9	[(27073,1,0),(25600,8,2670),(26344,8,2670),(26343,8,2670),(26026,1,1780)]		[(27566,1)]	[(27073,1),(28511,1)]	[(27073,1),(28511,1),(26026,1)]	2	20,14	80	30
10	[(27073,1,0),(25600,9,2659),(26344,9,2659),(26343,9,2659),(26026,1,1771)]	[(27566,1)]	[(27566,1)]	[(27073,1),(28511,1)]	[(27073,1),(28511,1),(26026,1)]	1	20,14	90	36
11	[(27073,1,147),(28511,1,147),(25600,10,2647),(26344,10,2647),(26343,10,2647),(26026,1,1765)]		[(27566,2)]	[(27073,1),(28511,1)]	[(27073,1),(28511,1),(26026,1)]	5	20,14	100	42
12	[(27073,1,175),(28511,1,175),(25600,12,2632),(26344,12,2632),(26343,12,2632),(26026,1,1754)]		[(27566,2)]	[(27073,1),(28511,1)]	[(27073,1),(28511,1),(26026,1)]	4	20,14	120	50
13	[(27073,1,210),(28511,1,210),(25600,14,2613),(26344,14,2613),(26343,14,2613),(26224,1,1741)]		[(27566,2)]	[(27073,1),(28511,1)]	[(27073,1),(28511,1),(26224,1)]	3	20,14	140	60
14	[(27073,1,263),(28511,1,262),(25600,16,2584),(26344,16,2584),(26343,16,2584),(26224,1,1723)]		[(27566,2)]	[(27073,1),(28511,1)]	[(27073,1),(28511,1),(26224,1)]	2	20,14	160	75
15	[(27073,1,315),(28511,1,315),(25600,18,2555),(26344,18,2555),(26343,18,2555),(26224,1,1705)]	[(27566,2)]	[(27566,2)]	[(27073,1),(28511,1)]	[(27073,1),(28511,1),(26224,1)]	1	20,14	180	90
16	[(27073,1,385),(28511,1,385),(25600,20,2517),(26344,20,2517),(26343,20,2517),(26224,1,1679)]		[(27566,2)]	[(27073,1),(28511,1)]	[(27073,1),(28511,1),(26224,1)]	5	20,14	200	110
17	[(27073,1,455),(28511,1,455),(25600,22,2479),(26344,22,2479),(26343,22,2479),(26224,1,1653)]		[(27566,2)]	[(27073,1),(28511,1)]	[(27073,1),(28511,1),(26224,1)]	4	20,14	220	130
18	[(27073,1,525),(28511,1,525),(25600,24,2441),(26344,24,2441),(26343,24,2441),(26224,1,1627)]		[(27566,2)]	[(27073,1),(28511,1)]	[(27073,1),(28511,1),(26224,1)]	3	20,14	240	150
19	[(27073,1,613),(28511,1,612),(25600,26,2393),(26344,26,2393),(26343,26,2393),(26225,1,1596)]		[(27566,2)]	[(27073,1),(28511,1)]	[(27073,1),(28511,1),(26225,1)]	2	20,14	260	175
20	[(27073,1,700),(28511,1,700),(25600,28,2345),(26344,28,2345),(26343,28,2345),(26225,1,1565)]	[(27566,2)]	[(27566,2)]	[(27073,1),(28511,1)]	[(27073,1),(28511,1),(26225,1)]	1	20,14	280	200
21	[(27073,1,788),(28511,1,787),(25600,28,2298),(26344,28,2298),(26343,28,2298),(26225,1,1531)]		[(27566,3)]	[(27073,1),(28511,1)]	[(27073,1),(28511,1),(26225,1)]	5	20,14	288	225
22	[(27073,1,875),(28511,1,875),(25600,28,2250),(26344,28,2250),(26343,28,2250),(26225,1,1500)]		[(27566,3)]	[(27073,1),(28511,1)]	[(27073,1),(28511,1,(26225,1)]	4	20,14	288	250
23	[(27073,1,963),(28511,1,962),(25600,28,2202),(26344,28,2202),(26343,28,2202),(26225,1,1469)]		[(27566,3)]	[(27073,1),(28511,1)]	[(27073,1),(28511,1),(26225,1)]	3	20,14	288	275
24	[(27073,1,1050),(28511,1,1050),(25600,28,2155),(26344,28,2155),(26343,28,2155),(26225,1,1435)]		[(27566,3)]	[(27073,1),(28511,1)]	[(27073,1),(28511,1),(26225,1)]	2	20,14	288	300
25	[(27073,1,1138),(28511,1,1137),(25600,28,2107),(26344,28,2107),(26343,28,2107),(26225,1,1404)]	[(27566,3)]	[(27566,3)]	[(27073,1),(28511,1)]	[(27073,1),(28511,1),(26225,1)]	1	20,14	288	325
26	[(27073,1,1225),(28511,1,1225),(25600,28,2059),(26344,28,2059),(26343,28,2059),(26225,1,1373)]		[(27566,4)]	[(27073,1),(28511,1)]	[(27073,1),(28511,1),(26225,1)]	5	20,14	288	350
27	[(27073,1,1313),(28511,1,1312),(25600,28,2011),(26344,28,2011),(26343,28,2011),(26225,1,1342)]		[(27566,4)]	[(27073,1),(28511,1)]	[(27073,1),(28511,1),(26225,1)]	4	20,14	288	375
28	[(27073,1,1400),(28511,1,1400),(25600,28,1964),(26344,28,1964),(26343,28,1964),(26225,1,1308)]		[(27566,4)]	[(27073,1),(28511,1)]	[(27073,1),(28511,1),(26225,1)]	3	20,14	288	400
29	[(27073,1,1488),(28511,1,1487),(25600,28,1916),(26344,28,1916),(26343,28,1916),(26225,1,1277)]		[(27566,4)]	[(27073,1),(28511,1)]	[(27073,1),(28511,1),(26225,1)]	2	20,14	288	425
30	[(27073,1,1575),(28511,1,1575),(25600,28,1868),(26344,28,1868),(26343,28,1868),(26225,1,1246)]	[(27566,4)]	[(27566,4)]	[(27073,1),(28511,1)]	[(27073,1),(28511,1),(26225,1)]	1	20,14	288	450
31	[(27073,1,5000),(28511,1,5000)]			[(27073,1),(28511,1)]	[(27073,1)]	0	20,14	300	999
