rewardId	clientRank	previewItem	titleRes
奖励ID	客户端排名用	奖励预览	称号资源名
1	1st	[(26450,360),(25948,1),(25809,1),(26439,1),(27493,1),(27707,1)]	fjtxzth
2	2nd	[(26450,240),(25936,1),(25800,1),(26439,1),(27492,1),(27107,1)]	cyggth
3	3rd 	[(26450,180),(25924,1),(25791,1),(26439,1),(27492,1),(27107,1)]	fjtxth
4	4-5	[(26450,120),(25912,1),(25782,1),(26438,1),(27492,1),(27708,1)]	hjrt
5	6-10	[(26450,120),(25912,1),(25782,1),(26438,1),(27492,1),(27035,1)]	hjrt
6	11-20	[(26450,60),(25912,1),(25773,1),(26438,1),(27035,1)]	ycwg
7	21-50	[(26450,30),(25900,1),(25764,1),(26608,1)]	yzqj
8	51-100	[(26450,15),(25888,1),(25755,1),(26634,1)]	thdr
