rewardID	money	soul	items	money_fcm	soul_fcm	items_fcm
奖励ID	奖励金币	奖励龙灵	奖励物品	奖励金币	奖励龙灵	奖励物品
1	0	20	[(25600, 1, 750),(26344, 1, 750),(26032, 1, 500)]	0	10	[(25600, 1, 750),(25600, 1, 750),(26032, 1, 500)]
2	0	20	[(25600, 1, 750),(26344, 1, 750),(26032, 1, 500)]	0	10	[(25600, 1, 750),(25600, 1, 750),(26032, 1, 500)]
3	0	50	[(25600, 1, 1500),(26344, 1, 1500),(26032, 1, 1000),(26902, 1, 4000)]	0	25	[(25600, 1, 1500),(25600, 1, 1500),(26032, 1, 1000),(26902, 1, 4000)]
4	0	20	[(25600, 1, 750),(26344, 1, 750),(26032, 1, 500)]	0	10	[(25600, 1, 750),(25600, 1, 750),(26032, 1, 500)]
5	0	20	[(25600, 1, 750),(26344, 1, 750),(26032, 1, 500)]	0	10	[(25600, 1, 750),(25600, 1, 750),(26032, 1, 500)]
6	0	50	[(25600, 1, 1500),(26344, 1, 1500),(26032, 1, 1000),(26902, 1, 4000)]	0	25	[(25600, 1, 1500),(25600, 1, 1500),(26032, 1, 1000),(26902, 1, 4000)]
7	0	20	[(25600, 1, 750),(26344, 1, 750),(26032, 1, 500)]	0	10	[(25600, 1, 750),(25600, 1, 750),(26032, 1, 500)]
8	0	20	[(25600, 1, 750),(26344, 1, 750),(26032, 1, 500)]	0	10	[(25600, 1, 750),(25600, 1, 750),(26032, 1, 500)]
9	0	50	[(25600, 1, 1500),(26344, 1, 1500),(26032, 1, 1000),(26902, 1, 4000)]	0	25	[(25600, 1, 1500),(25600, 1, 1500),(26032, 1, 1000),(26902, 1, 4000)]
10	0	20	[(25600, 1, 750),(26344, 1, 750),(26032, 1, 500)]	0	10	[(25600, 1, 750),(25600, 1, 750),(26032, 1, 500)]
11	0	20	[(25600, 1, 750),(26344, 1, 750),(26032, 1, 500)]	0	10	[(25600, 1, 750),(25600, 1, 750),(26032, 1, 500)]
12	0	50	[(25600, 1, 1500),(26344, 1, 1500),(26032, 1, 1000),(26902, 1, 4000)]	0	25	[(25600, 1, 1500),(25600, 1, 1500),(26032, 1, 1000),(26902, 1, 4000)]
13	0	0	[(25600, 1, 0),(26344, 1, 0),(26032, 1, 0)]	0	0	[(25600, 1, 0),(25600, 1, 0),(26032, 1, 0)]
14	0	0	[(25600, 1, 0),(26344, 1, 0),(26032, 1, 0)]	0	0	[(25600, 1, 0),(25600, 1, 0),(26032, 1, 0)]
15	138600	100	[(25600, 1, 2500),(26344, 1, 2500),(26032, 1, 1500),(26681, 1, 2500),(26902, 1, 4000)]	69300	50	[(25600, 1, 2500),(25600, 1, 2500),(26032, 1, 1500),(26681, 1, 2500),(26902, 1, 4000)]
16	0	20	[(25600, 1, 750),(26344, 1, 750),(26032, 1, 500)]	0	10	[(25600, 1, 750),(25600, 1, 750),(26032, 1, 500)]
17	0	20	[(25600, 1, 750),(26344, 1, 750),(26032, 1, 500)]	0	10	[(25600, 1, 750),(25600, 1, 750),(26032, 1, 500)]
18	0	50	[(25600, 1, 1500),(26344, 1, 1500),(26032, 1, 1000),(26902, 1, 4000)]	0	25	[(25600, 1, 1500),(25600, 1, 1500),(26032, 1, 1000),(26902, 1, 4000)]
19	0	20	[(25600, 1, 750),(26344, 1, 750),(26032, 1, 500)]	0	10	[(25600, 1, 750),(25600, 1, 750),(26032, 1, 500)]
20	0	20	[(25600, 1, 750),(26344, 1, 750),(26032, 1, 500)]	0	10	[(25600, 1, 750),(25600, 1, 750),(26032, 1, 500)]
21	0	50	[(25600, 1, 1500),(26344, 1, 1500),(26032, 1, 1000),(26902, 1, 4000)]	0	25	[(25600, 1, 1500),(25600, 1, 1500),(26032, 1, 1000),(26902, 1, 4000)]
22	0	20	[(25600, 1, 750),(26344, 1, 750),(26032, 1, 500)]	0	10	[(25600, 1, 750),(25600, 1, 750),(26032, 1, 500)]
23	0	20	[(25600, 1, 750),(26344, 1, 750),(26032, 1, 500)]	0	10	[(25600, 1, 750),(25600, 1, 750),(26032, 1, 500)]
24	0	50	[(25600, 1, 1500),(26344, 1, 1500),(26032, 1, 1000),(26902, 1, 4000)]	0	25	[(25600, 1, 1500),(25600, 1, 1500),(26032, 1, 1000),(26902, 1, 4000)]
25	0	20	[(25600, 1, 750),(26344, 1, 750),(26032, 1, 500)]	0	10	[(25600, 1, 750),(25600, 1, 750),(26032, 1, 500)]
26	0	20	[(25600, 1, 750),(26344, 1, 750),(26032, 1, 500)]	0	10	[(25600, 1, 750),(25600, 1, 750),(26032, 1, 500)]
27	0	50	[(25600, 1, 1500),(26344, 1, 1500),(26032, 1, 1000),(26902, 1, 4000)]	0	25	[(25600, 1, 1500),(25600, 1, 1500),(26032, 1, 1000),(26902, 1, 4000)]
28	0	0	[(25600, 1, 0),(26344, 1, 0),(26032, 1, 0)]	0	0	[(25600, 1, 0),(25600, 1, 0),(26032, 1, 0)]
29	0	0	[(25600, 1, 0),(26344, 1, 0),(26032, 1, 0)]	0	0	[(25600, 1, 0),(25600, 1, 0),(26032, 1, 0)]
30	166320	100	[(25600, 1, 2500),(26344, 1, 2500),(26032, 1, 1500),(26682, 1, 2500),(26902, 1, 4000)]	83160	50	[(25600, 1, 2500),(25600, 1, 2500),(26032, 1, 1500),(26682, 1, 2500),(26902, 1, 4000)]
31	0	20	[(25600, 1, 750),(26344, 1, 750),(26032, 1, 500)]	0	10	[(25600, 1, 750),(25600, 1, 750),(26032, 1, 500)]
32	0	20	[(25600, 1, 750),(26344, 1, 750),(26032, 1, 500)]	0	10	[(25600, 1, 750),(25600, 1, 750),(26032, 1, 500)]
33	0	50	[(25600, 1, 1500),(26344, 1, 1500),(26032, 1, 1000),(26903, 1, 4000)]	0	25	[(25600, 1, 1500),(25600, 1, 1500),(26032, 1, 1000),(26903, 1, 4000)]
34	0	20	[(25600, 1, 750),(26344, 1, 750),(26032, 1, 500)]	0	10	[(25600, 1, 750),(25600, 1, 750),(26032, 1, 500)]
35	0	20	[(25600, 1, 750),(26344, 1, 750),(26032, 1, 500)]	0	10	[(25600, 1, 750),(25600, 1, 750),(26032, 1, 500)]
36	0	50	[(25600, 1, 1500),(26344, 1, 1500),(26032, 1, 1000),(26903, 1, 4000)]	0	25	[(25600, 1, 1500),(25600, 1, 1500),(26032, 1, 1000),(26903, 1, 4000)]
37	0	20	[(25600, 1, 750),(26344, 1, 750),(26032, 1, 500)]	0	10	[(25600, 1, 750),(25600, 1, 750),(26032, 1, 500)]
38	0	20	[(25600, 1, 750),(26344, 1, 750),(26032, 1, 500)]	0	10	[(25600, 1, 750),(25600, 1, 750),(26032, 1, 500)]
39	0	50	[(25600, 1, 1500),(26344, 1, 1500),(26032, 1, 1000),(26903, 1, 4000)]	0	25	[(25600, 1, 1500),(25600, 1, 1500),(26032, 1, 1000),(26903, 1, 4000)]
40	0	20	[(25600, 1, 750),(26344, 1, 750),(26032, 1, 500)]	0	10	[(25600, 1, 750),(25600, 1, 750),(26032, 1, 500)]
41	0	20	[(25600, 1, 750),(26344, 1, 750),(26032, 1, 500)]	0	10	[(25600, 1, 750),(25600, 1, 750),(26032, 1, 500)]
42	0	50	[(25600, 1, 1500),(26344, 1, 1500),(26032, 1, 1000),(26903, 1, 4000)]	0	25	[(25600, 1, 1500),(25600, 1, 1500),(26032, 1, 1000),(26903, 1, 4000)]
43	0	0	[(25600, 1, 0),(26344, 1, 0),(26032, 1, 0)]	0	0	[(25600, 1, 0),(25600, 1, 0),(26032, 1, 0)]
44	0	0	[(25600, 1, 0),(26344, 1, 0),(26032, 1, 0)]	0	0	[(25600, 1, 0),(25600, 1, 0),(26032, 1, 0)]
45	194040	100	[(25600, 1, 2500),(26344, 1, 2500),(26032, 1, 1500),(26683, 1, 2500),(26903, 1, 4000)]	97020	50	[(25600, 1, 2500),(25600, 1, 2500),(26032, 1, 1500),(26683, 1, 2500),(26903, 1, 4000)]
46	0	20	[(25600, 1, 750),(26344, 1, 750),(26032, 1, 500)]	0	10	[(25600, 1, 750),(25600, 1, 750),(26032, 1, 500)]
47	0	20	[(25600, 1, 750),(26344, 1, 750),(26032, 1, 500)]	0	10	[(25600, 1, 750),(25600, 1, 750),(26032, 1, 500)]
48	0	50	[(25600, 1, 1500),(26344, 1, 1500),(26032, 1, 1000),(26903, 1, 4000)]	0	25	[(25600, 1, 1500),(25600, 1, 1500),(26032, 1, 1000),(26903, 1, 4000)]
49	0	20	[(25600, 1, 750),(26344, 1, 750),(26032, 1, 500)]	0	10	[(25600, 1, 750),(25600, 1, 750),(26032, 1, 500)]
50	0	20	[(25600, 1, 750),(26344, 1, 750),(26032, 1, 500)]	0	10	[(25600, 1, 750),(25600, 1, 750),(26032, 1, 500)]
51	0	50	[(25600, 1, 1500),(26344, 1, 1500),(26032, 1, 1000),(26903, 1, 4000)]	0	25	[(25600, 1, 1500),(25600, 1, 1500),(26032, 1, 1000),(26903, 1, 4000)]
52	0	20	[(25600, 1, 750),(26344, 1, 750),(26032, 1, 500)]	0	10	[(25600, 1, 750),(25600, 1, 750),(26032, 1, 500)]
53	0	20	[(25600, 1, 750),(26344, 1, 750),(26032, 1, 500)]	0	10	[(25600, 1, 750),(25600, 1, 750),(26032, 1, 500)]
54	0	50	[(25600, 1, 1500),(26344, 1, 1500),(26032, 1, 1000),(26903, 1, 4000)]	0	25	[(25600, 1, 1500),(25600, 1, 1500),(26032, 1, 1000),(26903, 1, 4000)]
55	0	20	[(25600, 1, 750),(26344, 1, 750),(26032, 1, 500)]	0	10	[(25600, 1, 750),(25600, 1, 750),(26032, 1, 500)]
56	0	20	[(25600, 1, 750),(26344, 1, 750),(26032, 1, 500)]	0	10	[(25600, 1, 750),(25600, 1, 750),(26032, 1, 500)]
57	0	50	[(25600, 1, 1500),(26344, 1, 1500),(26032, 1, 1000),(26903, 1, 4000)]	0	25	[(25600, 1, 1500),(25600, 1, 1500),(26032, 1, 1000),(26903, 1, 4000)]
58	0	0	[(25600, 1, 0),(26344, 1, 0),(26032, 1, 0)]	0	0	[(25600, 1, 0),(25600, 1, 0),(26032, 1, 0)]
59	0	0	[(25600, 1, 0),(26344, 1, 0),(26032, 1, 0)]	0	0	[(25600, 1, 0),(25600, 1, 0),(26032, 1, 0)]
60	221760	100	[(25600, 1, 2500),(26344, 1, 2500),(26032, 1, 1500),(26684, 1, 2500),(26903, 1, 4000)]	110880	50	[(25600, 1, 2500),(25600, 1, 2500),(26032, 1, 1500),(26684, 1, 2500),(26903, 1, 4000)]
61	0	20	[(25600, 1, 750),(26344, 1, 750),(26032, 1, 500)]	0	10	[(25600, 1, 750),(25600, 1, 750),(26032, 1, 500)]
62	0	20	[(25600, 1, 750),(26344, 1, 750),(26032, 1, 500)]	0	10	[(25600, 1, 750),(25600, 1, 750),(26032, 1, 500)]
63	0	50	[(25600, 1, 1500),(26344, 1, 1500),(26032, 1, 1000),(26904, 1, 4000)]	0	25	[(25600, 1, 1500),(25600, 1, 1500),(26032, 1, 1000),(26904, 1, 4000)]
64	0	20	[(25600, 1, 750),(26344, 1, 750),(26032, 1, 500)]	0	10	[(25600, 1, 750),(25600, 1, 750),(26032, 1, 500)]
65	0	10	[(25600, 1, 750),(26344, 1, 750),(26032, 1, 500)]	0	5	[(25600, 1, 750),(25600, 1, 750),(26032, 1, 500)]
66	0	50	[(25600, 1, 1500),(26344, 1, 1500),(26032, 1, 1000),(26904, 1, 4000)]	0	25	[(25600, 1, 1500),(25600, 1, 1500),(26032, 1, 1000),(26904, 1, 4000)]
67	0	20	[(25600, 1, 750),(26344, 1, 750),(26032, 1, 500)]	0	10	[(25600, 1, 750),(25600, 1, 750),(26032, 1, 500)]
68	0	10	[(25600, 1, 750),(26344, 1, 750),(26032, 1, 500)]	0	5	[(25600, 1, 750),(25600, 1, 750),(26032, 1, 500)]
69	0	50	[(25600, 1, 1500),(26344, 1, 1500),(26032, 1, 1000),(26904, 1, 4000)]	0	25	[(25600, 1, 1500),(25600, 1, 1500),(26032, 1, 1000),(26904, 1, 4000)]
70	0	20	[(25600, 1, 750),(26344, 1, 750),(26032, 1, 500)]	0	10	[(25600, 1, 750),(25600, 1, 750),(26032, 1, 500)]
71	0	10	[(25600, 1, 750),(26344, 1, 750),(26032, 1, 500)]	0	5	[(25600, 1, 750),(25600, 1, 750),(26032, 1, 500)]
72	0	50	[(25600, 1, 1500),(26344, 1, 1500),(26032, 1, 1000),(26904, 1, 4000)]	0	25	[(25600, 1, 1500),(25600, 1, 1500),(26032, 1, 1000),(26904, 1, 4000)]
73	0	0	[(25600, 1, 0),(26344, 1, 0),(26032, 1, 0)]	0	0	[(25600, 1, 0),(25600, 1, 0),(26032, 1, 0)]
74	0	0	[(25600, 1, 0),(26344, 1, 0),(26032, 1, 0)]	0	0	[(25600, 1, 0),(25600, 1, 0),(26032, 1, 0)]
75	249480	100	[(25600, 1, 2500),(26344, 1, 2500),(26032, 1, 1500),(26685, 1, 2500),(26904, 1, 4000)]	124740	50	[(25600, 1, 2500),(25600, 1, 2500),(26032, 1, 1500),(26685, 1, 2500),(26904, 1, 4000)]
76	0	20	[(25600, 1, 750),(26344, 1, 750),(26032, 1, 500)]	0	10	[(25600, 1, 750),(25600, 1, 750),(26032, 1, 500)]
77	0	10	[(25600, 1, 750),(26344, 1, 750),(26032, 1, 500)]	0	5	[(25600, 1, 750),(25600, 1, 750),(26032, 1, 500)]
78	0	50	[(25600, 1, 1500),(26344, 1, 1500),(26032, 1, 1000),(26904, 1, 4000)]	0	25	[(25600, 1, 1500),(25600, 1, 1500),(26032, 1, 1000),(26904, 1, 4000)]
79	0	20	[(25600, 1, 750),(26344, 1, 750),(26032, 1, 500)]	0	10	[(25600, 1, 750),(25600, 1, 750),(26032, 1, 500)]
80	0	10	[(25600, 1, 750),(26344, 1, 750),(26032, 1, 500)]	0	5	[(25600, 1, 750),(25600, 1, 750),(26032, 1, 500)]
81	0	50	[(25600, 1, 1500),(26344, 1, 1500),(26032, 1, 1000),(26904, 1, 4000)]	0	25	[(25600, 1, 1500),(25600, 1, 1500),(26032, 1, 1000),(26904, 1, 4000)]
82	0	20	[(25600, 1, 750),(26344, 1, 750),(26032, 1, 500)]	0	10	[(25600, 1, 750),(25600, 1, 750),(26032, 1, 500)]
83	0	10	[(25600, 1, 750),(26344, 1, 750),(26032, 1, 500)]	0	5	[(25600, 1, 750),(25600, 1, 750),(26032, 1, 500)]
84	0	50	[(25600, 1, 1500),(26344, 1, 1500),(26032, 1, 1000),(26904, 1, 4000)]	0	25	[(25600, 1, 1500),(25600, 1, 1500),(26032, 1, 1000),(26904, 1, 4000)]
85	0	20	[(25600, 1, 750),(26344, 1, 750),(26032, 1, 500)]	0	10	[(25600, 1, 750),(25600, 1, 750),(26032, 1, 500)]
86	0	10	[(25600, 1, 750),(26344, 1, 750),(26032, 1, 500)]	0	5	[(25600, 1, 750),(25600, 1, 750),(26032, 1, 500)]
87	0	50	[(25600, 1, 1500),(26344, 1, 1500),(26032, 1, 1000),(26904, 1, 4000)]	0	25	[(25600, 1, 1500),(25600, 1, 1500),(26032, 1, 1000),(26904, 1, 4000)]
88	0	0	[(25600, 1, 0),(26344, 1, 0),(26032, 1, 0)]	0	0	[(25600, 1, 0),(25600, 1, 0),(26032, 1, 0)]
89	0	0	[(25600, 1, 0),(26344, 1, 0),(26032, 1, 0)]	0	0	[(25600, 1, 0),(25600, 1, 0),(26032, 1, 0)]
90	277200	100	[(25600, 1, 2500),(26344, 1, 2500),(26032, 1, 1500),(26686, 1, 2500),(26904, 1, 4000)]	138600	50	[(25600, 1, 2500),(25600, 1, 2500),(26032, 1, 1500),(26686, 1, 2500),(26904, 1, 4000)]
91	0	24	[(25600, 1, 750),(26344, 1, 750),(26032, 1, 500)]	0	12	[(25600, 1, 750),(25600, 1, 750),(26032, 1, 500)]
92	0	24	[(25600, 1, 750),(26344, 1, 750),(26032, 1, 500)]	0	12	[(25600, 1, 750),(25600, 1, 750),(26032, 1, 500)]
93	0	60	[(25600, 1, 1500),(26344, 1, 1500),(26032, 1, 1000),(26943, 1, 4000)]	0	30	[(25600, 1, 1500),(25600, 1, 1500),(26032, 1, 1000),(26943, 1, 4000)]
94	0	24	[(25600, 1, 750),(26344, 1, 750),(26032, 1, 500)]	0	12	[(25600, 1, 750),(25600, 1, 750),(26032, 1, 500)]
95	0	24	[(25600, 1, 750),(26344, 1, 750),(26032, 1, 500)]	0	12	[(25600, 1, 750),(25600, 1, 750),(26032, 1, 500)]
96	0	60	[(25600, 1, 1500),(26344, 1, 1500),(26032, 1, 1000),(26943, 1, 4000)]	0	30	[(25600, 1, 1500),(25600, 1, 1500),(26032, 1, 1000),(26943, 1, 4000)]
97	0	24	[(25600, 1, 750),(26344, 1, 750),(26032, 1, 500)]	0	12	[(25600, 1, 750),(25600, 1, 750),(26032, 1, 500)]
98	0	24	[(25600, 1, 750),(26344, 1, 750),(26032, 1, 500)]	0	12	[(25600, 1, 750),(25600, 1, 750),(26032, 1, 500)]
99	0	60	[(25600, 1, 1500),(26344, 1, 1500),(26032, 1, 1000),(26943, 1, 4000)]	0	30	[(25600, 1, 1500),(25600, 1, 1500),(26032, 1, 1000),(26943, 1, 4000)]
100	0	24	[(25600, 1, 750),(26344, 1, 750),(26032, 1, 500)]	0	12	[(25600, 1, 750),(25600, 1, 750),(26032, 1, 500)]
101	0	24	[(25600, 1, 750),(26344, 1, 750),(26032, 1, 500)]	0	12	[(25600, 1, 750),(25600, 1, 750),(26032, 1, 500)]
102	0	60	[(25600, 1, 1500),(26344, 1, 1500),(26032, 1, 1000),(26943, 1, 4000)]	0	30	[(25600, 1, 1500),(25600, 1, 1500),(26032, 1, 1000),(26943, 1, 4000)]
103	0	0	[(25600, 1, 0),(26344, 1, 0),(26032, 1, 0)]	0	0	[(25600, 1, 0),(25600, 1, 0),(26032, 1, 0)]
104	0	0	[(25600, 1, 0),(26344, 1, 0),(26032, 1, 0)]	0	0	[(25600, 1, 0),(25600, 1, 0),(26032, 1, 0)]
105	172000	120	[(25600, 1, 2500),(26344, 1, 2500),(26032, 1, 1500),(26705, 1, 2500),(26943, 1, 4000)]	86000	60	[(25600, 1, 2500),(25600, 1, 2500),(26032, 1, 1500),(26705, 1, 2500),(26943, 1, 4000)]
106	0	24	[(25600, 1, 750),(26344, 1, 750),(26032, 1, 500)]	0	12	[(25600, 1, 750),(25600, 1, 750),(26032, 1, 500)]
107	0	24	[(25600, 1, 750),(26344, 1, 750),(26032, 1, 500)]	0	12	[(25600, 1, 750),(25600, 1, 750),(26032, 1, 500)]
108	0	60	[(25600, 1, 1500),(26344, 1, 1500),(26032, 1, 1000),(26943, 1, 4000)]	0	30	[(25600, 1, 1500),(25600, 1, 1500),(26032, 1, 1000),(26943, 1, 4000)]
109	0	24	[(25600, 1, 750),(26344, 1, 750),(26032, 1, 500)]	0	12	[(25600, 1, 750),(25600, 1, 750),(26032, 1, 500)]
110	0	24	[(25600, 1, 750),(26344, 1, 750),(26032, 1, 500)]	0	12	[(25600, 1, 750),(25600, 1, 750),(26032, 1, 500)]
111	0	60	[(25600, 1, 1500),(26344, 1, 1500),(26032, 1, 1000),(26943, 1, 4000)]	0	30	[(25600, 1, 1500),(25600, 1, 1500),(26032, 1, 1000),(26943, 1, 4000)]
112	0	24	[(25600, 1, 750),(26344, 1, 750),(26032, 1, 500)]	0	12	[(25600, 1, 750),(25600, 1, 750),(26032, 1, 500)]
113	0	24	[(25600, 1, 750),(26344, 1, 750),(26032, 1, 500)]	0	12	[(25600, 1, 750),(25600, 1, 750),(26032, 1, 500)]
114	0	60	[(25600, 1, 1500),(26344, 1, 1500),(26032, 1, 1000),(26943, 1, 4000)]	0	30	[(25600, 1, 1500),(25600, 1, 1500),(26032, 1, 1000),(26943, 1, 4000)]
115	0	24	[(25600, 1, 750),(26344, 1, 750),(26032, 1, 500)]	0	12	[(25600, 1, 750),(25600, 1, 750),(26032, 1, 500)]
116	0	24	[(25600, 1, 750),(26344, 1, 750),(26032, 1, 500)]	0	12	[(25600, 1, 750),(25600, 1, 750),(26032, 1, 500)]
117	0	60	[(25600, 1, 1500),(26344, 1, 1500),(26032, 1, 1000),(26943, 1, 4000)]	0	30	[(25600, 1, 1500),(25600, 1, 1500),(26032, 1, 1000),(26943, 1, 4000)]
118	0	0	[(25600, 1, 0),(26344, 1, 0),(26032, 1, 0)]	0	0	[(25600, 1, 0),(25600, 1, 0),(26032, 1, 0)]
119	0	0	[(25600, 1, 0),(26344, 1, 0),(26032, 1, 0)]	0	0	[(25600, 1, 0),(25600, 1, 0),(26032, 1, 0)]
120	206400	120	[(25600, 1, 2500),(26344, 1, 2500),(26032, 1, 1500),(26706, 1, 2500),(26943, 1, 4000)]	103200	60	[(25600, 1, 2500),(25600, 1, 2500),(26032, 1, 1500),(26706, 1, 2500),(26943, 1, 4000)]
121	0	24	[(25600, 1, 750),(26344, 1, 750),(26032, 1, 500)]	0	12	[(25600, 1, 750),(25600, 1, 750),(26032, 1, 500)]
122	0	24	[(25600, 1, 750),(26344, 1, 750),(26032, 1, 500)]	0	12	[(25600, 1, 750),(25600, 1, 750),(26032, 1, 500)]
123	0	60	[(25600, 1, 1500),(26344, 1, 1500),(26032, 1, 1000),(26944, 1, 4000)]	0	30	[(25600, 1, 1500),(25600, 1, 1500),(26032, 1, 1000),(26944, 1, 4000)]
124	0	24	[(25600, 1, 750),(26344, 1, 750),(26032, 1, 500)]	0	12	[(25600, 1, 750),(25600, 1, 750),(26032, 1, 500)]
125	0	24	[(25600, 1, 750),(26344, 1, 750),(26032, 1, 500)]	0	12	[(25600, 1, 750),(25600, 1, 750),(26032, 1, 500)]
126	0	60	[(25600, 1, 1500),(26344, 1, 1500),(26032, 1, 1000),(26944, 1, 4000)]	0	30	[(25600, 1, 1500),(25600, 1, 1500),(26032, 1, 1000),(26944, 1, 4000)]
127	0	24	[(25600, 1, 750),(26344, 1, 750),(26032, 1, 500)]	0	12	[(25600, 1, 750),(25600, 1, 750),(26032, 1, 500)]
128	0	24	[(25600, 1, 750),(26344, 1, 750),(26032, 1, 500)]	0	12	[(25600, 1, 750),(25600, 1, 750),(26032, 1, 500)]
129	0	60	[(25600, 1, 1500),(26344, 1, 1500),(26032, 1, 1000),(26944, 1, 4000)]	0	30	[(25600, 1, 1500),(25600, 1, 1500),(26032, 1, 1000),(26944, 1, 4000)]
130	0	24	[(25600, 1, 750),(26344, 1, 750),(26032, 1, 500)]	0	12	[(25600, 1, 750),(25600, 1, 750),(26032, 1, 500)]
131	0	24	[(25600, 1, 750),(26344, 1, 750),(26032, 1, 500)]	0	12	[(25600, 1, 750),(25600, 1, 750),(26032, 1, 500)]
132	0	60	[(25600, 1, 1500),(26344, 1, 1500),(26032, 1, 1000),(26944, 1, 4000)]	0	30	[(25600, 1, 1500),(25600, 1, 1500),(26032, 1, 1000),(26944, 1, 4000)]
133	0	0	[(25600, 1, 0),(26344, 1, 0),(26032, 1, 0)]	0	0	[(25600, 1, 0),(25600, 1, 0),(26032, 1, 0)]
134	0	0	[(25600, 1, 0),(26344, 1, 0),(26032, 1, 0)]	0	0	[(25600, 1, 0),(25600, 1, 0),(26032, 1, 0)]
135	240800	120	[(25600, 1, 2500),(26344, 1, 2500),(26032, 1, 1500),(26707, 1, 2500),(26944, 1, 4000)]	120400	60	[(25600, 1, 2500),(25600, 1, 2500),(26032, 1, 1500),(26707, 1, 2500),(26944, 1, 4000)]
136	0	24	[(25600, 1, 750),(26344, 1, 750),(26032, 1, 500)]	0	12	[(25600, 1, 750),(25600, 1, 750),(26032, 1, 500)]
137	0	24	[(25600, 1, 750),(26344, 1, 750),(26032, 1, 500)]	0	12	[(25600, 1, 750),(25600, 1, 750),(26032, 1, 500)]
138	0	60	[(25600, 1, 1500),(26344, 1, 1500),(26032, 1, 1000),(26944, 1, 4000)]	0	30	[(25600, 1, 1500),(25600, 1, 1500),(26032, 1, 1000),(26944, 1, 4000)]
139	0	24	[(25600, 1, 750),(26344, 1, 750),(26032, 1, 500)]	0	12	[(25600, 1, 750),(25600, 1, 750),(26032, 1, 500)]
140	0	24	[(25600, 1, 750),(26344, 1, 750),(26032, 1, 500)]	0	12	[(25600, 1, 750),(25600, 1, 750),(26032, 1, 500)]
141	0	60	[(25600, 1, 1500),(26344, 1, 1500),(26032, 1, 1000),(26944, 1, 4000)]	0	30	[(25600, 1, 1500),(25600, 1, 1500),(26032, 1, 1000),(26944, 1, 4000)]
142	0	24	[(25600, 1, 750),(26344, 1, 750),(26032, 1, 500)]	0	12	[(25600, 1, 750),(25600, 1, 750),(26032, 1, 500)]
143	0	24	[(25600, 1, 750),(26344, 1, 750),(26032, 1, 500)]	0	12	[(25600, 1, 750),(25600, 1, 750),(26032, 1, 500)]
144	0	60	[(25600, 1, 1500),(26344, 1, 1500),(26032, 1, 1000),(26944, 1, 4000)]	0	30	[(25600, 1, 1500),(25600, 1, 1500),(26032, 1, 1000),(26944, 1, 4000)]
145	0	24	[(25600, 1, 750),(26344, 1, 750),(26032, 1, 500)]	0	12	[(25600, 1, 750),(25600, 1, 750),(26032, 1, 500)]
146	0	24	[(25600, 1, 750),(26344, 1, 750),(26032, 1, 500)]	0	12	[(25600, 1, 750),(25600, 1, 750),(26032, 1, 500)]
147	0	60	[(25600, 1, 1500),(26344, 1, 1500),(26032, 1, 1000),(26944, 1, 4000)]	0	30	[(25600, 1, 1500),(25600, 1, 1500),(26032, 1, 1000),(26944, 1, 4000)]
148	0	0	[(25600, 1, 0),(26344, 1, 0),(26032, 1, 0)]	0	0	[(25600, 1, 0),(25600, 1, 0),(26032, 1, 0)]
149	0	0	[(25600, 1, 0),(26344, 1, 0),(26032, 1, 0)]	0	0	[(25600, 1, 0),(25600, 1, 0),(26032, 1, 0)]
150	275200	120	[(25600, 1, 2500),(26344, 1, 2500),(26032, 1, 1500),(26708, 1, 2500),(26944, 1, 4000)]	137600	60	[(25600, 1, 2500),(25600, 1, 2500),(26032, 1, 1500),(26708, 1, 2500),(26944, 1, 4000)]
151	0	24	[(25600, 1, 750),(26344, 1, 750),(26032, 1, 500)]	0	12	[(25600, 1, 750),(25600, 1, 750),(26032, 1, 500)]
152	0	24	[(25600, 1, 750),(26344, 1, 750),(26032, 1, 500)]	0	12	[(25600, 1, 750),(25600, 1, 750),(26032, 1, 500)]
153	0	60	[(25600, 1, 1500),(26344, 1, 1500),(26032, 1, 1000),(26945, 1, 4000)]	0	30	[(25600, 1, 1500),(25600, 1, 1500),(26032, 1, 1000),(26945, 1, 4000)]
154	0	24	[(25600, 1, 750),(26344, 1, 750),(26032, 1, 500)]	0	12	[(25600, 1, 750),(25600, 1, 750),(26032, 1, 500)]
155	0	12	[(25600, 1, 750),(26344, 1, 750),(26032, 1, 500)]	0	6	[(25600, 1, 750),(25600, 1, 750),(26032, 1, 500)]
156	0	60	[(25600, 1, 1500),(26344, 1, 1500),(26032, 1, 1000),(26945, 1, 4000)]	0	30	[(25600, 1, 1500),(25600, 1, 1500),(26032, 1, 1000),(26945, 1, 4000)]
157	0	24	[(25600, 1, 750),(26344, 1, 750),(26032, 1, 500)]	0	12	[(25600, 1, 750),(25600, 1, 750),(26032, 1, 500)]
158	0	12	[(25600, 1, 750),(26344, 1, 750),(26032, 1, 500)]	0	6	[(25600, 1, 750),(25600, 1, 750),(26032, 1, 500)]
159	0	60	[(25600, 1, 1500),(26344, 1, 1500),(26032, 1, 1000),(26945, 1, 4000)]	0	30	[(25600, 1, 1500),(25600, 1, 1500),(26032, 1, 1000),(26945, 1, 4000)]
160	0	24	[(25600, 1, 750),(26344, 1, 750),(26032, 1, 500)]	0	12	[(25600, 1, 750),(25600, 1, 750),(26032, 1, 500)]
161	0	12	[(25600, 1, 750),(26344, 1, 750),(26032, 1, 500)]	0	6	[(25600, 1, 750),(25600, 1, 750),(26032, 1, 500)]
162	0	60	[(25600, 1, 1500),(26344, 1, 1500),(26032, 1, 1000),(26945, 1, 4000)]	0	30	[(25600, 1, 1500),(25600, 1, 1500),(26032, 1, 1000),(26945, 1, 4000)]
163	0	0	[(25600, 1, 0),(26344, 1, 0),(26032, 1, 0)]	0	0	[(25600, 1, 0),(25600, 1, 0),(26032, 1, 0)]
164	0	0	[(25600, 1, 0),(26344, 1, 0),(26032, 1, 0)]	0	0	[(25600, 1, 0),(25600, 1, 0),(26032, 1, 0)]
165	309600	120	[(25600, 1, 2500),(26344, 1, 2500),(26032, 1, 1500),(26709, 1, 2500),(26945, 1, 4000)]	154800	60	[(25600, 1, 2500),(25600, 1, 2500),(26032, 1, 1500),(26709, 1, 2500),(26945, 1, 4000)]
166	0	24	[(25600, 1, 750),(26344, 1, 750),(26032, 1, 500)]	0	12	[(25600, 1, 750),(25600, 1, 750),(26032, 1, 500)]
167	0	12	[(25600, 1, 750),(26344, 1, 750),(26032, 1, 500)]	0	6	[(25600, 1, 750),(25600, 1, 750),(26032, 1, 500)]
168	0	60	[(25600, 1, 1500),(26344, 1, 1500),(26032, 1, 1000),(26945, 1, 4000)]	0	30	[(25600, 1, 1500),(25600, 1, 1500),(26032, 1, 1000),(26945, 1, 4000)]
169	0	24	[(25600, 1, 750),(26344, 1, 750),(26032, 1, 500)]	0	12	[(25600, 1, 750),(25600, 1, 750),(26032, 1, 500)]
170	0	12	[(25600, 1, 750),(26344, 1, 750),(26032, 1, 500)]	0	6	[(25600, 1, 750),(25600, 1, 750),(26032, 1, 500)]
171	0	60	[(25600, 1, 1500),(26344, 1, 1500),(26032, 1, 1000),(26945, 1, 4000)]	0	30	[(25600, 1, 1500),(25600, 1, 1500),(26032, 1, 1000),(26945, 1, 4000)]
172	0	24	[(25600, 1, 750),(26344, 1, 750),(26032, 1, 500)]	0	12	[(25600, 1, 750),(25600, 1, 750),(26032, 1, 500)]
173	0	12	[(25600, 1, 750),(26344, 1, 750),(26032, 1, 500)]	0	6	[(25600, 1, 750),(25600, 1, 750),(26032, 1, 500)]
174	0	60	[(25600, 1, 1500),(26344, 1, 1500),(26032, 1, 1000),(26945, 1, 4000)]	0	30	[(25600, 1, 1500),(25600, 1, 1500),(26032, 1, 1000),(26945, 1, 4000)]
175	0	24	[(25600, 1, 750),(26344, 1, 750),(26032, 1, 500)]	0	12	[(25600, 1, 750),(25600, 1, 750),(26032, 1, 500)]
176	0	12	[(25600, 1, 750),(26344, 1, 750),(26032, 1, 500)]	0	6	[(25600, 1, 750),(25600, 1, 750),(26032, 1, 500)]
177	0	60	[(25600, 1, 1500),(26344, 1, 1500),(26032, 1, 1000),(26945, 1, 4000)]	0	30	[(25600, 1, 1500),(25600, 1, 1500),(26032, 1, 1000),(26945, 1, 4000)]
178	0	0	[(25600, 1, 0),(26344, 1, 0),(26032, 1, 0)]	0	0	[(25600, 1, 0),(25600, 1, 0),(26032, 1, 0)]
179	0	0	[(25600, 1, 0),(26344, 1, 0),(26032, 1, 0)]	0	0	[(25600, 1, 0),(25600, 1, 0),(26032, 1, 0)]
180	344000	120	[(25600, 1, 2500),(26344, 1, 2500),(26032, 1, 1500),(26710, 1, 2500),(26945, 1, 4000)]	172000	60	[(25600, 1, 2500),(25600, 1, 2500),(26032, 1, 1500),(26710, 1, 2500),(26945, 1, 4000)]
181	0	28	[(25600, 1, 750),(26344, 1, 750),(26032, 1, 500)]	0	14	[(25600, 1, 750),(25600, 1, 750),(26032, 1, 500)]
182	0	28	[(25600, 1, 750),(26344, 1, 750),(26032, 1, 500)]	0	14	[(25600, 1, 750),(25600, 1, 750),(26032, 1, 500)]
183	0	70	[(25600, 1, 1500),(26344, 1, 1500),(26032, 1, 1000),(26946, 1, 4000)]	0	35	[(25600, 1, 1500),(25600, 1, 1500),(26032, 1, 1000),(26946, 1, 4000)]
184	0	28	[(25600, 1, 750),(26344, 1, 750),(26032, 1, 500)]	0	14	[(25600, 1, 750),(25600, 1, 750),(26032, 1, 500)]
185	0	28	[(25600, 1, 750),(26344, 1, 750),(26032, 1, 500)]	0	14	[(25600, 1, 750),(25600, 1, 750),(26032, 1, 500)]
186	0	70	[(25600, 1, 1500),(26344, 1, 1500),(26032, 1, 1000),(26946, 1, 4000)]	0	35	[(25600, 1, 1500),(25600, 1, 1500),(26032, 1, 1000),(26946, 1, 4000)]
187	0	28	[(25600, 1, 750),(26344, 1, 750),(26032, 1, 500)]	0	14	[(25600, 1, 750),(25600, 1, 750),(26032, 1, 500)]
188	0	28	[(25600, 1, 750),(26344, 1, 750),(26032, 1, 500)]	0	14	[(25600, 1, 750),(25600, 1, 750),(26032, 1, 500)]
189	0	70	[(25600, 1, 1500),(26344, 1, 1500),(26032, 1, 1000),(26946, 1, 4000)]	0	35	[(25600, 1, 1500),(25600, 1, 1500),(26032, 1, 1000),(26946, 1, 4000)]
190	0	28	[(25600, 1, 750),(26344, 1, 750),(26032, 1, 500)]	0	14	[(25600, 1, 750),(25600, 1, 750),(26032, 1, 500)]
191	0	28	[(25600, 1, 750),(26344, 1, 750),(26032, 1, 500)]	0	14	[(25600, 1, 750),(25600, 1, 750),(26032, 1, 500)]
192	0	70	[(25600, 1, 1500),(26344, 1, 1500),(26032, 1, 1000),(26946, 1, 4000)]	0	35	[(25600, 1, 1500),(25600, 1, 1500),(26032, 1, 1000),(26946, 1, 4000)]
193	0	0	[(25600, 1, 0),(26344, 1, 0),(26032, 1, 0)]	0	0	[(25600, 1, 0),(25600, 1, 0),(26032, 1, 0)]
194	0	0	[(25600, 1, 0),(26344, 1, 0),(26032, 1, 0)]	0	0	[(25600, 1, 0),(25600, 1, 0),(26032, 1, 0)]
195	255000	140	[(25600, 1, 2500),(26344, 1, 2500),(26032, 1, 1500),(26729, 1, 2500),(26946, 1, 4000)]	127500	70	[(25600, 1, 2500),(25600, 1, 2500),(26032, 1, 1500),(26729, 1, 2500),(26946, 1, 4000)]
196	0	28	[(25600, 1, 750),(26344, 1, 750),(26032, 1, 500)]	0	14	[(25600, 1, 750),(25600, 1, 750),(26032, 1, 500)]
197	0	28	[(25600, 1, 750),(26344, 1, 750),(26032, 1, 500)]	0	14	[(25600, 1, 750),(25600, 1, 750),(26032, 1, 500)]
198	0	70	[(25600, 1, 1500),(26344, 1, 1500),(26032, 1, 1000),(26946, 1, 4000)]	0	35	[(25600, 1, 1500),(25600, 1, 1500),(26032, 1, 1000),(26946, 1, 4000)]
199	0	28	[(25600, 1, 750),(26344, 1, 750),(26032, 1, 500)]	0	14	[(25600, 1, 750),(25600, 1, 750),(26032, 1, 500)]
200	0	28	[(25600, 1, 750),(26344, 1, 750),(26032, 1, 500)]	0	14	[(25600, 1, 750),(25600, 1, 750),(26032, 1, 500)]
201	0	70	[(25600, 1, 1500),(26344, 1, 1500),(26032, 1, 1000),(26946, 1, 4000)]	0	35	[(25600, 1, 1500),(25600, 1, 1500),(26032, 1, 1000),(26946, 1, 4000)]
202	0	28	[(25600, 1, 750),(26344, 1, 750),(26032, 1, 500)]	0	14	[(25600, 1, 750),(25600, 1, 750),(26032, 1, 500)]
203	0	28	[(25600, 1, 750),(26344, 1, 750),(26032, 1, 500)]	0	14	[(25600, 1, 750),(25600, 1, 750),(26032, 1, 500)]
204	0	70	[(25600, 1, 1500),(26344, 1, 1500),(26032, 1, 1000),(26946, 1, 4000)]	0	35	[(25600, 1, 1500),(25600, 1, 1500),(26032, 1, 1000),(26946, 1, 4000)]
205	0	28	[(25600, 1, 750),(26344, 1, 750),(26032, 1, 500)]	0	14	[(25600, 1, 750),(25600, 1, 750),(26032, 1, 500)]
206	0	28	[(25600, 1, 750),(26344, 1, 750),(26032, 1, 500)]	0	14	[(25600, 1, 750),(25600, 1, 750),(26032, 1, 500)]
207	0	70	[(25600, 1, 1500),(26344, 1, 1500),(26032, 1, 1000),(26946, 1, 4000)]	0	35	[(25600, 1, 1500),(25600, 1, 1500),(26032, 1, 1000),(26946, 1, 4000)]
208	0	0	[(25600, 1, 0),(26344, 1, 0),(26032, 1, 0)]	0	0	[(25600, 1, 0),(25600, 1, 0),(26032, 1, 0)]
209	0	0	[(25600, 1, 0),(26344, 1, 0),(26032, 1, 0)]	0	0	[(25600, 1, 0),(25600, 1, 0),(26032, 1, 0)]
210	306000	140	[(25600, 1, 2500),(26344, 1, 2500),(26032, 1, 1500),(26730, 1, 2500),(26946, 1, 4000)]	153000	70	[(25600, 1, 2500),(25600, 1, 2500),(26032, 1, 1500),(26730, 1, 2500),(26946, 1, 4000)]
211	0	28	[(25600, 1, 750),(26344, 1, 750),(26032, 1, 500)]	0	14	[(25600, 1, 750),(25600, 1, 750),(26032, 1, 500)]
212	0	28	[(25600, 1, 750),(26344, 1, 750),(26032, 1, 500)]	0	14	[(25600, 1, 750),(25600, 1, 750),(26032, 1, 500)]
213	0	70	[(25600, 1, 1500),(26344, 1, 1500),(26032, 1, 1000),(26947, 1, 4000)]	0	35	[(25600, 1, 1500),(25600, 1, 1500),(26032, 1, 1000),(26947, 1, 4000)]
214	0	28	[(25600, 1, 750),(26344, 1, 750),(26032, 1, 500)]	0	14	[(25600, 1, 750),(25600, 1, 750),(26032, 1, 500)]
215	0	28	[(25600, 1, 750),(26344, 1, 750),(26032, 1, 500)]	0	14	[(25600, 1, 750),(25600, 1, 750),(26032, 1, 500)]
216	0	70	[(25600, 1, 1500),(26344, 1, 1500),(26032, 1, 1000),(26947, 1, 4000)]	0	35	[(25600, 1, 1500),(25600, 1, 1500),(26032, 1, 1000),(26947, 1, 4000)]
217	0	28	[(25600, 1, 750),(26344, 1, 750),(26032, 1, 500)]	0	14	[(25600, 1, 750),(25600, 1, 750),(26032, 1, 500)]
218	0	28	[(25600, 1, 750),(26344, 1, 750),(26032, 1, 500)]	0	14	[(25600, 1, 750),(25600, 1, 750),(26032, 1, 500)]
219	0	70	[(25600, 1, 1500),(26344, 1, 1500),(26032, 1, 1000),(26947, 1, 4000)]	0	35	[(25600, 1, 1500),(25600, 1, 1500),(26032, 1, 1000),(26947, 1, 4000)]
220	0	28	[(25600, 1, 750),(26344, 1, 750),(26032, 1, 500)]	0	14	[(25600, 1, 750),(25600, 1, 750),(26032, 1, 500)]
221	0	28	[(25600, 1, 750),(26344, 1, 750),(26032, 1, 500)]	0	14	[(25600, 1, 750),(25600, 1, 750),(26032, 1, 500)]
222	0	70	[(25600, 1, 1500),(26344, 1, 1500),(26032, 1, 1000),(26947, 1, 4000)]	0	35	[(25600, 1, 1500),(25600, 1, 1500),(26032, 1, 1000),(26947, 1, 4000)]
223	0	0	[(25600, 1, 0),(26344, 1, 0),(26032, 1, 0)]	0	0	[(25600, 1, 0),(25600, 1, 0),(26032, 1, 0)]
224	0	0	[(25600, 1, 0),(26344, 1, 0),(26032, 1, 0)]	0	0	[(25600, 1, 0),(25600, 1, 0),(26032, 1, 0)]
225	357000	140	[(25600, 1, 2500),(26344, 1, 2500),(26032, 1, 1500),(26731, 1, 2500),(26947, 1, 4000)]	178500	70	[(25600, 1, 2500),(25600, 1, 2500),(26032, 1, 1500),(26731, 1, 2500),(26947, 1, 4000)]
226	0	28	[(25600, 1, 750),(26344, 1, 750),(26032, 1, 500)]	0	14	[(25600, 1, 750),(25600, 1, 750),(26032, 1, 500)]
227	0	28	[(25600, 1, 750),(26344, 1, 750),(26032, 1, 500)]	0	14	[(25600, 1, 750),(25600, 1, 750),(26032, 1, 500)]
228	0	70	[(25600, 1, 1500),(26344, 1, 1500),(26032, 1, 1000),(26947, 1, 4000)]	0	35	[(25600, 1, 1500),(25600, 1, 1500),(26032, 1, 1000),(26947, 1, 4000)]
229	0	28	[(25600, 1, 750),(26344, 1, 750),(26032, 1, 500)]	0	14	[(25600, 1, 750),(25600, 1, 750),(26032, 1, 500)]
230	0	28	[(25600, 1, 750),(26344, 1, 750),(26032, 1, 500)]	0	14	[(25600, 1, 750),(25600, 1, 750),(26032, 1, 500)]
231	0	70	[(25600, 1, 1500),(26344, 1, 1500),(26032, 1, 1000),(26947, 1, 4000)]	0	35	[(25600, 1, 1500),(25600, 1, 1500),(26032, 1, 1000),(26947, 1, 4000)]
232	0	28	[(25600, 1, 750),(26344, 1, 750),(26032, 1, 500)]	0	14	[(25600, 1, 750),(25600, 1, 750),(26032, 1, 500)]
233	0	28	[(25600, 1, 750),(26344, 1, 750),(26032, 1, 500)]	0	14	[(25600, 1, 750),(25600, 1, 750),(26032, 1, 500)]
234	0	70	[(25600, 1, 1500),(26344, 1, 1500),(26032, 1, 1000),(26947, 1, 4000)]	0	35	[(25600, 1, 1500),(25600, 1, 1500),(26032, 1, 1000),(26947, 1, 4000)]
235	0	28	[(25600, 1, 750),(26344, 1, 750),(26032, 1, 500)]	0	14	[(25600, 1, 750),(25600, 1, 750),(26032, 1, 500)]
236	0	28	[(25600, 1, 750),(26344, 1, 750),(26032, 1, 500)]	0	14	[(25600, 1, 750),(25600, 1, 750),(26032, 1, 500)]
237	0	70	[(25600, 1, 1500),(26344, 1, 1500),(26032, 1, 1000),(26947, 1, 4000)]	0	35	[(25600, 1, 1500),(25600, 1, 1500),(26032, 1, 1000),(26947, 1, 4000)]
238	0	0	[(25600, 1, 0),(26344, 1, 0),(26032, 1, 0)]	0	0	[(25600, 1, 0),(25600, 1, 0),(26032, 1, 0)]
239	0	0	[(25600, 1, 0),(26344, 1, 0),(26032, 1, 0)]	0	0	[(25600, 1, 0),(25600, 1, 0),(26032, 1, 0)]
240	408000	140	[(25600, 1, 2500),(26344, 1, 2500),(26032, 1, 1500),(26732, 1, 2500),(26947, 1, 4000)]	204000	70	[(25600, 1, 2500),(25600, 1, 2500),(26032, 1, 1500),(26732, 1, 2500),(26947, 1, 4000)]
241	0	28	[(25600, 1, 750),(26344, 1, 750),(26032, 1, 500)]	0	14	[(25600, 1, 750),(25600, 1, 750),(26032, 1, 500)]
242	0	28	[(25600, 1, 750),(26344, 1, 750),(26032, 1, 500)]	0	14	[(25600, 1, 750),(25600, 1, 750),(26032, 1, 500)]
243	0	70	[(25600, 1, 1500),(26344, 1, 1500),(26032, 1, 1000),(26948, 1, 4000)]	0	35	[(25600, 1, 1500),(25600, 1, 1500),(26032, 1, 1000),(26948, 1, 4000)]
244	0	28	[(25600, 1, 750),(26344, 1, 750),(26032, 1, 500)]	0	14	[(25600, 1, 750),(25600, 1, 750),(26032, 1, 500)]
245	0	14	[(25600, 1, 750),(26344, 1, 750),(26032, 1, 500)]	0	7	[(25600, 1, 750),(25600, 1, 750),(26032, 1, 500)]
246	0	70	[(25600, 1, 1500),(26344, 1, 1500),(26032, 1, 1000),(26948, 1, 4000)]	0	35	[(25600, 1, 1500),(25600, 1, 1500),(26032, 1, 1000),(26948, 1, 4000)]
247	0	28	[(25600, 1, 750),(26344, 1, 750),(26032, 1, 500)]	0	14	[(25600, 1, 750),(25600, 1, 750),(26032, 1, 500)]
248	0	14	[(25600, 1, 750),(26344, 1, 750),(26032, 1, 500)]	0	7	[(25600, 1, 750),(25600, 1, 750),(26032, 1, 500)]
249	0	70	[(25600, 1, 1500),(26344, 1, 1500),(26032, 1, 1000),(26948, 1, 4000)]	0	35	[(25600, 1, 1500),(25600, 1, 1500),(26032, 1, 1000),(26948, 1, 4000)]
250	0	28	[(25600, 1, 750),(26344, 1, 750),(26032, 1, 500)]	0	14	[(25600, 1, 750),(25600, 1, 750),(26032, 1, 500)]
251	0	14	[(25600, 1, 750),(26344, 1, 750),(26032, 1, 500)]	0	7	[(25600, 1, 750),(25600, 1, 750),(26032, 1, 500)]
252	0	70	[(25600, 1, 1500),(26344, 1, 1500),(26032, 1, 1000),(26948, 1, 4000)]	0	35	[(25600, 1, 1500),(25600, 1, 1500),(26032, 1, 1000),(26948, 1, 4000)]
253	0	0	[(25600, 1, 0),(26344, 1, 0),(26032, 1, 0)]	0	0	[(25600, 1, 0),(25600, 1, 0),(26032, 1, 0)]
254	0	0	[(25600, 1, 0),(26344, 1, 0),(26032, 1, 0)]	0	0	[(25600, 1, 0),(25600, 1, 0),(26032, 1, 0)]
255	459000	140	[(25600, 1, 2500),(26344, 1, 2500),(26032, 1, 1500),(26733, 1, 2500),(26948, 1, 4000)]	229500	70	[(25600, 1, 2500),(25600, 1, 2500),(26032, 1, 1500),(26733, 1, 2500),(26948, 1, 4000)]
256	0	28	[(25600, 1, 750),(26344, 1, 750),(26032, 1, 500)]	0	14	[(25600, 1, 750),(25600, 1, 750),(26032, 1, 500)]
257	0	14	[(25600, 1, 750),(26344, 1, 750),(26032, 1, 500)]	0	7	[(25600, 1, 750),(25600, 1, 750),(26032, 1, 500)]
258	0	70	[(25600, 1, 1500),(26344, 1, 1500),(26032, 1, 1000),(26948, 1, 4000)]	0	35	[(25600, 1, 1500),(25600, 1, 1500),(26032, 1, 1000),(26948, 1, 4000)]
259	0	28	[(25600, 1, 750),(26344, 1, 750),(26032, 1, 500)]	0	14	[(25600, 1, 750),(25600, 1, 750),(26032, 1, 500)]
260	0	14	[(25600, 1, 750),(26344, 1, 750),(26032, 1, 500)]	0	7	[(25600, 1, 750),(25600, 1, 750),(26032, 1, 500)]
261	0	70	[(25600, 1, 1500),(26344, 1, 1500),(26032, 1, 1000),(26948, 1, 4000)]	0	35	[(25600, 1, 1500),(25600, 1, 1500),(26032, 1, 1000),(26948, 1, 4000)]
262	0	28	[(25600, 1, 750),(26344, 1, 750),(26032, 1, 500)]	0	14	[(25600, 1, 750),(25600, 1, 750),(26032, 1, 500)]
263	0	14	[(25600, 1, 750),(26344, 1, 750),(26032, 1, 500)]	0	7	[(25600, 1, 750),(25600, 1, 750),(26032, 1, 500)]
264	0	70	[(25600, 1, 1500),(26344, 1, 1500),(26032, 1, 1000),(26948, 1, 4000)]	0	35	[(25600, 1, 1500),(25600, 1, 1500),(26032, 1, 1000),(26948, 1, 4000)]
265	0	28	[(25600, 1, 750),(26344, 1, 750),(26032, 1, 500)]	0	14	[(25600, 1, 750),(25600, 1, 750),(26032, 1, 500)]
266	0	14	[(25600, 1, 750),(26344, 1, 750),(26032, 1, 500)]	0	7	[(25600, 1, 750),(25600, 1, 750),(26032, 1, 500)]
267	0	70	[(25600, 1, 1500),(26344, 1, 1500),(26032, 1, 1000),(26948, 1, 4000)]	0	35	[(25600, 1, 1500),(25600, 1, 1500),(26032, 1, 1000),(26948, 1, 4000)]
268	0	0	[(25600, 1, 0),(26344, 1, 0),(26032, 1, 0)]	0	0	[(25600, 1, 0),(25600, 1, 0),(26032, 1, 0)]
269	0	0	[(25600, 1, 0),(26344, 1, 0),(26032, 1, 0)]	0	0	[(25600, 1, 0),(25600, 1, 0),(26032, 1, 0)]
270	510000	140	[(25600, 1, 2500),(26344, 1, 2500),(26032, 1, 1500),(26734, 1, 2500),(26948, 1, 4000)]	255000	70	[(25600, 1, 2500),(25600, 1, 2500),(26032, 1, 1500),(26734, 1, 2500),(26948, 1, 4000)]
271	0	30	[(25600, 1, 750),(26344, 1, 750),(26032, 1, 500)]	0	15	[(25600, 1, 750),(25600, 1, 750),(26032, 1, 500)]
272	0	30	[(25600, 1, 750),(26344, 1, 750),(26032, 1, 500)]	0	15	[(25600, 1, 750),(25600, 1, 750),(26032, 1, 500)]
273	0	72	[(27194,3,10000)]	0	36	[(27194,3,10000)]
274	0	30	[(25600, 1, 750),(26344, 1, 750),(26032, 1, 500)]	0	15	[(25600, 1, 750),(25600, 1, 750),(26032, 1, 500)]
275	0	30	[(25600, 1, 750),(26344, 1, 750),(26032, 1, 500)]	0	15	[(25600, 1, 750),(25600, 1, 750),(26032, 1, 500)]
276	0	72	[(27194,3,10000)]	0	36	[(27194,3,10000)]
277	0	30	[(25600, 1, 750),(26344, 1, 750),(26032, 1, 500)]	0	15	[(25600, 1, 750),(25600, 1, 750),(26032, 1, 500)]
278	0	30	[(25600, 1, 750),(26344, 1, 750),(26032, 1, 500)]	0	15	[(25600, 1, 750),(25600, 1, 750),(26032, 1, 500)]
279	0	72	[(27194,3,10000)]	0	36	[(27194,3,10000)]
280	0	30	[(25600, 1, 750),(26344, 1, 750),(26032, 1, 500)]	0	15	[(25600, 1, 750),(25600, 1, 750),(26032, 1, 500)]
281	0	30	[(25600, 1, 750),(26344, 1, 750),(26032, 1, 500)]	0	15	[(25600, 1, 750),(25600, 1, 750),(26032, 1, 500)]
282	0	72	[(27194,3,10000)]	0	36	[(27194,3,10000)]
283	0	0	[(25600, 1, 750),(26344, 1, 750),(26032, 1, 500)]	0	0	[(25600, 1, 750),(25600, 1, 750),(26032, 1, 500)]
284	0	0	[(25600, 1, 750),(26344, 1, 750),(26032, 1, 500)]	0	0	[(25600, 1, 750),(25600, 1, 750),(26032, 1, 500)]
285	303000	150	[(27359,1,10000),(27365,1,10000),(27197,1,1000)]	151500	75	[(27359,1,10000),(27365,1,10000),(27197,1,1000)]
286	0	30	[(25600, 1, 750),(26344, 1, 750),(26032, 1, 500)]	0	15	[(25600, 1, 750),(25600, 1, 750),(26032, 1, 500)]
287	0	30	[(25600, 1, 750),(26344, 1, 750),(26032, 1, 500)]	0	15	[(25600, 1, 750),(25600, 1, 750),(26032, 1, 500)]
288	0	72	[(27194,4,10000)]	0	36	[(27194,4,10000)]
289	0	30	[(25600, 1, 750),(26344, 1, 750),(26032, 1, 500)]	0	15	[(25600, 1, 750),(25600, 1, 750),(26032, 1, 500)]
290	0	30	[(25600, 1, 750),(26344, 1, 750),(26032, 1, 500)]	0	15	[(25600, 1, 750),(25600, 1, 750),(26032, 1, 500)]
291	0	72	[(27194,4,10000)]	0	36	[(27194,4,10000)]
292	0	30	[(25600, 1, 750),(26344, 1, 750),(26032, 1, 500)]	0	15	[(25600, 1, 750),(25600, 1, 750),(26032, 1, 500)]
293	0	30	[(25600, 1, 750),(26344, 1, 750),(26032, 1, 500)]	0	15	[(25600, 1, 750),(25600, 1, 750),(26032, 1, 500)]
294	0	72	[(27194,4,10000)]	0	36	[(27194,4,10000)]
295	0	30	[(25600, 1, 750),(26344, 1, 750),(26032, 1, 500)]	0	15	[(25600, 1, 750),(25600, 1, 750),(26032, 1, 500)]
296	0	30	[(25600, 1, 750),(26344, 1, 750),(26032, 1, 500)]	0	15	[(25600, 1, 750),(25600, 1, 750),(26032, 1, 500)]
297	0	72	[(27194,4,10000)]	0	36	[(27194,4,10000)]
298	0	0	[(25600, 1, 750),(26344, 1, 750),(26032, 1, 500)]	0	0	[(25600, 1, 750),(25600, 1, 750),(26032, 1, 500)]
299	0	0	[(25600, 1, 750),(26344, 1, 750),(26032, 1, 500)]	0	0	[(25600, 1, 750),(25600, 1, 750),(26032, 1, 500)]
300	363600	150	[(27360,1,10000),(27365,1,10000),(27198,1,1000)]	181800	75	[(27360,1,10000),(27365,1,10000),(27198,1,1000)]
301	0	30	[(25600, 1, 750),(26344, 1, 750),(26032, 1, 500)]	0	15	[(25600, 1, 750),(25600, 1, 750),(26032, 1, 500)]
302	0	30	[(25600, 1, 750),(26344, 1, 750),(26032, 1, 500)]	0	15	[(25600, 1, 750),(25600, 1, 750),(26032, 1, 500)]
303	0	72	[(27194,5,10000)]	0	36	[(27194,5,10000)]
304	0	30	[(25600, 1, 750),(26344, 1, 750),(26032, 1, 500)]	0	15	[(25600, 1, 750),(25600, 1, 750),(26032, 1, 500)]
305	0	30	[(25600, 1, 750),(26344, 1, 750),(26032, 1, 500)]	0	15	[(25600, 1, 750),(25600, 1, 750),(26032, 1, 500)]
306	0	72	[(27194,5,10000)]	0	36	[(27194,5,10000)]
307	0	30	[(25600, 1, 750),(26344, 1, 750),(26032, 1, 500)]	0	15	[(25600, 1, 750),(25600, 1, 750),(26032, 1, 500)]
308	0	30	[(25600, 1, 750),(26344, 1, 750),(26032, 1, 500)]	0	15	[(25600, 1, 750),(25600, 1, 750),(26032, 1, 500)]
309	0	72	[(27194,5,10000)]	0	36	[(27194,5,10000)]
310	0	30	[(25600, 1, 750),(26344, 1, 750),(26032, 1, 500)]	0	15	[(25600, 1, 750),(25600, 1, 750),(26032, 1, 500)]
311	0	30	[(25600, 1, 750),(26344, 1, 750),(26032, 1, 500)]	0	15	[(25600, 1, 750),(25600, 1, 750),(26032, 1, 500)]
312	0	72	[(27194,5,10000)]	0	36	[(27194,5,10000)]
313	0	0	[(25600, 1, 750),(26344, 1, 750),(26032, 1, 500)]	0	0	[(25600, 1, 750),(25600, 1, 750),(26032, 1, 500)]
314	0	0	[(25600, 1, 750),(26344, 1, 750),(26032, 1, 500)]	0	0	[(25600, 1, 750),(25600, 1, 750),(26032, 1, 500)]
315	424200	150	[(27361,1,10000),(27366,1,10000),(27199,1,1000)]	212100	75	[(27361,1,10000),(27366,1,10000),(27199,1,1000)]
316	0	30	[(25600, 1, 750),(26344, 1, 750),(26032, 1, 500)]	0	15	[(25600, 1, 750),(25600, 1, 750),(26032, 1, 500)]
317	0	30	[(25600, 1, 750),(26344, 1, 750),(26032, 1, 500)]	0	15	[(25600, 1, 750),(25600, 1, 750),(26032, 1, 500)]
318	0	72	[(27194,6,10000)]	0	36	[(27194,6,10000)]
319	0	30	[(25600, 1, 750),(26344, 1, 750),(26032, 1, 500)]	0	15	[(25600, 1, 750),(25600, 1, 750),(26032, 1, 500)]
320	0	30	[(25600, 1, 750),(26344, 1, 750),(26032, 1, 500)]	0	15	[(25600, 1, 750),(25600, 1, 750),(26032, 1, 500)]
321	0	72	[(27194,6,10000)]	0	36	[(27194,6,10000)]
322	0	30	[(25600, 1, 750),(26344, 1, 750),(26032, 1, 500)]	0	15	[(25600, 1, 750),(25600, 1, 750),(26032, 1, 500)]
323	0	30	[(25600, 1, 750),(26344, 1, 750),(26032, 1, 500)]	0	15	[(25600, 1, 750),(25600, 1, 750),(26032, 1, 500)]
324	0	72	[(27194,6,10000)]	0	36	[(27194,6,10000)]
325	0	30	[(25600, 1, 750),(26344, 1, 750),(26032, 1, 500)]	0	15	[(25600, 1, 750),(25600, 1, 750),(26032, 1, 500)]
326	0	30	[(25600, 1, 750),(26344, 1, 750),(26032, 1, 500)]	0	15	[(25600, 1, 750),(25600, 1, 750),(26032, 1, 500)]
327	0	72	[(27194,6,10000)]	0	36	[(27194,6,10000)]
328	0	0	[(25600, 1, 750),(26344, 1, 750),(26032, 1, 500)]	0	0	[(25600, 1, 750),(25600, 1, 750),(26032, 1, 500)]
329	0	0	[(25600, 1, 750),(26344, 1, 750),(26032, 1, 500)]	0	0	[(25600, 1, 750),(25600, 1, 750),(26032, 1, 500)]
330	484800	150	[(27362,1,10000),(27366,1,10000),(27200,1,1000)]	242400	75	[(27362,1,10000),(27366,1,10000),(27200,1,1000)]
331	0	30	[(25600, 1, 750),(26344, 1, 750),(26032, 1, 500)]	0	15	[(25600, 1, 750),(25600, 1, 750),(26032, 1, 500)]
332	0	30	[(25600, 1, 750),(26344, 1, 750),(26032, 1, 500)]	0	15	[(25600, 1, 750),(25600, 1, 750),(26032, 1, 500)]
333	0	72	[(27194,7,10000)]	0	36	[(27194,7,10000)]
334	0	30	[(25600, 1, 750),(26344, 1, 750),(26032, 1, 500)]	0	15	[(25600, 1, 750),(25600, 1, 750),(26032, 1, 500)]
335	0	30	[(25600, 1, 750),(26344, 1, 750),(26032, 1, 500)]	0	15	[(25600, 1, 750),(25600, 1, 750),(26032, 1, 500)]
336	0	72	[(27194,7,10000)]	0	36	[(27194,7,10000)]
337	0	30	[(25600, 1, 750),(26344, 1, 750),(26032, 1, 500)]	0	15	[(25600, 1, 750),(25600, 1, 750),(26032, 1, 500)]
338	0	30	[(25600, 1, 750),(26344, 1, 750),(26032, 1, 500)]	0	15	[(25600, 1, 750),(25600, 1, 750),(26032, 1, 500)]
339	0	72	[(27194,7,10000)]	0	36	[(27194,7,10000)]
340	0	30	[(25600, 1, 750),(26344, 1, 750),(26032, 1, 500)]	0	15	[(25600, 1, 750),(25600, 1, 750),(26032, 1, 500)]
341	0	30	[(25600, 1, 750),(26344, 1, 750),(26032, 1, 500)]	0	15	[(25600, 1, 750),(25600, 1, 750),(26032, 1, 500)]
342	0	72	[(27194,7,10000)]	0	36	[(27194,7,10000)]
343	0	0	[(25600, 1, 750),(26344, 1, 750),(26032, 1, 500)]	0	0	[(25600, 1, 750),(25600, 1, 750),(26032, 1, 500)]
344	0	0	[(25600, 1, 750),(26344, 1, 750),(26032, 1, 500)]	0	0	[(25600, 1, 750),(25600, 1, 750),(26032, 1, 500)]
345	545400	150	[(27363,1,10000),(27367,1,10000),(27201,1,1000)]	272700	75	[(27363,1,10000),(27367,1,10000),(27201,1,1000)]
346	0	30	[(25600, 1, 750),(26344, 1, 750),(26032, 1, 500)]	0	15	[(25600, 1, 750),(25600, 1, 750),(26032, 1, 500)]
347	0	30	[(25600, 1, 750),(26344, 1, 750),(26032, 1, 500)]	0	15	[(25600, 1, 750),(25600, 1, 750),(26032, 1, 500)]
348	0	72	[(27194,8,10000)]	0	36	[(27194,8,10000)]
349	0	30	[(25600, 1, 750),(26344, 1, 750),(26032, 1, 500)]	0	15	[(25600, 1, 750),(25600, 1, 750),(26032, 1, 500)]
350	0	30	[(25600, 1, 750),(26344, 1, 750),(26032, 1, 500)]	0	15	[(25600, 1, 750),(25600, 1, 750),(26032, 1, 500)]
351	0	72	[(27194,8,10000)]	0	36	[(27194,8,10000)]
352	0	30	[(25600, 1, 750),(26344, 1, 750),(26032, 1, 500)]	0	15	[(25600, 1, 750),(25600, 1, 750),(26032, 1, 500)]
353	0	30	[(25600, 1, 750),(26344, 1, 750),(26032, 1, 500)]	0	15	[(25600, 1, 750),(25600, 1, 750),(26032, 1, 500)]
354	0	72	[(27194,8,10000)]	0	36	[(27194,8,10000)]
355	0	30	[(25600, 1, 750),(26344, 1, 750),(26032, 1, 500)]	0	15	[(25600, 1, 750),(25600, 1, 750),(26032, 1, 500)]
356	0	30	[(25600, 1, 750),(26344, 1, 750),(26032, 1, 500)]	0	15	[(25600, 1, 750),(25600, 1, 750),(26032, 1, 500)]
357	0	72	[(27194,8,10000)]	0	36	[(27194,8,10000)]
358	0	0	[(25600, 1, 750),(26344, 1, 750),(26032, 1, 500)]	0	0	[(25600, 1, 750),(25600, 1, 750),(26032, 1, 500)]
359	0	0	[(25600, 1, 750),(26344, 1, 750),(26032, 1, 500)]	0	0	[(25600, 1, 750),(25600, 1, 750),(26032, 1, 500)]
360	606000	150	[(27364,1,10000),(27367,1,10000),(27202,1,1000)]	303000	75	[(27364,1,10000),(27367,1,10000),(27202,1,1000)]
361	0	30	[(25600, 1, 750),(26344, 1, 750),(26032, 1, 500)]	0	15	[(25600, 1, 750),(25600, 1, 750),(26032, 1, 500)]
362	0	30	[(25600, 1, 750),(26344, 1, 750),(26032, 1, 500)]	0	15	[(25600, 1, 750),(25600, 1, 750),(26032, 1, 500)]
363	0	72	[(27194,3,10000)]	0	36	[(27194,3,10000)]
364	0	30	[(25600, 1, 750),(26344, 1, 750),(26032, 1, 500)]	0	15	[(25600, 1, 750),(25600, 1, 750),(26032, 1, 500)]
365	0	30	[(25600, 1, 750),(26344, 1, 750),(26032, 1, 500)]	0	15	[(25600, 1, 750),(25600, 1, 750),(26032, 1, 500)]
366	0	72	[(27194,3,10000)]	0	36	[(27194,3,10000)]
367	0	30	[(25600, 1, 750),(26344, 1, 750),(26032, 1, 500)]	0	15	[(25600, 1, 750),(25600, 1, 750),(26032, 1, 500)]
368	0	30	[(25600, 1, 750),(26344, 1, 750),(26032, 1, 500)]	0	15	[(25600, 1, 750),(25600, 1, 750),(26032, 1, 500)]
369	0	72	[(27194,3,10000)]	0	36	[(27194,3,10000)]
370	0	30	[(25600, 1, 750),(26344, 1, 750),(26032, 1, 500)]	0	15	[(25600, 1, 750),(25600, 1, 750),(26032, 1, 500)]
371	0	30	[(25600, 1, 750),(26344, 1, 750),(26032, 1, 500)]	0	15	[(25600, 1, 750),(25600, 1, 750),(26032, 1, 500)]
372	0	72	[(27194,3,10000)]	0	36	[(27194,3,10000)]
373	0	0	[(25600, 1, 750),(26344, 1, 750),(26032, 1, 500)]	0	0	[(25600, 1, 750),(25600, 1, 750),(26032, 1, 500)]
374	0	0	[(25600, 1, 750),(26344, 1, 750),(26032, 1, 500)]	0	0	[(25600, 1, 750),(25600, 1, 750),(26032, 1, 500)]
375	303000	150	[(27359,1,10000),(27645,1,10000),(27215,1,1000)]	151500	75	[(27359,1,10000),(27645,1,10000),(27215,1,1000)]
376	0	30	[(25600, 1, 750),(26344, 1, 750),(26032, 1, 500)]	0	15	[(25600, 1, 750),(25600, 1, 750),(26032, 1, 500)]
377	0	30	[(25600, 1, 750),(26344, 1, 750),(26032, 1, 500)]	0	15	[(25600, 1, 750),(25600, 1, 750),(26032, 1, 500)]
378	0	72	[(27194,4,10000)]	0	36	[(27194,4,10000)]
379	0	30	[(25600, 1, 750),(26344, 1, 750),(26032, 1, 500)]	0	15	[(25600, 1, 750),(25600, 1, 750),(26032, 1, 500)]
380	0	30	[(25600, 1, 750),(26344, 1, 750),(26032, 1, 500)]	0	15	[(25600, 1, 750),(25600, 1, 750),(26032, 1, 500)]
381	0	72	[(27194,4,10000)]	0	36	[(27194,4,10000)]
382	0	30	[(25600, 1, 750),(26344, 1, 750),(26032, 1, 500)]	0	15	[(25600, 1, 750),(25600, 1, 750),(26032, 1, 500)]
383	0	30	[(25600, 1, 750),(26344, 1, 750),(26032, 1, 500)]	0	15	[(25600, 1, 750),(25600, 1, 750),(26032, 1, 500)]
384	0	72	[(27194,4,10000)]	0	36	[(27194,4,10000)]
385	0	30	[(25600, 1, 750),(26344, 1, 750),(26032, 1, 500)]	0	15	[(25600, 1, 750),(25600, 1, 750),(26032, 1, 500)]
386	0	30	[(25600, 1, 750),(26344, 1, 750),(26032, 1, 500)]	0	15	[(25600, 1, 750),(25600, 1, 750),(26032, 1, 500)]
387	0	72	[(27194,4,10000)]	0	36	[(27194,4,10000)]
388	0	0	[(25600, 1, 750),(26344, 1, 750),(26032, 1, 500)]	0	0	[(25600, 1, 750),(25600, 1, 750),(26032, 1, 500)]
389	0	0	[(25600, 1, 750),(26344, 1, 750),(26032, 1, 500)]	0	0	[(25600, 1, 750),(25600, 1, 750),(26032, 1, 500)]
390	363600	150	[(27360,1,10000),(27645,1,10000),(27216,1,1000)]	181800	75	[(27360,1,10000),(27645,1,10000),(27216,1,1000)]
391	0	30	[(25600, 1, 750),(26344, 1, 750),(26032, 1, 500)]	0	15	[(25600, 1, 750),(25600, 1, 750),(26032, 1, 500)]
392	0	30	[(25600, 1, 750),(26344, 1, 750),(26032, 1, 500)]	0	15	[(25600, 1, 750),(25600, 1, 750),(26032, 1, 500)]
393	0	72	[(27194,5,10000)]	0	36	[(27194,5,10000)]
394	0	30	[(25600, 1, 750),(26344, 1, 750),(26032, 1, 500)]	0	15	[(25600, 1, 750),(25600, 1, 750),(26032, 1, 500)]
395	0	30	[(25600, 1, 750),(26344, 1, 750),(26032, 1, 500)]	0	15	[(25600, 1, 750),(25600, 1, 750),(26032, 1, 500)]
396	0	72	[(27194,5,10000)]	0	36	[(27194,5,10000)]
397	0	30	[(25600, 1, 750),(26344, 1, 750),(26032, 1, 500)]	0	15	[(25600, 1, 750),(25600, 1, 750),(26032, 1, 500)]
398	0	30	[(25600, 1, 750),(26344, 1, 750),(26032, 1, 500)]	0	15	[(25600, 1, 750),(25600, 1, 750),(26032, 1, 500)]
399	0	72	[(27194,5,10000)]	0	36	[(27194,5,10000)]
400	0	30	[(25600, 1, 750),(26344, 1, 750),(26032, 1, 500)]	0	15	[(25600, 1, 750),(25600, 1, 750),(26032, 1, 500)]
401	0	30	[(25600, 1, 750),(26344, 1, 750),(26032, 1, 500)]	0	15	[(25600, 1, 750),(25600, 1, 750),(26032, 1, 500)]
402	0	72	[(27194,5,10000)]	0	36	[(27194,5,10000)]
403	0	0	[(25600, 1, 750),(26344, 1, 750),(26032, 1, 500)]	0	0	[(25600, 1, 750),(25600, 1, 750),(26032, 1, 500)]
404	0	0	[(25600, 1, 750),(26344, 1, 750),(26032, 1, 500)]	0	0	[(25600, 1, 750),(25600, 1, 750),(26032, 1, 500)]
405	424200	150	[(27361,1,10000),(27646,1,10000),(27217,1,1000)]	212100	75	[(27361,1,10000),(27646,1,10000),(27217,1,1000)]
406	0	30	[(25600, 1, 750),(26344, 1, 750),(26032, 1, 500)]	0	15	[(25600, 1, 750),(25600, 1, 750),(26032, 1, 500)]
407	0	30	[(25600, 1, 750),(26344, 1, 750),(26032, 1, 500)]	0	15	[(25600, 1, 750),(25600, 1, 750),(26032, 1, 500)]
408	0	72	[(27194,6,10000)]	0	36	[(27194,6,10000)]
409	0	30	[(25600, 1, 750),(26344, 1, 750),(26032, 1, 500)]	0	15	[(25600, 1, 750),(25600, 1, 750),(26032, 1, 500)]
410	0	30	[(25600, 1, 750),(26344, 1, 750),(26032, 1, 500)]	0	15	[(25600, 1, 750),(25600, 1, 750),(26032, 1, 500)]
411	0	72	[(27194,6,10000)]	0	36	[(27194,6,10000)]
412	0	30	[(25600, 1, 750),(26344, 1, 750),(26032, 1, 500)]	0	15	[(25600, 1, 750),(25600, 1, 750),(26032, 1, 500)]
413	0	30	[(25600, 1, 750),(26344, 1, 750),(26032, 1, 500)]	0	15	[(25600, 1, 750),(25600, 1, 750),(26032, 1, 500)]
414	0	72	[(27194,6,10000)]	0	36	[(27194,6,10000)]
415	0	30	[(25600, 1, 750),(26344, 1, 750),(26032, 1, 500)]	0	15	[(25600, 1, 750),(25600, 1, 750),(26032, 1, 500)]
416	0	30	[(25600, 1, 750),(26344, 1, 750),(26032, 1, 500)]	0	15	[(25600, 1, 750),(25600, 1, 750),(26032, 1, 500)]
417	0	72	[(27194,6,10000)]	0	36	[(27194,6,10000)]
418	0	0	[(25600, 1, 750),(26344, 1, 750),(26032, 1, 500)]	0	0	[(25600, 1, 750),(25600, 1, 750),(26032, 1, 500)]
419	0	0	[(25600, 1, 750),(26344, 1, 750),(26032, 1, 500)]	0	0	[(25600, 1, 750),(25600, 1, 750),(26032, 1, 500)]
420	484800	150	[(27362,1,10000),(27646,1,10000),(27218,1,1000)]	242400	75	[(27362,1,10000),(27646,1,10000),(27218,1,1000)]
421	0	30	[(25600, 1, 750),(26344, 1, 750),(26032, 1, 500)]	0	15	[(25600, 1, 750),(25600, 1, 750),(26032, 1, 500)]
422	0	30	[(25600, 1, 750),(26344, 1, 750),(26032, 1, 500)]	0	15	[(25600, 1, 750),(25600, 1, 750),(26032, 1, 500)]
423	0	72	[(27194,7,10000)]	0	36	[(27194,7,10000)]
424	0	30	[(25600, 1, 750),(26344, 1, 750),(26032, 1, 500)]	0	15	[(25600, 1, 750),(25600, 1, 750),(26032, 1, 500)]
425	0	30	[(25600, 1, 750),(26344, 1, 750),(26032, 1, 500)]	0	15	[(25600, 1, 750),(25600, 1, 750),(26032, 1, 500)]
426	0	72	[(27194,7,10000)]	0	36	[(27194,7,10000)]
427	0	30	[(25600, 1, 750),(26344, 1, 750),(26032, 1, 500)]	0	15	[(25600, 1, 750),(25600, 1, 750),(26032, 1, 500)]
428	0	30	[(25600, 1, 750),(26344, 1, 750),(26032, 1, 500)]	0	15	[(25600, 1, 750),(25600, 1, 750),(26032, 1, 500)]
429	0	72	[(27194,7,10000)]	0	36	[(27194,7,10000)]
430	0	30	[(25600, 1, 750),(26344, 1, 750),(26032, 1, 500)]	0	15	[(25600, 1, 750),(25600, 1, 750),(26032, 1, 500)]
431	0	30	[(25600, 1, 750),(26344, 1, 750),(26032, 1, 500)]	0	15	[(25600, 1, 750),(25600, 1, 750),(26032, 1, 500)]
432	0	72	[(27194,7,10000)]	0	36	[(27194,7,10000)]
433	0	0	[(25600, 1, 750),(26344, 1, 750),(26032, 1, 500)]	0	0	[(25600, 1, 750),(25600, 1, 750),(26032, 1, 500)]
434	0	0	[(25600, 1, 750),(26344, 1, 750),(26032, 1, 500)]	0	0	[(25600, 1, 750),(25600, 1, 750),(26032, 1, 500)]
435	545400	150	[(27363,1,10000),(27647,1,10000),(27219,1,1000)]	272700	75	[(27363,1,10000),(27647,1,10000),(27219,1,1000)]
436	0	30	[(25600, 1, 750),(26344, 1, 750),(26032, 1, 500)]	0	15	[(25600, 1, 750),(25600, 1, 750),(26032, 1, 500)]
437	0	30	[(25600, 1, 750),(26344, 1, 750),(26032, 1, 500)]	0	15	[(25600, 1, 750),(25600, 1, 750),(26032, 1, 500)]
438	0	72	[(27194,8,10000)]	0	36	[(27194,8,10000)]
439	0	30	[(25600, 1, 750),(26344, 1, 750),(26032, 1, 500)]	0	15	[(25600, 1, 750),(25600, 1, 750),(26032, 1, 500)]
440	0	30	[(25600, 1, 750),(26344, 1, 750),(26032, 1, 500)]	0	15	[(25600, 1, 750),(25600, 1, 750),(26032, 1, 500)]
441	0	72	[(27194,8,10000)]	0	36	[(27194,8,10000)]
442	0	30	[(25600, 1, 750),(26344, 1, 750),(26032, 1, 500)]	0	15	[(25600, 1, 750),(25600, 1, 750),(26032, 1, 500)]
443	0	30	[(25600, 1, 750),(26344, 1, 750),(26032, 1, 500)]	0	15	[(25600, 1, 750),(25600, 1, 750),(26032, 1, 500)]
444	0	72	[(27194,8,10000)]	0	36	[(27194,8,10000)]
445	0	30	[(25600, 1, 750),(26344, 1, 750),(26032, 1, 500)]	0	15	[(25600, 1, 750),(25600, 1, 750),(26032, 1, 500)]
446	0	30	[(25600, 1, 750),(26344, 1, 750),(26032, 1, 500)]	0	15	[(25600, 1, 750),(25600, 1, 750),(26032, 1, 500)]
447	0	72	[(27194,8,10000)]	0	36	[(27194,8,10000)]
448	0	0	[(25600, 1, 750),(26344, 1, 750),(26032, 1, 500)]	0	0	[(25600, 1, 750),(25600, 1, 750),(26032, 1, 500)]
449	0	0	[(25600, 1, 750),(26344, 1, 750),(26032, 1, 500)]	0	0	[(25600, 1, 750),(25600, 1, 750),(26032, 1, 500)]
450	606000	150	[(27364,1,10000),(27647,1,10000),(27220,1,1000)]	303000	75	[(27364,1,10000),(27647,1,10000),(27220,1,1000)]
451	592	0	[(28233,1,0),(25600,1,0)]	296	0	[(28233,1,0),(25600,1,0)]
452	594	0	[(28233,1,0),(25600,1,0)]	297	0	[(28233,1,0),(25600,1,0)]
453	1196	0	[(28233,1,10000),(25600,1,1000)]	598	0	[(28233,1,10000),(25600,1,1000)]
454	598	0	[(28233,1,0),(25600,1,0)]	299	0	[(28233,1,0),(25600,1,0)]
455	600	0	[(28233,1,0),(25600,1,0)]	300	0	[(28233,1,0),(25600,1,0)]
456	1202	0	[(28233,1,10000),(25600,1,1000)]	601	0	[(28233,1,10000),(25600,1,1000)]
457	604	0	[(28233,1,0),(25600,1,0)]	302	0	[(28233,1,0),(25600,1,0)]
458	606	0	[(28233,1,0),(25600,1,0)]	303	0	[(28233,1,0),(25600,1,0)]
459	1208	0	[(28233,1,10000),(25600,1,1000)]	604	0	[(28233,1,10000),(25600,1,1000)]
460	610	0	[(28233,1,0),(25600,1,0)]	305	0	[(28233,1,0),(25600,1,0)]
461	612	0	[(28233,1,0),(25600,1,0)]	306	0	[(28233,1,0),(25600,1,0)]
462	1214	0	[(28233,1,10000),(25600,1,1000)]	607	0	[(28233,1,10000),(25600,1,1000)]
463	616	0	[(28233,1,0),(25600,1,0)]	308	0	[(28233,1,0),(25600,1,0)]
464	618	0	[(28233,1,0),(25600,1,0)]	309	0	[(28233,1,0),(25600,1,0)]
465	13904	0	[(28233,5,10000),(25600,2,5000)]	6952	0	[(28233,5,10000),(25600,2,5000)]
466	740	0	[(28233,1,0),(25600,1,0)]	370	0	[(28233,1,0),(25600,1,0)]
467	742	0	[(28233,1,0),(25600,1,0)]	371	0	[(28233,1,0),(25600,1,0)]
468	1344	0	[(28233,1,10000),(25600,1,1000)]	672	0	[(28233,1,10000),(25600,1,1000)]
469	746	0	[(28233,1,0),(25600,1,0)]	373	0	[(28233,1,0),(25600,1,0)]
470	748	0	[(28233,1,0),(25600,1,0)]	374	0	[(28233,1,0),(25600,1,0)]
471	1350	0	[(28233,1,10000),(25600,1,1000)]	675	0	[(28233,1,10000),(25600,1,1000)]
472	752	0	[(28233,1,0),(25600,1,0)]	376	0	[(28233,1,0),(25600,1,0)]
473	754	0	[(28233,1,0),(25600,1,0)]	377	0	[(28233,1,0),(25600,1,0)]
474	1356	0	[(28233,1,10000),(25600,1,1000)]	678	0	[(28233,1,10000),(25600,1,1000)]
475	758	0	[(28233,1,0),(25600,1,0)]	379	0	[(28233,1,0),(25600,1,0)]
476	760	0	[(28233,1,0),(25600,1,0)]	380	0	[(28233,1,0),(25600,1,0)]
477	1362	0	[(28233,1,10000),(25600,1,1000)]	681	0	[(28233,1,10000),(25600,1,1000)]
478	764	0	[(28233,1,0),(25600,1,0)]	382	0	[(28233,1,0),(25600,1,0)]
479	766	0	[(28233,1,0),(25600,1,0)]	383	0	[(28233,1,0),(25600,1,0)]
480	16566	0	[(28233,5,10000),(25600,2,5000)]	8283	0	[(28233,5,10000),(25600,2,5000)]
481	888	0	[(28233,1,0),(25600,1,0)]	444	0	[(28233,1,0),(25600,1,0)]
482	890	0	[(28233,1,0),(25600,1,0)]	445	0	[(28233,1,0),(25600,1,0)]
483	1492	0	[(28233,1,10000),(25600,1,1000)]	746	0	[(28233,1,10000),(25600,1,1000)]
484	894	0	[(28233,1,0),(25600,1,0)]	447	0	[(28233,1,0),(25600,1,0)]
485	896	0	[(28233,1,0),(25600,1,0)]	448	0	[(28233,1,0),(25600,1,0)]
486	1498	0	[(28233,1,10000),(25600,1,1000)]	749	0	[(28233,1,10000),(25600,1,1000)]
487	900	0	[(28233,1,0),(25600,1,0)]	450	0	[(28233,1,0),(25600,1,0)]
488	902	0	[(28233,1,0),(25600,1,0)]	451	0	[(28233,1,0),(25600,1,0)]
489	1504	0	[(28233,1,10000),(25600,1,1000)]	752	0	[(28233,1,10000),(25600,1,1000)]
490	906	0	[(28233,1,0),(25600,1,0)]	453	0	[(28233,1,0),(25600,1,0)]
491	908	0	[(28233,1,0),(25600,1,0)]	454	0	[(28233,1,0),(25600,1,0)]
492	1510	0	[(28233,1,10000),(25600,1,1000)]	755	0	[(28233,1,10000),(25600,1,1000)]
493	912	0	[(28233,1,0),(25600,1,0)]	456	0	[(28233,1,0),(25600,1,0)]
494	914	0	[(28233,1,0),(25600,1,0)]	457	0	[(28233,1,0),(25600,1,0)]
495	19226	0	[(28233,5,10000),(25600,2,5000)]	9613	0	[(28233,5,10000),(25600,2,5000)]
496	1038	0	[(28233,1,0),(25600,1,0)]	519	0	[(28233,1,0),(25600,1,0)]
497	1040	0	[(28233,1,0),(25600,1,0)]	520	0	[(28233,1,0),(25600,1,0)]
498	1642	0	[(28233,1,10000),(25600,1,1000)]	821	0	[(28233,1,10000),(25600,1,1000)]
499	1044	0	[(28233,1,0),(25600,1,0)]	522	0	[(28233,1,0),(25600,1,0)]
500	1046	0	[(28233,1,0),(25600,1,0)]	523	0	[(28233,1,0),(25600,1,0)]
501	1648	0	[(28233,1,10000),(25600,1,1000)]	824	0	[(28233,1,10000),(25600,1,1000)]
502	1050	0	[(28233,1,0),(25600,1,0)]	525	0	[(28233,1,0),(25600,1,0)]
503	1052	0	[(28233,1,0),(25600,1,0)]	526	0	[(28233,1,0),(25600,1,0)]
504	1654	0	[(28233,1,10000),(25600,1,1000)]	827	0	[(28233,1,10000),(25600,1,1000)]
505	1056	0	[(28233,1,0),(25600,1,0)]	528	0	[(28233,1,0),(25600,1,0)]
506	1058	0	[(28233,1,0),(25600,1,0)]	529	0	[(28233,1,0),(25600,1,0)]
507	1660	0	[(28233,1,10000),(25600,1,1000)]	830	0	[(28233,1,10000),(25600,1,1000)]
508	1062	0	[(28233,1,0),(25600,1,0)]	531	0	[(28233,1,0),(25600,1,0)]
509	1064	0	[(28233,1,0),(25600,1,0)]	532	0	[(28233,1,0),(25600,1,0)]
510	21888	0	[(28233,5,10000),(25600,2,5000)]	10944	0	[(28233,5,10000),(25600,2,5000)]
511	1186	0	[(28233,1,0),(25600,1,0)]	593	0	[(28233,1,0),(25600,1,0)]
512	1188	0	[(28233,1,0),(25600,1,0)]	594	0	[(28233,1,0),(25600,1,0)]
513	1790	0	[(28233,1,10000),(25600,1,1000)]	895	0	[(28233,1,10000),(25600,1,1000)]
514	1192	0	[(28233,1,0),(25600,1,0)]	596	0	[(28233,1,0),(25600,1,0)]
515	1194	0	[(28233,1,0),(25600,1,0)]	597	0	[(28233,1,0),(25600,1,0)]
516	1796	0	[(28233,1,10000),(25600,1,1000)]	898	0	[(28233,1,10000),(25600,1,1000)]
517	1198	0	[(28233,1,0),(25600,1,0)]	599	0	[(28233,1,0),(25600,1,0)]
518	1200	0	[(28233,1,0),(25600,1,0)]	600	0	[(28233,1,0),(25600,1,0)]
519	1802	0	[(28233,1,10000),(25600,1,1000)]	901	0	[(28233,1,10000),(25600,1,1000)]
520	1204	0	[(28233,1,0),(25600,1,0)]	602	0	[(28233,1,0),(25600,1,0)]
521	1206	0	[(28233,1,0),(25600,1,0)]	603	0	[(28233,1,0),(25600,1,0)]
522	1808	0	[(28233,1,10000),(25600,1,1000)]	904	0	[(28233,1,10000),(25600,1,1000)]
523	1210	0	[(28233,1,0),(25600,1,0)]	605	0	[(28233,1,0),(25600,1,0)]
524	1212	0	[(28233,1,0),(25600,1,0)]	606	0	[(28233,1,0),(25600,1,0)]
525	24550	0	[(28233,5,10000),(25600,2,5000)]	12275	0	[(28233,5,10000),(25600,2,5000)]
526	1334	0	[(28233,1,0),(25600,1,0)]	667	0	[(28233,1,0),(25600,1,0)]
527	1336	0	[(28233,1,0),(25600,1,0)]	668	0	[(28233,1,0),(25600,1,0)]
528	1938	0	[(28233,1,10000),(25600,1,1000)]	969	0	[(28233,1,10000),(25600,1,1000)]
529	1340	0	[(28233,1,0),(25600,1,0)]	670	0	[(28233,1,0),(25600,1,0)]
530	1342	0	[(28233,1,0),(25600,1,0)]	671	0	[(28233,1,0),(25600,1,0)]
531	1944	0	[(28233,1,10000),(25600,1,1000)]	972	0	[(28233,1,10000),(25600,1,1000)]
532	1346	0	[(28233,1,0),(25600,1,0)]	673	0	[(28233,1,0),(25600,1,0)]
533	1348	0	[(28233,1,0),(25600,1,0)]	674	0	[(28233,1,0),(25600,1,0)]
534	1950	0	[(28233,1,10000),(25600,1,1000)]	975	0	[(28233,1,10000),(25600,1,1000)]
535	1352	0	[(28233,1,0),(25600,1,0)]	676	0	[(28233,1,0),(25600,1,0)]
536	1354	0	[(28233,1,0),(25600,1,0)]	677	0	[(28233,1,0),(25600,1,0)]
537	1956	0	[(28233,1,10000),(25600,1,1000)]	978	0	[(28233,1,10000),(25600,1,1000)]
538	1358	0	[(28233,1,0),(25600,1,0)]	679	0	[(28233,1,0),(25600,1,0)]
539	1360	0	[(28233,1,0),(25600,1,0)]	680	0	[(28233,1,0),(25600,1,0)]
540	27210	0	[(28233,5,10000),(25600,2,5000)]	13605	0	[(28233,5,10000),(25600,2,5000)]
541	0	30	[(25600, 1, 750),(26344, 1, 750),(26032, 1, 500)]	0	15	[(25600, 1, 750),(25600, 1, 750),(26032, 1, 500)]
542	0	30	[(25600, 1, 750),(26344, 1, 750),(26032, 1, 500)]	0	15	[(25600, 1, 750),(25600, 1, 750),(26032, 1, 500)]
543	0	72	[(27195,3,10000)]	0	36	[(27195,3,10000)]
544	0	30	[(25600, 1, 750),(26344, 1, 750),(26032, 1, 500)]	0	15	[(25600, 1, 750),(25600, 1, 750),(26032, 1, 500)]
545	0	30	[(25600, 1, 750),(26344, 1, 750),(26032, 1, 500)]	0	15	[(25600, 1, 750),(25600, 1, 750),(26032, 1, 500)]
546	0	72	[(27195,3,10000)]	0	36	[(27195,3,10000)]
547	0	30	[(25600, 1, 750),(26344, 1, 750),(26032, 1, 500)]	0	15	[(25600, 1, 750),(25600, 1, 750),(26032, 1, 500)]
548	0	30	[(25600, 1, 750),(26344, 1, 750),(26032, 1, 500)]	0	15	[(25600, 1, 750),(25600, 1, 750),(26032, 1, 500)]
549	0	72	[(27195,3,10000)]	0	36	[(27195,3,10000)]
550	0	30	[(25600, 1, 750),(26344, 1, 750),(26032, 1, 500)]	0	15	[(25600, 1, 750),(25600, 1, 750),(26032, 1, 500)]
551	0	30	[(25600, 1, 750),(26344, 1, 750),(26032, 1, 500)]	0	15	[(25600, 1, 750),(25600, 1, 750),(26032, 1, 500)]
552	0	72	[(27195,3,10000)]	0	36	[(27195,3,10000)]
553	0	0	[(25600, 1, 750),(26344, 1, 750),(26032, 1, 500)]	0	0	[(25600, 1, 750),(25600, 1, 750),(26032, 1, 500)]
554	0	0	[(25600, 1, 750),(26344, 1, 750),(26032, 1, 500)]	0	0	[(25600, 1, 750),(25600, 1, 750),(26032, 1, 500)]
555	303000	150	[(28633,1,10000),(28639,1,10000),(27233,1,1000)]	151500	75	[(28633,1,10000),(28639,1,10000),(27233,1,1000)]
556	0	30	[(25600, 1, 750),(26344, 1, 750),(26032, 1, 500)]	0	15	[(25600, 1, 750),(25600, 1, 750),(26032, 1, 500)]
557	0	30	[(25600, 1, 750),(26344, 1, 750),(26032, 1, 500)]	0	15	[(25600, 1, 750),(25600, 1, 750),(26032, 1, 500)]
558	0	72	[(27195,4,10000)]	0	36	[(27195,4,10000)]
559	0	30	[(25600, 1, 750),(26344, 1, 750),(26032, 1, 500)]	0	15	[(25600, 1, 750),(25600, 1, 750),(26032, 1, 500)]
560	0	30	[(25600, 1, 750),(26344, 1, 750),(26032, 1, 500)]	0	15	[(25600, 1, 750),(25600, 1, 750),(26032, 1, 500)]
561	0	72	[(27195,4,10000)]	0	36	[(27195,4,10000)]
562	0	30	[(25600, 1, 750),(26344, 1, 750),(26032, 1, 500)]	0	15	[(25600, 1, 750),(25600, 1, 750),(26032, 1, 500)]
563	0	30	[(25600, 1, 750),(26344, 1, 750),(26032, 1, 500)]	0	15	[(25600, 1, 750),(25600, 1, 750),(26032, 1, 500)]
564	0	72	[(27195,4,10000)]	0	36	[(27195,4,10000)]
565	0	30	[(25600, 1, 750),(26344, 1, 750),(26032, 1, 500)]	0	15	[(25600, 1, 750),(25600, 1, 750),(26032, 1, 500)]
566	0	30	[(25600, 1, 750),(26344, 1, 750),(26032, 1, 500)]	0	15	[(25600, 1, 750),(25600, 1, 750),(26032, 1, 500)]
567	0	72	[(27195,4,10000)]	0	36	[(27195,4,10000)]
568	0	0	[(25600, 1, 750),(26344, 1, 750),(26032, 1, 500)]	0	0	[(25600, 1, 750),(25600, 1, 750),(26032, 1, 500)]
569	0	0	[(25600, 1, 750),(26344, 1, 750),(26032, 1, 500)]	0	0	[(25600, 1, 750),(25600, 1, 750),(26032, 1, 500)]
570	363600	150	[(28634,1,10000),(28639,1,10000),(27234,1,1000)]	181800	75	[(28634,1,10000),(28639,1,10000),(27234,1,1000)]
571	0	30	[(25600, 1, 750),(26344, 1, 750),(26032, 1, 500)]	0	15	[(25600, 1, 750),(25600, 1, 750),(26032, 1, 500)]
572	0	30	[(25600, 1, 750),(26344, 1, 750),(26032, 1, 500)]	0	15	[(25600, 1, 750),(25600, 1, 750),(26032, 1, 500)]
573	0	72	[(27195,5,10000)]	0	36	[(27195,5,10000)]
574	0	30	[(25600, 1, 750),(26344, 1, 750),(26032, 1, 500)]	0	15	[(25600, 1, 750),(25600, 1, 750),(26032, 1, 500)]
575	0	30	[(25600, 1, 750),(26344, 1, 750),(26032, 1, 500)]	0	15	[(25600, 1, 750),(25600, 1, 750),(26032, 1, 500)]
576	0	72	[(27195,5,10000)]	0	36	[(27195,5,10000)]
577	0	30	[(25600, 1, 750),(26344, 1, 750),(26032, 1, 500)]	0	15	[(25600, 1, 750),(25600, 1, 750),(26032, 1, 500)]
578	0	30	[(25600, 1, 750),(26344, 1, 750),(26032, 1, 500)]	0	15	[(25600, 1, 750),(25600, 1, 750),(26032, 1, 500)]
579	0	72	[(27195,5,10000)]	0	36	[(27195,5,10000)]
580	0	30	[(25600, 1, 750),(26344, 1, 750),(26032, 1, 500)]	0	15	[(25600, 1, 750),(25600, 1, 750),(26032, 1, 500)]
581	0	30	[(25600, 1, 750),(26344, 1, 750),(26032, 1, 500)]	0	15	[(25600, 1, 750),(25600, 1, 750),(26032, 1, 500)]
582	0	72	[(27195,5,10000)]	0	36	[(27195,5,10000)]
583	0	0	[(25600, 1, 750),(26344, 1, 750),(26032, 1, 500)]	0	0	[(25600, 1, 750),(25600, 1, 750),(26032, 1, 500)]
584	0	0	[(25600, 1, 750),(26344, 1, 750),(26032, 1, 500)]	0	0	[(25600, 1, 750),(25600, 1, 750),(26032, 1, 500)]
585	424200	150	[(28635,1,10000),(28640,1,10000),(27235,1,1000)]	212100	75	[(28635,1,10000),(28640,1,10000),(27235,1,1000)]
586	0	30	[(25600, 1, 750),(26344, 1, 750),(26032, 1, 500)]	0	15	[(25600, 1, 750),(25600, 1, 750),(26032, 1, 500)]
587	0	30	[(25600, 1, 750),(26344, 1, 750),(26032, 1, 500)]	0	15	[(25600, 1, 750),(25600, 1, 750),(26032, 1, 500)]
588	0	72	[(27195,6,10000)]	0	36	[(27195,6,10000)]
589	0	30	[(25600, 1, 750),(26344, 1, 750),(26032, 1, 500)]	0	15	[(25600, 1, 750),(25600, 1, 750),(26032, 1, 500)]
590	0	30	[(25600, 1, 750),(26344, 1, 750),(26032, 1, 500)]	0	15	[(25600, 1, 750),(25600, 1, 750),(26032, 1, 500)]
591	0	72	[(27195,6,10000)]	0	36	[(27195,6,10000)]
592	0	30	[(25600, 1, 750),(26344, 1, 750),(26032, 1, 500)]	0	15	[(25600, 1, 750),(25600, 1, 750),(26032, 1, 500)]
593	0	30	[(25600, 1, 750),(26344, 1, 750),(26032, 1, 500)]	0	15	[(25600, 1, 750),(25600, 1, 750),(26032, 1, 500)]
594	0	72	[(27195,6,10000)]	0	36	[(27195,6,10000)]
595	0	30	[(25600, 1, 750),(26344, 1, 750),(26032, 1, 500)]	0	15	[(25600, 1, 750),(25600, 1, 750),(26032, 1, 500)]
596	0	30	[(25600, 1, 750),(26344, 1, 750),(26032, 1, 500)]	0	15	[(25600, 1, 750),(25600, 1, 750),(26032, 1, 500)]
597	0	72	[(27195,6,10000)]	0	36	[(27195,6,10000)]
598	0	0	[(25600, 1, 750),(26344, 1, 750),(26032, 1, 500)]	0	0	[(25600, 1, 750),(25600, 1, 750),(26032, 1, 500)]
599	0	0	[(25600, 1, 750),(26344, 1, 750),(26032, 1, 500)]	0	0	[(25600, 1, 750),(25600, 1, 750),(26032, 1, 500)]
600	484800	150	[(28636,1,10000),(28640,1,10000),(27236,1,1000)]	242400	75	[(28636,1,10000),(28640,1,10000),(27236,1,1000)]
601	0	30	[(25600, 1, 750),(26344, 1, 750),(26032, 1, 500)]	0	15	[(25600, 1, 750),(25600, 1, 750),(26032, 1, 500)]
602	0	30	[(25600, 1, 750),(26344, 1, 750),(26032, 1, 500)]	0	15	[(25600, 1, 750),(25600, 1, 750),(26032, 1, 500)]
603	0	72	[(27195,7,10000)]	0	36	[(27195,7,10000)]
604	0	30	[(25600, 1, 750),(26344, 1, 750),(26032, 1, 500)]	0	15	[(25600, 1, 750),(25600, 1, 750),(26032, 1, 500)]
605	0	30	[(25600, 1, 750),(26344, 1, 750),(26032, 1, 500)]	0	15	[(25600, 1, 750),(25600, 1, 750),(26032, 1, 500)]
606	0	72	[(27195,7,10000)]	0	36	[(27195,7,10000)]
607	0	30	[(25600, 1, 750),(26344, 1, 750),(26032, 1, 500)]	0	15	[(25600, 1, 750),(25600, 1, 750),(26032, 1, 500)]
608	0	30	[(25600, 1, 750),(26344, 1, 750),(26032, 1, 500)]	0	15	[(25600, 1, 750),(25600, 1, 750),(26032, 1, 500)]
609	0	72	[(27195,7,10000)]	0	36	[(27195,7,10000)]
610	0	30	[(25600, 1, 750),(26344, 1, 750),(26032, 1, 500)]	0	15	[(25600, 1, 750),(25600, 1, 750),(26032, 1, 500)]
611	0	30	[(25600, 1, 750),(26344, 1, 750),(26032, 1, 500)]	0	15	[(25600, 1, 750),(25600, 1, 750),(26032, 1, 500)]
612	0	72	[(27195,7,10000)]	0	36	[(27195,7,10000)]
613	0	0	[(25600, 1, 750),(26344, 1, 750),(26032, 1, 500)]	0	0	[(25600, 1, 750),(25600, 1, 750),(26032, 1, 500)]
614	0	0	[(25600, 1, 750),(26344, 1, 750),(26032, 1, 500)]	0	0	[(25600, 1, 750),(25600, 1, 750),(26032, 1, 500)]
615	545400	150	[(28637,1,10000),(28641,1,10000),(27237,1,1000)]	272700	75	[(28637,1,10000),(28641,1,10000),(27237,1,1000)]
616	0	30	[(25600, 1, 750),(26344, 1, 750),(26032, 1, 500)]	0	15	[(25600, 1, 750),(25600, 1, 750),(26032, 1, 500)]
617	0	30	[(25600, 1, 750),(26344, 1, 750),(26032, 1, 500)]	0	15	[(25600, 1, 750),(25600, 1, 750),(26032, 1, 500)]
618	0	72	[(27195,8,10000)]	0	36	[(27195,8,10000)]
619	0	30	[(25600, 1, 750),(26344, 1, 750),(26032, 1, 500)]	0	15	[(25600, 1, 750),(25600, 1, 750),(26032, 1, 500)]
620	0	30	[(25600, 1, 750),(26344, 1, 750),(26032, 1, 500)]	0	15	[(25600, 1, 750),(25600, 1, 750),(26032, 1, 500)]
621	0	72	[(27195,8,10000)]	0	36	[(27195,8,10000)]
622	0	30	[(25600, 1, 750),(26344, 1, 750),(26032, 1, 500)]	0	15	[(25600, 1, 750),(25600, 1, 750),(26032, 1, 500)]
623	0	30	[(25600, 1, 750),(26344, 1, 750),(26032, 1, 500)]	0	15	[(25600, 1, 750),(25600, 1, 750),(26032, 1, 500)]
624	0	72	[(27195,8,10000)]	0	36	[(27195,8,10000)]
625	0	30	[(25600, 1, 750),(26344, 1, 750),(26032, 1, 500)]	0	15	[(25600, 1, 750),(25600, 1, 750),(26032, 1, 500)]
626	0	30	[(25600, 1, 750),(26344, 1, 750),(26032, 1, 500)]	0	15	[(25600, 1, 750),(25600, 1, 750),(26032, 1, 500)]
627	0	72	[(27195,8,10000)]	0	36	[(27195,8,10000)]
628	0	0	[(25600, 1, 750),(26344, 1, 750),(26032, 1, 500)]	0	0	[(25600, 1, 750),(25600, 1, 750),(26032, 1, 500)]
629	0	0	[(25600, 1, 750),(26344, 1, 750),(26032, 1, 500)]	0	0	[(25600, 1, 750),(25600, 1, 750),(26032, 1, 500)]
630	606000	150	[(28638,1,10000),(28641,1,10000),(27238,1,1000)]	303000	75	[(28638,1,10000),(28641,1,10000),(27238,1,1000)]
