index	layer	name	scene0	x0	y0	scenePos	hasFirst	firstItems	firstItems_fcm	firstMoney	firstRMB	firstRMB_fcm	yuLan	yuLan_fcm	Monster1	x1	y1	face1	camp1	fight1	reward1	Monster2	x2	y2	face2	camp2	fight2	reward2	Monster3	x3	y3	face3	camp3	fight3	reward3	m1	m2	boss	jumpRound	doornpc	door
章节索引	层	章节名字	场景	坐标x0	坐标y0	场景和进入坐标	是否有首次通关奖励	首次通关奖励物品	首次通关奖励物品	首次通关奖励金币	首次通关奖励魔晶	首次通关奖励魔晶	首次通关奖励（客户端预览）	首次通关奖励（客户端预览）	怪物1	坐标x1	坐标y1	朝向1	阵营1	战斗底图1	奖励1	怪物2	坐标x2	坐标y2	朝向2	阵营2	战斗底图2	奖励2	怪物3	坐标x3	坐标y3	朝向3	阵营3	战斗底图3	奖励3	怪物1数据(Npc类型,坐标X,坐标Y,朝向, 战斗ID,战斗类型,奖励ID)	怪物2数据(Npc类型,坐标X,坐标Y,朝向, 战斗ID,战斗类型,奖励ID)	boss数据(Npc类型,坐标X,坐标Y,朝向, 战斗ID,战斗类型,奖励ID)	跳层需要上一关的最小回合数	传送门类型	传送门数据(Npc类型,坐标X,坐标Y,朝向)
0	1	精灵之塔	162	363	808	(162,363,808)	0								14600	724	497	0	16524	141	451	14601	724	497	0	16525	142	452	14690	724	497	0	16526	143	453	(14600,724,497,0,16524,141,451)	(14601,724,497,0,16525,142,452)	(14690,724,497,0,16526,143,453)	0	15000	(15000,724,497,0)
0	2	精灵之塔	163	355	729	(163,355,729)	0								14603	836	676	0	16527	141	454	14604	836	676	0	16528	142	455	14691	836	676	0	16529	143	456	(14603,836,676,0,16527,141,454)	(14604,836,676,0,16528,142,455)	(14691,836,676,0,16529,143,456)	3	15001	(15001,836,676,0)
0	3	精灵之塔	164	687	461	(164,687,461)	0								14606	958	592	0	16530	141	457	14607	958	592	0	16531	142	458	14692	958	592	0	16532	143	459	(14606,958,592,0,16530,141,457)	(14607,958,592,0,16531,142,458)	(14692,958,592,0,16532,143,459)	3	15002	(15002,958,592,0)
0	4	精灵之塔	165	363	808	(165,363,808)	0								14609	724	497	0	16533	141	460	14610	724	497	0	16534	142	461	14693	724	497	0	16535	143	462	(14609,724,497,0,16533,141,460)	(14610,724,497,0,16534,142,461)	(14693,724,497,0,16535,143,462)	3	15003	(15003,724,497,0)
0	5	精灵之塔	166	355	729	(166,355,729)	1	[(25681,10)]	[(25681,5)]		10	5	[(25681,10),(25829,10)]	[(25681,5),(25829,5)]	14612	836	676	0	16536	141	463	14613	836	676	0	16537	142	464	14704	836	676	0	16538	143	465			(14704,836,676,0,16538,143,465)		15004	(15004,836,676,0)
0	6	精灵之塔	167	687	461	(167,687,461)	0								14615	958	592	0	16539	141	466	14616	958	592	0	16540	142	467	14695	958	592	0	16541	143	468	(14615,958,592,0,16539,141,466)	(14616,958,592,0,16540,142,467)	(14695,958,592,0,16541,143,468)	3	15005	(15005,958,592,0)
0	7	精灵之塔	168	363	808	(168,363,808)	0								14618	724	497	0	16542	141	469	14619	724	497	0	16543	142	470	14696	724	497	0	16544	143	471	(14618,724,497,0,16542,141,469)	(14619,724,497,0,16543,142,470)	(14696,724,497,0,16544,143,471)	3	15006	(15006,724,497,0)
0	8	精灵之塔	169	355	729	(169,355,729)	0								14621	836	676	0	16545	141	472	14622	836	676	0	16546	142	473	14697	836	676	0	16547	143	474	(14621,836,676,0,16545,141,472)	(14622,836,676,0,16546,142,473)	(14697,836,676,0,16547,143,474)	3	15007	(15007,836,676,0)
0	9	精灵之塔	170	687	461	(170,687,461)	0								14624	958	592	0	16548	141	475	14625	958	592	0	16549	142	476	14698	958	592	0	16550	143	477	(14624,958,592,0,16548,141,475)	(14625,958,592,0,16549,142,476)	(14698,958,592,0,16550,143,477)	3	15008	(15008,958,592,0)
0	10	精灵之塔	171	363	808	(171,363,808)	1	[(25681,20)]	[(25681,10)]		15	8	[(25681,20),(25829,15)]	[(25681,10),(25829,8)]	14627	724	497	0	16551	141	478	14628	724	497	0	16552	142	479	14699	724	497	0	16553	143	480			(14699,724,497,0,16553,143,480)		15009	(15009,724,497,0)
0	11	精灵之塔	172	355	729	(172,355,729)	0								14630	836	676	0	16554	141	481	14631	836	676	0	16555	142	482	14700	836	676	0	16556	143	483	(14630,836,676,0,16554,141,481)	(14631,836,676,0,16555,142,482)	(14700,836,676,0,16556,143,483)	3	15010	(15010,836,676,0)
0	12	精灵之塔	173	687	461	(173,687,461)	0								14633	958	592	0	16557	141	484	14634	958	592	0	16558	142	485	14701	958	592	0	16559	143	486	(14633,958,592,0,16557,141,484)	(14634,958,592,0,16558,142,485)	(14701,958,592,0,16559,143,486)	3	15011	(15011,958,592,0)
0	13	精灵之塔	174	363	808	(174,363,808)	0								14636	724	497	0	16560	141	487	14637	724	497	0	16561	142	488	14702	724	497	0	16562	143	489	(14636,724,497,0,16560,141,487)	(14637,724,497,0,16561,142,488)	(14702,724,497,0,16562,143,489)	3	15012	(15012,724,497,0)
0	14	精灵之塔	175	355	729	(175,355,729)	0								14639	836	676	0	16563	141	490	14640	836	676	0	16564	142	491	14703	836	676	0	16565	143	492	(14639,836,676,0,16563,141,490)	(14640,836,676,0,16564,142,491)	(14703,836,676,0,16565,143,492)	3	15013	(15013,836,676,0)
0	15	精灵之塔	176	687	461	(176,687,461)	1	[(25681,30)]	[(25681,15)]		20	10	[(25681,30),(25829,20)]	[(25681,15),(25829,10)]	14642	958	592	0	16566	141	493	14643	958	592	0	16567	142	494	14704	958	592	0	16568	143	495			(14704,958,592,0,16568,143,495)		15014	(15014,958,592,0)
0	16	精灵之塔	177	363	808	(177,363,808)	0								14645	724	497	0	16569	141	496	14646	724	497	0	16570	142	497	14705	724	497	0	16571	143	498	(14645,724,497,0,16569,141,496)	(14646,724,497,0,16570,142,497)	(14705,724,497,0,16571,143,498)	3	15015	(15015,724,497,0)
0	17	精灵之塔	178	355	729	(178,355,729)	0								14648	836	676	0	16572	141	499	14649	836	676	0	16573	142	500	14706	836	676	0	16574	143	501	(14648,836,676,0,16572,141,499)	(14649,836,676,0,16573,142,500)	(14706,836,676,0,16574,143,501)	3	15016	(15016,836,676,0)
0	18	精灵之塔	179	687	461	(179,687,461)	0								14651	958	592	0	16575	141	502	14652	958	592	0	16576	142	503	14707	958	592	0	16577	143	504	(14651,958,592,0,16575,141,502)	(14652,958,592,0,16576,142,503)	(14707,958,592,0,16577,143,504)	3	15017	(15017,958,592,0)
0	19	精灵之塔	180	363	808	(180,363,808)	0								14654	724	497	0	16578	141	505	14655	724	497	0	16579	142	506	14708	724	497	0	16580	143	507	(14654,724,497,0,16578,141,505)	(14655,724,497,0,16579,142,506)	(14708,724,497,0,16580,143,507)	3	15018	(15018,724,497,0)
0	20	精灵之塔	181	355	729	(181,355,729)	1	[(25681,40)]	[(25681,20)]		25	13	[(25681,40),(25829,25)]	[(25681,20),(25829,13)]	14657	836	676	0	16581	141	508	14658	836	676	0	16582	142	509	14709	836	676	0	16583	143	510			(14709,836,676,0,16583,143,510)		15019	(15019,836,676,0)
0	21	精灵之塔	182	687	461	(182,687,461)	0								14660	958	592	0	16584	141	511	14661	958	592	0	16585	142	512	14710	958	592	0	16586	143	513	(14660,958,592,0,16584,141,511)	(14661,958,592,0,16585,142,512)	(14710,958,592,0,16586,143,513)	3	15020	(15020,958,592,0)
0	22	精灵之塔	183	363	808	(183,363,808)	0								14663	724	497	0	16587	141	514	14664	724	497	0	16588	142	515	14711	724	497	0	16589	143	516	(14663,724,497,0,16587,141,514)	(14664,724,497,0,16588,142,515)	(14711,724,497,0,16589,143,516)	3	15021	(15021,724,497,0)
0	23	精灵之塔	184	355	729	(184,355,729)	0								14666	836	676	0	16590	141	517	14667	836	676	0	16591	142	518	14712	836	676	0	16592	143	519	(14666,836,676,0,16590,141,517)	(14667,836,676,0,16591,142,518)	(14712,836,676,0,16592,143,519)	3	15022	(15022,836,676,0)
0	24	精灵之塔	185	687	461	(185,687,461)	0								14669	958	592	0	16593	141	520	14670	958	592	0	16594	142	521	14713	958	592	0	16595	143	522	(14669,958,592,0,16593,141,520)	(14670,958,592,0,16594,142,521)	(14713,958,592,0,16595,143,522)	3	15023	(15023,958,592,0)
0	25	精灵之塔	186	363	808	(186,363,808)	1	[(25681,50)]	[(25681,25)]		30	15	[(25681,50),(25829,30)]	[(25681,25),(25829,15)]	14672	724	497	0	16596	141	523	14673	724	497	0	16597	142	524	14714	724	497	0	16598	143	525			(14714,724,497,0,16598,143,525)		15024	(15024,724,497,0)
0	26	精灵之塔	187	355	729	(187,355,729)	0								14675	836	676	0	16599	141	526	14676	836	676	0	16600	142	527	14715	836	676	0	16601	143	528	(14675,836,676,0,16599,141,526)	(14676,836,676,0,16600,142,527)	(14715,836,676,0,16601,143,528)	3	15025	(15025,836,676,0)
0	27	精灵之塔	188	687	461	(188,687,461)	0								14678	958	592	0	16602	141	529	14679	958	592	0	16603	142	530	14716	958	592	0	16604	143	531	(14678,958,592,0,16602,141,529)	(14679,958,592,0,16603,142,530)	(14716,958,592,0,16604,143,531)	3	15026	(15026,958,592,0)
0	28	精灵之塔	189	363	808	(189,363,808)	0								14681	724	497	0	16605	141	532	14682	724	497	0	16606	142	533	14717	724	497	0	16607	143	534	(14681,724,497,0,16605,141,532)	(14682,724,497,0,16606,142,533)	(14717,724,497,0,16607,143,534)	3	15027	(15027,724,497,0)
0	29	精灵之塔	190	355	729	(190,355,729)	0								14684	836	676	0	16608	141	535	14685	836	676	0	16609	142	536	14718	836	676	0	16610	143	537	(14684,836,676,0,16608,141,535)	(14685,836,676,0,16609,142,536)	(14718,836,676,0,16610,143,537)	3	15028	(15028,836,676,0)
0	30	精灵之塔	191	687	461	(191,687,461)	1	[(25681,60)]	[(25681,30)]		35	18	[(25681,60),(25829,35)]	[(25681,30),(25829,18)]	14687	958	592	0	16611	141	538	14688	958	592	0	16612	142	539	14719	958	592	0	16613	143	540			(14719,958,592,0,16613,143,540)			
1	1	寂灭之塔	162	363	808	(162,363,808)	0								14000	724	497	0	15000	141	1	14001	724	497	0	15001	142	2	14090	724	497	0	15002	143	3	(14000,724,497,0,15000,141,1)	(14001,724,497,0,15001,142,2)	(14090,724,497,0,15002,143,3)	0	15000	(15000,724,497,0)
1	2	寂灭之塔	163	355	729	(163,355,729)	0								14003	836	676	0	15003	141	4	14004	836	676	0	15004	142	5	14091	836	676	0	15005	143	6	(14003,836,676,0,15003,141,4)	(14004,836,676,0,15004,142,5)	(14091,836,676,0,15005,143,6)	3	15001	(15001,836,676,0)
1	3	寂灭之塔	164	687	461	(164,687,461)	0								14006	958	592	0	15006	141	7	14007	958	592	0	15007	142	8	14092	958	592	0	15008	143	9	(14006,958,592,0,15006,141,7)	(14007,958,592,0,15007,142,8)	(14092,958,592,0,15008,143,9)	3	15002	(15002,958,592,0)
1	4	寂灭之塔	165	363	808	(165,363,808)	0								14009	724	497	0	15009	141	10	14010	724	497	0	15010	142	11	14093	724	497	0	15011	143	12	(14009,724,497,0,15009,141,10)	(14010,724,497,0,15010,142,11)	(14093,724,497,0,15011,143,12)	3	15003	(15003,724,497,0)
1	5	寂灭之塔	166	355	729	(166,355,729)	1	[(25682,20)]	[(25682,10)]		100	50	[(25682,20),(25829,100)]	[(25682,10),(25829,50)]	14012	836	676	0	15012	141	13	14013	836	676	0	15013	142	14	14094	836	676	0	15014	143	15			(14094,836,676,0,15014,143,15)		15004	(15004,836,676,0)
1	6	寂灭之塔	167	687	461	(167,687,461)	0								14015	958	592	0	15015	141	16	14016	958	592	0	15016	142	17	14095	958	592	0	15017	143	18	(14015,958,592,0,15015,141,16)	(14016,958,592,0,15016,142,17)	(14095,958,592,0,15017,143,18)	3	15005	(15005,958,592,0)
1	7	寂灭之塔	168	363	808	(168,363,808)	0								14018	724	497	0	15018	141	19	14019	724	497	0	15019	142	20	14096	724	497	0	15020	143	21	(14018,724,497,0,15018,141,19)	(14019,724,497,0,15019,142,20)	(14096,724,497,0,15020,143,21)	3	15006	(15006,724,497,0)
1	8	寂灭之塔	169	355	729	(169,355,729)	0								14021	836	676	0	15021	141	22	14022	836	676	0	15022	142	23	14097	836	676	0	15023	143	24	(14021,836,676,0,15021,141,22)	(14022,836,676,0,15022,142,23)	(14097,836,676,0,15023,143,24)	3	15007	(15007,836,676,0)
1	9	寂灭之塔	170	687	461	(170,687,461)	0								14024	958	592	0	15024	141	25	14025	958	592	0	15025	142	26	14098	958	592	0	15026	143	27	(14024,958,592,0,15024,141,25)	(14025,958,592,0,15025,142,26)	(14098,958,592,0,15026,143,27)	3	15008	(15008,958,592,0)
1	10	寂灭之塔	171	363	808	(171,363,808)	1	[(25682,40)]	[(25682,20)]		150	75	[(25682,40),(25829,150)]	[(25682,20),(25829,75)]	14027	724	497	0	15027	141	28	14028	724	497	0	15028	142	29	14099	724	497	0	15029	143	30			(14099,724,497,0,15029,143,30)		15009	(15009,724,497,0)
1	11	寂灭之塔	172	355	729	(172,355,729)	0								14030	836	676	0	15030	141	31	14031	836	676	0	15031	142	32	14100	836	676	0	15032	143	33	(14030,836,676,0,15030,141,31)	(14031,836,676,0,15031,142,32)	(14100,836,676,0,15032,143,33)	3	15010	(15010,836,676,0)
1	12	寂灭之塔	173	687	461	(173,687,461)	0								14033	958	592	0	15033	141	34	14034	958	592	0	15034	142	35	14101	958	592	0	15035	143	36	(14033,958,592,0,15033,141,34)	(14034,958,592,0,15034,142,35)	(14101,958,592,0,15035,143,36)	3	15011	(15011,958,592,0)
1	13	寂灭之塔	174	363	808	(174,363,808)	0								14036	724	497	0	15036	141	37	14037	724	497	0	15037	142	38	14102	724	497	0	15038	143	39	(14036,724,497,0,15036,141,37)	(14037,724,497,0,15037,142,38)	(14102,724,497,0,15038,143,39)	3	15012	(15012,724,497,0)
1	14	寂灭之塔	175	355	729	(175,355,729)	0								14039	836	676	0	15039	141	40	14040	836	676	0	15040	142	41	14103	836	676	0	15041	143	42	(14039,836,676,0,15039,141,40)	(14040,836,676,0,15040,142,41)	(14103,836,676,0,15041,143,42)	3	15013	(15013,836,676,0)
1	15	寂灭之塔	176	687	461	(176,687,461)	1	[(25682,60)]	[(25682,30)]		200	100	[(25682,60),(25829,200)]	[(25682,30),(25829,100)]	14042	958	592	0	15042	141	43	14043	958	592	0	15043	142	44	14104	958	592	0	15044	143	45			(14104,958,592,0,15044,143,45)		15014	(15014,958,592,0)
1	16	寂灭之塔	177	363	808	(177,363,808)	0								14045	724	497	0	15045	141	46	14046	724	497	0	15046	142	47	14105	724	497	0	15047	143	48	(14045,724,497,0,15045,141,46)	(14046,724,497,0,15046,142,47)	(14105,724,497,0,15047,143,48)	3	15015	(15015,724,497,0)
1	17	寂灭之塔	178	355	729	(178,355,729)	0								14048	836	676	0	15048	141	49	14049	836	676	0	15049	142	50	14106	836	676	0	15050	143	51	(14048,836,676,0,15048,141,49)	(14049,836,676,0,15049,142,50)	(14106,836,676,0,15050,143,51)	3	15016	(15016,836,676,0)
1	18	寂灭之塔	179	687	461	(179,687,461)	0								14051	958	592	0	15051	141	52	14052	958	592	0	15052	142	53	14107	958	592	0	15053	143	54	(14051,958,592,0,15051,141,52)	(14052,958,592,0,15052,142,53)	(14107,958,592,0,15053,143,54)	3	15017	(15017,958,592,0)
1	19	寂灭之塔	180	363	808	(180,363,808)	0								14054	724	497	0	15054	141	55	14055	724	497	0	15055	142	56	14108	724	497	0	15056	143	57	(14054,724,497,0,15054,141,55)	(14055,724,497,0,15055,142,56)	(14108,724,497,0,15056,143,57)	3	15018	(15018,724,497,0)
1	20	寂灭之塔	181	355	729	(181,355,729)	1	[(25682,80)]	[(25682,40)]		250	125	[(25682,80),(25829,250)]	[(25682,40),(25829,125)]	14057	836	676	0	15057	141	58	14058	836	676	0	15058	142	59	14109	836	676	0	15059	143	60			(14109,836,676,0,15059,143,60)		15019	(15019,836,676,0)
1	21	寂灭之塔	182	687	461	(182,687,461)	0								14060	958	592	0	15060	141	61	14061	958	592	0	15061	142	62	14110	958	592	0	15062	143	63	(14060,958,592,0,15060,141,61)	(14061,958,592,0,15061,142,62)	(14110,958,592,0,15062,143,63)	3	15020	(15020,958,592,0)
1	22	寂灭之塔	183	363	808	(183,363,808)	0								14063	724	497	0	15063	141	64	14064	724	497	0	15064	142	65	14111	724	497	0	15065	143	66	(14063,724,497,0,15063,141,64)	(14064,724,497,0,15064,142,65)	(14111,724,497,0,15065,143,66)	3	15021	(15021,724,497,0)
1	23	寂灭之塔	184	355	729	(184,355,729)	0								14066	836	676	0	15066	141	67	14067	836	676	0	15067	142	68	14112	836	676	0	15068	143	69	(14066,836,676,0,15066,141,67)	(14067,836,676,0,15067,142,68)	(14112,836,676,0,15068,143,69)	3	15022	(15022,836,676,0)
1	24	寂灭之塔	185	687	461	(185,687,461)	0								14069	958	592	0	15069	141	70	14070	958	592	0	15070	142	71	14113	958	592	0	15071	143	72	(14069,958,592,0,15069,141,70)	(14070,958,592,0,15070,142,71)	(14113,958,592,0,15071,143,72)	3	15023	(15023,958,592,0)
1	25	寂灭之塔	186	363	808	(186,363,808)	1	[(25682,100)]	[(25682,50)]		300	150	[(25682,100),(25829,300)]	[(25682,50),(25829,150)]	14072	724	497	0	15072	141	73	14073	724	497	0	15073	142	74	14114	724	497	0	15074	143	75			(14114,724,497,0,15074,143,75)		15024	(15024,724,497,0)
1	26	寂灭之塔	187	355	729	(187,355,729)	0								14075	836	676	0	15075	141	76	14076	836	676	0	15076	142	77	14115	836	676	0	15077	143	78	(14075,836,676,0,15075,141,76)	(14076,836,676,0,15076,142,77)	(14115,836,676,0,15077,143,78)	3	15025	(15025,836,676,0)
1	27	寂灭之塔	188	687	461	(188,687,461)	0								14078	958	592	0	15078	141	79	14079	958	592	0	15079	142	80	14116	958	592	0	15080	143	81	(14078,958,592,0,15078,141,79)	(14079,958,592,0,15079,142,80)	(14116,958,592,0,15080,143,81)	3	15026	(15026,958,592,0)
1	28	寂灭之塔	189	363	808	(189,363,808)	0								14081	724	497	0	15081	141	82	14082	724	497	0	15082	142	83	14117	724	497	0	15083	143	84	(14081,724,497,0,15081,141,82)	(14082,724,497,0,15082,142,83)	(14117,724,497,0,15083,143,84)	3	15027	(15027,724,497,0)
1	29	寂灭之塔	190	355	729	(190,355,729)	0								14084	836	676	0	15084	141	85	14085	836	676	0	15085	142	86	14118	836	676	0	15086	143	87	(14084,836,676,0,15084,141,85)	(14085,836,676,0,15085,142,86)	(14118,836,676,0,15086,143,87)	3	15028	(15028,836,676,0)
1	30	寂灭之塔	191	687	461	(191,687,461)	1	[(25682,150)]	[(25682,75)]		400	200	[(25682,150),(25829,400)]	[(25682,75),(25829,200)]	14087	958	592	0	15087	141	88	14088	958	592	0	15088	142	89	14119	958	592	0	15089	143	90			(14119,958,592,0,15089,143,90)			
2	1	天空之塔	193	609	1009	(193,609,1009)	0								14120	768	916	0	15090	145	91	14121	1152	669	0	15091	145	92	14210	1434	515	0	15092	145	93	(14120,768,916,0,15090,145,91)	(14121,1152,669,0,15091,145,92)	(14210,1434,515,0,15092,145,93)	0	15000	(15000,1618,427,0)
2	2	天空之塔	194	609	1009	(194,609,1009)	0								14123	768	916	0	15093	145	94	14124	1152	669	0	15094	145	95	14211	1434	515	0	15095	145	96	(14123,768,916,0,15093,145,94)	(14124,1152,669,0,15094,145,95)	(14211,1434,515,0,15095,145,96)	3	15001	(15001,1618,427,0)
2	3	天空之塔	195	609	1009	(195,609,1009)	0								14126	768	916	0	15096	145	97	14127	1152	669	0	15097	145	98	14212	1434	515	0	15098	145	99	(14126,768,916,0,15096,145,97)	(14127,1152,669,0,15097,145,98)	(14212,1434,515,0,15098,145,99)	3	15002	(15002,1618,427,0)
2	4	天空之塔	196	609	1009	(196,609,1009)	0								14129	768	916	0	15099	145	100	14130	1152	669	0	15100	145	101	14213	1434	515	0	15101	145	102	(14129,768,916,0,15099,145,100)	(14130,1152,669,0,15100,145,101)	(14213,1434,515,0,15101,145,102)	3	15003	(15003,1618,427,0)
2	5	天空之塔	197	609	1009	(197,609,1009)	1	[(25683,20)]	[(25683,10)]		100	50	[(25683,20),(25829,100)]	[(25683,10),(25829,50)]	14132	768	916	0	15102	145	103	14133	1152	669	0	15103	145	104	14214	1434	515	0	15104	144	105			(14214,1434,515,0,15104,144,105)		15004	(15004,1618,427,0)
2	6	天空之塔	198	609	1009	(198,609,1009)	0								14135	768	916	0	15105	145	106	14136	1152	669	0	15106	145	107	14215	1434	515	0	15107	145	108	(14135,768,916,0,15105,145,106)	(14136,1152,669,0,15106,145,107)	(14215,1434,515,0,15107,145,108)	3	15005	(15005,1618,427,0)
2	7	天空之塔	199	609	1009	(199,609,1009)	0								14138	768	916	0	15108	145	109	14139	1152	669	0	15109	145	110	14216	1434	515	0	15110	145	111	(14138,768,916,0,15108,145,109)	(14139,1152,669,0,15109,145,110)	(14216,1434,515,0,15110,145,111)	3	15006	(15006,1618,427,0)
2	8	天空之塔	200	609	1009	(200,609,1009)	0								14141	768	916	0	15111	145	112	14142	1152	669	0	15112	145	113	14217	1434	515	0	15113	145	114	(14141,768,916,0,15111,145,112)	(14142,1152,669,0,15112,145,113)	(14217,1434,515,0,15113,145,114)	3	15007	(15007,1618,427,0)
2	9	天空之塔	201	609	1009	(201,609,1009)	0								14144	768	916	0	15114	145	115	14145	1152	669	0	15115	145	116	14218	1434	515	0	15116	145	117	(14144,768,916,0,15114,145,115)	(14145,1152,669,0,15115,145,116)	(14218,1434,515,0,15116,145,117)	3	15008	(15008,1618,427,0)
2	10	天空之塔	202	609	1009	(202,609,1009)	1	[(25683,40)]	[(25683,20)]		150	75	[(25683,40),(25829,150)]	[(25683,20),(25829,75)]	14147	768	916	0	15117	145	118	14148	1152	669	0	15118	145	119	14219	1434	515	0	15119	144	120			(14219,1434,515,0,15119,144,120)		15009	(15009,1618,427,0)
2	11	天空之塔	203	609	1009	(203,609,1009)	0								14150	768	916	0	15120	145	121	14151	1152	669	0	15121	145	122	14220	1434	515	0	15122	145	123	(14150,768,916,0,15120,145,121)	(14151,1152,669,0,15121,145,122)	(14220,1434,515,0,15122,145,123)	3	15010	(15010,1618,427,0)
2	12	天空之塔	204	609	1009	(204,609,1009)	0								14153	768	916	0	15123	145	124	14154	1152	669	0	15124	145	125	14221	1434	515	0	15125	145	126	(14153,768,916,0,15123,145,124)	(14154,1152,669,0,15124,145,125)	(14221,1434,515,0,15125,145,126)	3	15011	(15011,1618,427,0)
2	13	天空之塔	205	609	1009	(205,609,1009)	0								14156	768	916	0	15126	145	127	14157	1152	669	0	15127	145	128	14222	1434	515	0	15128	145	129	(14156,768,916,0,15126,145,127)	(14157,1152,669,0,15127,145,128)	(14222,1434,515,0,15128,145,129)	3	15012	(15012,1618,427,0)
2	14	天空之塔	206	609	1009	(206,609,1009)	0								14159	768	916	0	15129	145	130	14160	1152	669	0	15130	145	131	14223	1434	515	0	15131	145	132	(14159,768,916,0,15129,145,130)	(14160,1152,669,0,15130,145,131)	(14223,1434,515,0,15131,145,132)	3	15013	(15013,1618,427,0)
2	15	天空之塔	207	609	1009	(207,609,1009)	1	[(25683,60)]	[(25683,30)]		200	100	[(25683,60),(25829,200)]	[(25683,30),(25829,100)]	14162	768	916	0	15132	145	133	14163	1152	669	0	15133	145	134	14224	1434	515	0	15134	144	135			(14224,1434,515,0,15134,144,135)		15014	(15014,1618,427,0)
2	16	天空之塔	208	609	1009	(208,609,1009)	0								14165	768	916	0	15135	145	136	14166	1152	669	0	15136	145	137	14225	1434	515	0	15137	145	138	(14165,768,916,0,15135,145,136)	(14166,1152,669,0,15136,145,137)	(14225,1434,515,0,15137,145,138)	3	15015	(15015,1618,427,0)
2	17	天空之塔	209	609	1009	(209,609,1009)	0								14168	768	916	0	15138	145	139	14169	1152	669	0	15139	145	140	14226	1434	515	0	15140	145	141	(14168,768,916,0,15138,145,139)	(14169,1152,669,0,15139,145,140)	(14226,1434,515,0,15140,145,141)	3	15016	(15016,1618,427,0)
2	18	天空之塔	210	609	1009	(210,609,1009)	0								14171	768	916	0	15141	145	142	14172	1152	669	0	15142	145	143	14227	1434	515	0	15143	145	144	(14171,768,916,0,15141,145,142)	(14172,1152,669,0,15142,145,143)	(14227,1434,515,0,15143,145,144)	3	15017	(15017,1618,427,0)
2	19	天空之塔	211	609	1009	(211,609,1009)	0								14174	768	916	0	15144	145	145	14175	1152	669	0	15145	145	146	14228	1434	515	0	15146	145	147	(14174,768,916,0,15144,145,145)	(14175,1152,669,0,15145,145,146)	(14228,1434,515,0,15146,145,147)	3	15018	(15018,1618,427,0)
2	20	天空之塔	212	609	1009	(212,609,1009)	1	[(25683,80)]	[(25683,40)]		250	125	[(25683,80),(25829,250)]	[(25683,40),(25829,125)]	14177	768	916	0	15147	145	148	14178	1152	669	0	15148	145	149	14229	1434	515	0	15149	144	150			(14229,1434,515,0,15149,144,150)		15019	(15019,1618,427,0)
2	21	天空之塔	213	609	1009	(213,609,1009)	0								14180	768	916	0	15150	145	151	14181	1152	669	0	15151	145	152	14230	1434	515	0	15152	145	153	(14180,768,916,0,15150,145,151)	(14181,1152,669,0,15151,145,152)	(14230,1434,515,0,15152,145,153)	3	15020	(15020,1618,427,0)
2	22	天空之塔	214	609	1009	(214,609,1009)	0								14183	768	916	0	15153	145	154	14184	1152	669	0	15154	145	155	14231	1434	515	0	15155	145	156	(14183,768,916,0,15153,145,154)	(14184,1152,669,0,15154,145,155)	(14231,1434,515,0,15155,145,156)	3	15021	(15021,1618,427,0)
2	23	天空之塔	215	609	1009	(215,609,1009)	0								14186	768	916	0	15156	145	157	14187	1152	669	0	15157	145	158	14232	1434	515	0	15158	145	159	(14186,768,916,0,15156,145,157)	(14187,1152,669,0,15157,145,158)	(14232,1434,515,0,15158,145,159)	3	15022	(15022,1618,427,0)
2	24	天空之塔	216	609	1009	(216,609,1009)	0								14189	768	916	0	15159	145	160	14190	1152	669	0	15160	145	161	14233	1434	515	0	15161	145	162	(14189,768,916,0,15159,145,160)	(14190,1152,669,0,15160,145,161)	(14233,1434,515,0,15161,145,162)	3	15023	(15023,1618,427,0)
2	25	天空之塔	217	609	1009	(217,609,1009)	1	[(25683,100)]	[(25683,50)]		300	150	[(25683,100),(25829,300)]	[(25683,50),(25829,150)]	14192	768	916	0	15162	145	163	14193	1152	669	0	15163	145	164	14234	1434	515	0	15164	144	165			(14234,1434,515,0,15164,144,165)		15024	(15024,1618,427,0)
2	26	天空之塔	218	609	1009	(218,609,1009)	0								14195	768	916	0	15165	145	166	14196	1152	669	0	15166	145	167	14235	1434	515	0	15167	145	168	(14195,768,916,0,15165,145,166)	(14196,1152,669,0,15166,145,167)	(14235,1434,515,0,15167,145,168)	3	15025	(15025,1618,427,0)
2	27	天空之塔	219	609	1009	(219,609,1009)	0								14198	768	916	0	15168	145	169	14199	1152	669	0	15169	145	170	14236	1434	515	0	15170	145	171	(14198,768,916,0,15168,145,169)	(14199,1152,669,0,15169,145,170)	(14236,1434,515,0,15170,145,171)	3	15026	(15026,1618,427,0)
2	28	天空之塔	220	609	1009	(220,609,1009)	0								14201	768	916	0	15171	145	172	14202	1152	669	0	15172	145	173	14237	1434	515	0	15173	145	174	(14201,768,916,0,15171,145,172)	(14202,1152,669,0,15172,145,173)	(14237,1434,515,0,15173,145,174)	3	15027	(15027,1618,427,0)
2	29	天空之塔	221	609	1009	(221,609,1009)	0								14204	768	916	0	15174	145	175	14205	1152	669	0	15175	145	176	14238	1434	515	0	15176	145	177	(14204,768,916,0,15174,145,175)	(14205,1152,669,0,15175,145,176)	(14238,1434,515,0,15176,145,177)	3	15028	(15028,1618,427,0)
2	30	天空之塔	222	609	1009	(222,609,1009)	1	[(25683,150)]	[(25683,75)]		400	200	[(25683,150),(25829,400)]	[(25683,75),(25829,200)]	14207	768	916	0	15177	145	178	14208	1152	669	0	15178	145	179	14239	1434	515	0	15179	144	180			(14239,1434,515,0,15179,144,180)			
3	1	失落之塔	223	444	1104	(223,444,1104)	0								14240	772	942	0	15180	147	181	14241	1178	670	0	15181	147	182	14330	1463	524	0	15182	147	183	(14240,772,942,0,15180,147,181)	(14241,1178,670,0,15181,147,182)	(14330,1463,524,0,15182,147,183)	0	15000	(15000,1653,431,0)
3	2	失落之塔	224	444	1104	(224,444,1104)	0								14243	772	942	0	15183	147	184	14244	1178	670	0	15184	147	185	14331	1463	524	0	15185	147	186	(14243,772,942,0,15183,147,184)	(14244,1178,670,0,15184,147,185)	(14331,1463,524,0,15185,147,186)	3	15001	(15001,1653,431,0)
3	3	失落之塔	225	444	1104	(225,444,1104)	0								14246	772	942	0	15186	147	187	14247	1178	670	0	15187	147	188	14332	1463	524	0	15188	147	189	(14246,772,942,0,15186,147,187)	(14247,1178,670,0,15187,147,188)	(14332,1463,524,0,15188,147,189)	3	15002	(15002,1653,431,0)
3	4	失落之塔	226	444	1104	(226,444,1104)	0								14249	772	942	0	15189	147	190	14250	1178	670	0	15190	147	191	14333	1463	524	0	15191	147	192	(14249,772,942,0,15189,147,190)	(14250,1178,670,0,15190,147,191)	(14333,1463,524,0,15191,147,192)	3	15003	(15003,1653,431,0)
3	5	失落之塔	227	444	1104	(227,444,1104)	1	[(25684,20)]	[(25684,10)]		100	50	[(25684,20),(25829,100)]	[(25684,10),(25829,50)]	14252	772	942	0	15192	147	193	14253	1178	670	0	15193	147	194	14334	1463	524	0	15194	146	195			(14334,1463,524,0,15194,146,195)		15004	(15004,1653,431,0)
3	6	失落之塔	228	444	1104	(228,444,1104)	0								14255	772	942	0	15195	147	196	14256	1178	670	0	15196	147	197	14335	1463	524	0	15197	147	198	(14255,772,942,0,15195,147,196)	(14256,1178,670,0,15196,147,197)	(14335,1463,524,0,15197,147,198)	3	15005	(15005,1653,431,0)
3	7	失落之塔	229	444	1104	(229,444,1104)	0								14258	772	942	0	15198	147	199	14259	1178	670	0	15199	147	200	14336	1463	524	0	15200	147	201	(14258,772,942,0,15198,147,199)	(14259,1178,670,0,15199,147,200)	(14336,1463,524,0,15200,147,201)	3	15006	(15006,1653,431,0)
3	8	失落之塔	230	444	1104	(230,444,1104)	0								14261	772	942	0	15201	147	202	14262	1178	670	0	15202	147	203	14337	1463	524	0	15203	147	204	(14261,772,942,0,15201,147,202)	(14262,1178,670,0,15202,147,203)	(14337,1463,524,0,15203,147,204)	3	15007	(15007,1653,431,0)
3	9	失落之塔	231	444	1104	(231,444,1104)	0								14264	772	942	0	15204	147	205	14265	1178	670	0	15205	147	206	14338	1463	524	0	15206	147	207	(14264,772,942,0,15204,147,205)	(14265,1178,670,0,15205,147,206)	(14338,1463,524,0,15206,147,207)	3	15008	(15008,1653,431,0)
3	10	失落之塔	232	444	1104	(232,444,1104)	1	[(25684,40)]	[(25684,20)]		150	75	[(25684,40),(25829,150)]	[(25684,20),(25829,75)]	14267	772	942	0	15207	147	208	14268	1178	670	0	15208	147	209	14339	1463	524	0	15209	146	210			(14339,1463,524,0,15209,146,210)		15009	(15009,1653,431,0)
3	11	失落之塔	233	444	1104	(233,444,1104)	0								14270	772	942	0	15210	147	211	14271	1178	670	0	15211	147	212	14340	1463	524	0	15212	147	213	(14270,772,942,0,15210,147,211)	(14271,1178,670,0,15211,147,212)	(14340,1463,524,0,15212,147,213)	3	15010	(15010,1653,431,0)
3	12	失落之塔	234	444	1104	(234,444,1104)	0								14273	772	942	0	15213	147	214	14274	1178	670	0	15214	147	215	14341	1463	524	0	15215	147	216	(14273,772,942,0,15213,147,214)	(14274,1178,670,0,15214,147,215)	(14341,1463,524,0,15215,147,216)	3	15011	(15011,1653,431,0)
3	13	失落之塔	235	444	1104	(235,444,1104)	0								14276	772	942	0	15216	147	217	14277	1178	670	0	15217	147	218	14342	1463	524	0	15218	147	219	(14276,772,942,0,15216,147,217)	(14277,1178,670,0,15217,147,218)	(14342,1463,524,0,15218,147,219)	3	15012	(15012,1653,431,0)
3	14	失落之塔	236	444	1104	(236,444,1104)	0								14279	772	942	0	15219	147	220	14280	1178	670	0	15220	147	221	14343	1463	524	0	15221	147	222	(14279,772,942,0,15219,147,220)	(14280,1178,670,0,15220,147,221)	(14343,1463,524,0,15221,147,222)	3	15013	(15013,1653,431,0)
3	15	失落之塔	237	444	1104	(237,444,1104)	1	[(25684,60)]	[(25684,30)]		200	100	[(25684,60),(25829,200)]	[(25684,30),(25829,100)]	14282	772	942	0	15222	147	223	14283	1178	670	0	15223	147	224	14344	1463	524	0	15224	146	225			(14344,1463,524,0,15224,146,225)		15014	(15014,1653,431,0)
3	16	失落之塔	238	444	1104	(238,444,1104)	0								14285	772	942	0	15225	147	226	14286	1178	670	0	15226	147	227	14345	1463	524	0	15227	147	228	(14285,772,942,0,15225,147,226)	(14286,1178,670,0,15226,147,227)	(14345,1463,524,0,15227,147,228)	3	15015	(15015,1653,431,0)
3	17	失落之塔	239	444	1104	(239,444,1104)	0								14288	772	942	0	15228	147	229	14289	1178	670	0	15229	147	230	14346	1463	524	0	15230	147	231	(14288,772,942,0,15228,147,229)	(14289,1178,670,0,15229,147,230)	(14346,1463,524,0,15230,147,231)	3	15016	(15016,1653,431,0)
3	18	失落之塔	240	444	1104	(240,444,1104)	0								14291	772	942	0	15231	147	232	14292	1178	670	0	15232	147	233	14347	1463	524	0	15233	147	234	(14291,772,942,0,15231,147,232)	(14292,1178,670,0,15232,147,233)	(14347,1463,524,0,15233,147,234)	3	15017	(15017,1653,431,0)
3	19	失落之塔	241	444	1104	(241,444,1104)	0								14294	772	942	0	15234	147	235	14295	1178	670	0	15235	147	236	14348	1463	524	0	15236	147	237	(14294,772,942,0,15234,147,235)	(14295,1178,670,0,15235,147,236)	(14348,1463,524,0,15236,147,237)	3	15018	(15018,1653,431,0)
3	20	失落之塔	242	444	1104	(242,444,1104)	1	[(25684,80)]	[(25684,40)]		250	125	[(25684,80),(25829,250)]	[(25684,40),(25829,125)]	14297	772	942	0	15237	147	238	14298	1178	670	0	15238	147	239	14349	1463	524	0	15239	146	240			(14349,1463,524,0,15239,146,240)		15019	(15019,1653,431,0)
3	21	失落之塔	243	444	1104	(243,444,1104)	0								14300	772	942	0	15240	147	241	14301	1178	670	0	15241	147	242	14350	1463	524	0	15242	147	243	(14300,772,942,0,15240,147,241)	(14301,1178,670,0,15241,147,242)	(14350,1463,524,0,15242,147,243)	3	15020	(15020,1653,431,0)
3	22	失落之塔	244	444	1104	(244,444,1104)	0								14303	772	942	0	15243	147	244	14304	1178	670	0	15244	147	245	14351	1463	524	0	15245	147	246	(14303,772,942,0,15243,147,244)	(14304,1178,670,0,15244,147,245)	(14351,1463,524,0,15245,147,246)	3	15021	(15021,1653,431,0)
3	23	失落之塔	245	444	1104	(245,444,1104)	0								14306	772	942	0	15246	147	247	14307	1178	670	0	15247	147	248	14352	1463	524	0	15248	147	249	(14306,772,942,0,15246,147,247)	(14307,1178,670,0,15247,147,248)	(14352,1463,524,0,15248,147,249)	3	15022	(15022,1653,431,0)
3	24	失落之塔	246	444	1104	(246,444,1104)	0								14309	772	942	0	15249	147	250	14310	1178	670	0	15250	147	251	14353	1463	524	0	15251	147	252	(14309,772,942,0,15249,147,250)	(14310,1178,670,0,15250,147,251)	(14353,1463,524,0,15251,147,252)	3	15023	(15023,1653,431,0)
3	25	失落之塔	247	444	1104	(247,444,1104)	1	[(25684,100)]	[(25684,50)]		300	150	[(25684,100),(25829,300)]	[(25684,50),(25829,150)]	14312	772	942	0	15252	147	253	14313	1178	670	0	15253	147	254	14354	1463	524	0	15254	146	255			(14354,1463,524,0,15254,146,255)		15024	(15024,1653,431,0)
3	26	失落之塔	248	444	1104	(248,444,1104)	0								14315	772	942	0	15255	147	256	14316	1178	670	0	15256	147	257	14355	1463	524	0	15257	147	258	(14315,772,942,0,15255,147,256)	(14316,1178,670,0,15256,147,257)	(14355,1463,524,0,15257,147,258)	3	15025	(15025,1653,431,0)
3	27	失落之塔	249	444	1104	(249,444,1104)	0								14318	772	942	0	15258	147	259	14319	1178	670	0	15259	147	260	14356	1463	524	0	15260	147	261	(14318,772,942,0,15258,147,259)	(14319,1178,670,0,15259,147,260)	(14356,1463,524,0,15260,147,261)	3	15026	(15026,1653,431,0)
3	28	失落之塔	250	444	1104	(250,444,1104)	0								14321	772	942	0	15261	147	262	14322	1178	670	0	15262	147	263	14357	1463	524	0	15263	147	264	(14321,772,942,0,15261,147,262)	(14322,1178,670,0,15262,147,263)	(14357,1463,524,0,15263,147,264)	3	15027	(15027,1653,431,0)
3	29	失落之塔	251	444	1104	(251,444,1104)	0								14324	772	942	0	15264	147	265	14325	1178	670	0	15265	147	266	14358	1463	524	0	15266	147	267	(14324,772,942,0,15264,147,265)	(14325,1178,670,0,15265,147,266)	(14358,1463,524,0,15266,147,267)	3	15028	(15028,1653,431,0)
3	30	失落之塔	252	444	1104	(252,444,1104)	1	[(25684,150)]	[(25684,75)]		400	200	[(25684,150),(25829,400)]	[(25684,75),(25829,200)]	14327	772	942	0	15267	147	268	14328	1178	670	0	15268	147	269	14359	1463	524	0	15269	146	270			(14359,1463,524,0,15269,146,270)			
4	1	梦魇之塔	253	395	1126	(253,395,1126)	0								14360	648	1003	0	15486	154	271	14361	901	792	0	15487	154	272	14450	1165	663	0	15488	154	273	(14360,648,1003,0,15486,154,271)	(14361,901,792,0,15487,154,272)	(14450,1165,663,0,15488,154,273)	0	15000	(15000,1613,436,0)
4	2	梦魇之塔	254	395	1126	(254,395,1126)	0								14363	648	1003	0	15489	154	274	14364	901	792	0	15490	154	275	14451	1165	663	0	15491	154	276	(14363,648,1003,0,15489,154,274)	(14364,901,792,0,15490,154,275)	(14451,1165,663,0,15491,154,276)	3	15001	(15001,1613,436,0)
4	3	梦魇之塔	255	395	1126	(255,395,1126)	0								14366	648	1003	0	15492	154	277	14367	901	792	0	15493	154	278	14452	1165	663	0	15494	154	279	(14366,648,1003,0,15492,154,277)	(14367,901,792,0,15493,154,278)	(14452,1165,663,0,15494,154,279)	3	15002	(15002,1613,436,0)
4	4	梦魇之塔	256	395	1126	(256,395,1126)	0								14369	648	1003	0	15495	154	280	14370	901	792	0	15496	154	281	14453	1165	663	0	15497	154	282	(14369,648,1003,0,15495,154,280)	(14370,901,792,0,15496,154,281)	(14453,1165,663,0,15497,154,282)	3	15003	(15003,1613,436,0)
4	5	梦魇之塔	257	395	1126	(257,395,1126)	1	[(25685,20)]	[(25685,10)]		100	50	[(25685,20),(25829,100)]	[(25685,10),(25829,50)]	14372	648	1003	0	15498	154	283	14373	901	792	0	15499	154	284	14454	1165	663	0	15500	153	285			(14454,1165,663,0,15500,153,285)		15004	(15004,1613,436,0)
4	6	梦魇之塔	258	395	1126	(258,395,1126)	0								14375	648	1003	0	15501	154	286	14376	901	792	0	15502	154	287	14455	1165	663	0	15503	154	288	(14375,648,1003,0,15501,154,286)	(14376,901,792,0,15502,154,287)	(14455,1165,663,0,15503,154,288)	3	15005	(15005,1613,436,0)
4	7	梦魇之塔	259	395	1126	(259,395,1126)	0								14378	648	1003	0	15504	154	289	14379	901	792	0	15505	154	290	14456	1165	663	0	15506	154	291	(14378,648,1003,0,15504,154,289)	(14379,901,792,0,15505,154,290)	(14456,1165,663,0,15506,154,291)	3	15006	(15006,1613,436,0)
4	8	梦魇之塔	260	395	1126	(260,395,1126)	0								14381	648	1003	0	15507	154	292	14382	901	792	0	15508	154	293	14457	1165	663	0	15509	154	294	(14381,648,1003,0,15507,154,292)	(14382,901,792,0,15508,154,293)	(14457,1165,663,0,15509,154,294)	3	15007	(15007,1613,436,0)
4	9	梦魇之塔	261	395	1126	(261,395,1126)	0								14384	648	1003	0	15510	154	295	14385	901	792	0	15511	154	296	14458	1165	663	0	15512	154	297	(14384,648,1003,0,15510,154,295)	(14385,901,792,0,15511,154,296)	(14458,1165,663,0,15512,154,297)	3	15008	(15008,1613,436,0)
4	10	梦魇之塔	262	395	1126	(262,395,1126)	1	[(25685,40)]	[(25685,20)]		150	75	[(25685,40),(25829,150)]	[(25685,20),(25829,75)]	14387	648	1003	0	15513	154	298	14388	901	792	0	15514	154	299	14459	1165	663	0	15515	153	300			(14459,1165,663,0,15515,153,300)		15009	(15009,1613,436,0)
4	11	梦魇之塔	263	395	1126	(263,395,1126)	0								14390	648	1003	0	15516	154	301	14391	901	792	0	15517	154	302	14460	1165	663	0	15518	154	303	(14390,648,1003,0,15516,154,301)	(14391,901,792,0,15517,154,302)	(14460,1165,663,0,15518,154,303)	3	15010	(15010,1613,436,0)
4	12	梦魇之塔	264	395	1126	(264,395,1126)	0								14393	648	1003	0	15519	154	304	14394	901	792	0	15520	154	305	14461	1165	663	0	15521	154	306	(14393,648,1003,0,15519,154,304)	(14394,901,792,0,15520,154,305)	(14461,1165,663,0,15521,154,306)	3	15011	(15011,1613,436,0)
4	13	梦魇之塔	265	395	1126	(265,395,1126)	0								14396	648	1003	0	15522	154	307	14397	901	792	0	15523	154	308	14462	1165	663	0	15524	154	309	(14396,648,1003,0,15522,154,307)	(14397,901,792,0,15523,154,308)	(14462,1165,663,0,15524,154,309)	3	15012	(15012,1613,436,0)
4	14	梦魇之塔	266	395	1126	(266,395,1126)	0								14399	648	1003	0	15525	154	310	14400	901	792	0	15526	154	311	14463	1165	663	0	15527	154	312	(14399,648,1003,0,15525,154,310)	(14400,901,792,0,15526,154,311)	(14463,1165,663,0,15527,154,312)	3	15013	(15013,1613,436,0)
4	15	梦魇之塔	267	395	1126	(267,395,1126)	1	[(25685,60)]	[(25685,30)]		200	100	[(25685,60),(25829,200)]	[(25685,30),(25829,100)]	14402	648	1003	0	15528	154	313	14403	901	792	0	15529	154	314	14464	1165	663	0	15530	153	315			(14464,1165,663,0,15530,153,315)		15014	(15014,1613,436,0)
4	16	梦魇之塔	268	395	1126	(268,395,1126)	0								14405	648	1003	0	15531	154	316	14406	901	792	0	15532	154	317	14465	1165	663	0	15533	154	318	(14405,648,1003,0,15531,154,316)	(14406,901,792,0,15532,154,317)	(14465,1165,663,0,15533,154,318)	3	15015	(15015,1613,436,0)
4	17	梦魇之塔	269	395	1126	(269,395,1126)	0								14408	648	1003	0	15534	154	319	14409	901	792	0	15535	154	320	14466	1165	663	0	15536	154	321	(14408,648,1003,0,15534,154,319)	(14409,901,792,0,15535,154,320)	(14466,1165,663,0,15536,154,321)	3	15016	(15016,1613,436,0)
4	18	梦魇之塔	270	395	1126	(270,395,1126)	0								14411	648	1003	0	15537	154	322	14412	901	792	0	15538	154	323	14467	1165	663	0	15539	154	324	(14411,648,1003,0,15537,154,322)	(14412,901,792,0,15538,154,323)	(14467,1165,663,0,15539,154,324)	3	15017	(15017,1613,436,0)
4	19	梦魇之塔	271	395	1126	(271,395,1126)	0								14414	648	1003	0	15540	154	325	14415	901	792	0	15541	154	326	14468	1165	663	0	15542	154	327	(14414,648,1003,0,15540,154,325)	(14415,901,792,0,15541,154,326)	(14468,1165,663,0,15542,154,327)	3	15018	(15018,1613,436,0)
4	20	梦魇之塔	272	395	1126	(272,395,1126)	1	[(25685,80)]	[(25685,40)]		250	125	[(25685,80),(25829,250)]	[(25685,40),(25829,125)]	14417	648	1003	0	15543	154	328	14418	901	792	0	15544	154	329	14469	1165	663	0	15545	153	330			(14469,1165,663,0,15545,153,330)		15019	(15019,1613,436,0)
4	21	梦魇之塔	273	395	1126	(273,395,1126)	0								14420	648	1003	0	15546	154	331	14421	901	792	0	15547	154	332	14470	1165	663	0	15548	154	333	(14420,648,1003,0,15546,154,331)	(14421,901,792,0,15547,154,332)	(14470,1165,663,0,15548,154,333)	3	15020	(15020,1613,436,0)
4	22	梦魇之塔	274	395	1126	(274,395,1126)	0								14423	648	1003	0	15549	154	334	14424	901	792	0	15550	154	335	14471	1165	663	0	15551	154	336	(14423,648,1003,0,15549,154,334)	(14424,901,792,0,15550,154,335)	(14471,1165,663,0,15551,154,336)	3	15021	(15021,1613,436,0)
4	23	梦魇之塔	275	395	1126	(275,395,1126)	0								14426	648	1003	0	15552	154	337	14427	901	792	0	15553	154	338	14472	1165	663	0	15554	154	339	(14426,648,1003,0,15552,154,337)	(14427,901,792,0,15553,154,338)	(14472,1165,663,0,15554,154,339)	3	15022	(15022,1613,436,0)
4	24	梦魇之塔	276	395	1126	(276,395,1126)	0								14429	648	1003	0	15555	154	340	14430	901	792	0	15556	154	341	14473	1165	663	0	15557	154	342	(14429,648,1003,0,15555,154,340)	(14430,901,792,0,15556,154,341)	(14473,1165,663,0,15557,154,342)	3	15023	(15023,1613,436,0)
4	25	梦魇之塔	277	395	1126	(277,395,1126)	1	[(25685,100)]	[(25685,50)]		300	150	[(25685,100),(25829,300)]	[(25685,50),(25829,150)]	14432	648	1003	0	15558	154	343	14433	901	792	0	15559	154	344	14474	1165	663	0	15560	153	345			(14474,1165,663,0,15560,153,345)		15024	(15024,1613,436,0)
4	26	梦魇之塔	278	395	1126	(278,395,1126)	0								14435	648	1003	0	15561	154	346	14436	901	792	0	15562	154	347	14475	1165	663	0	15563	154	348	(14435,648,1003,0,15561,154,346)	(14436,901,792,0,15562,154,347)	(14475,1165,663,0,15563,154,348)	3	15025	(15025,1613,436,0)
4	27	梦魇之塔	279	395	1126	(279,395,1126)	0								14438	648	1003	0	15564	154	349	14439	901	792	0	15565	154	350	14476	1165	663	0	15566	154	351	(14438,648,1003,0,15564,154,349)	(14439,901,792,0,15565,154,350)	(14476,1165,663,0,15566,154,351)	3	15026	(15026,1613,436,0)
4	28	梦魇之塔	280	395	1126	(280,395,1126)	0								14441	648	1003	0	15567	154	352	14442	901	792	0	15568	154	353	14477	1165	663	0	15569	154	354	(14441,648,1003,0,15567,154,352)	(14442,901,792,0,15568,154,353)	(14477,1165,663,0,15569,154,354)	3	15027	(15027,1613,436,0)
4	29	梦魇之塔	281	395	1126	(281,395,1126)	0								14444	648	1003	0	15570	154	355	14445	901	792	0	15571	154	356	14478	1165	663	0	15572	154	357	(14444,648,1003,0,15570,154,355)	(14445,901,792,0,15571,154,356)	(14478,1165,663,0,15572,154,357)	3	15028	(15028,1613,436,0)
4	30	梦魇之塔	282	395	1126	(282,395,1126)	1	[(25685,150)]	[(25685,75)]		400	200	[(25685,150),(25829,400)]	[(25685,75),(25829,200)]	14447	648	1003	0	15573	154	358	14448	901	792	0	15574	154	359	14479	1165	663	0	15575	153	360			(14479,1165,663,0,15575,153,360)			
5	1	圣域之塔	401	385	1057	(401,385,1057)	0								14480	629	908	0	15576	163	361	14481	872	766	0	15577	163	362	14570	1130	658	0	15578	163	363	(14480,629,908,0,15576,163,361)	(14481,872,766,0,15577,163,362)	(14570,1130,658,0,15578,163,363)	0	15000	(15000,1461,508,0)
5	2	圣域之塔	402	385	1057	(402,385,1057)	0								14483	629	908	0	15579	163	364	14484	872	766	0	15580	163	365	14571	1130	658	0	15581	163	366	(14483,629,908,0,15579,163,364)	(14484,872,766,0,15580,163,365)	(14571,1130,658,0,15581,163,366)	3	15001	(15001,1461,508,0)
5	3	圣域之塔	403	385	1057	(403,385,1057)	0								14486	629	908	0	15582	163	367	14487	872	766	0	15583	163	368	14572	1130	658	0	15584	163	369	(14486,629,908,0,15582,163,367)	(14487,872,766,0,15583,163,368)	(14572,1130,658,0,15584,163,369)	3	15002	(15002,1461,508,0)
5	4	圣域之塔	404	385	1057	(404,385,1057)	0								14489	629	908	0	15585	163	370	14490	872	766	0	15586	163	371	14573	1130	658	0	15587	163	372	(14489,629,908,0,15585,163,370)	(14490,872,766,0,15586,163,371)	(14573,1130,658,0,15587,163,372)	3	15003	(15003,1461,508,0)
5	5	圣域之塔	405	385	1057	(405,385,1057)	1	[(25686,20)]	[(25686,10)]		100	50	[(25686,20),(25829,100)]	[(25686,10),(25829,50)]	14492	629	908	0	15588	163	373	14493	872	766	0	15589	163	374	14574	1130	658	0	15590	162	375			(14574,1130,658,0,15590,162,375)		15004	(15004,1461,508,0)
5	6	圣域之塔	406	385	1057	(406,385,1057)	0								14495	629	908	0	15591	163	376	14496	872	766	0	15592	163	377	14575	1130	658	0	15593	163	378	(14495,629,908,0,15591,163,376)	(14496,872,766,0,15592,163,377)	(14575,1130,658,0,15593,163,378)	3	15005	(15005,1461,508,0)
5	7	圣域之塔	407	385	1057	(407,385,1057)	0								14498	629	908	0	15594	163	379	14499	872	766	0	15595	163	380	14576	1130	658	0	15596	163	381	(14498,629,908,0,15594,163,379)	(14499,872,766,0,15595,163,380)	(14576,1130,658,0,15596,163,381)	3	15006	(15006,1461,508,0)
5	8	圣域之塔	408	385	1057	(408,385,1057)	0								14501	629	908	0	15597	163	382	14502	872	766	0	15598	163	383	14577	1130	658	0	15599	163	384	(14501,629,908,0,15597,163,382)	(14502,872,766,0,15598,163,383)	(14577,1130,658,0,15599,163,384)	3	15007	(15007,1461,508,0)
5	9	圣域之塔	409	385	1057	(409,385,1057)	0								14504	629	908	0	15600	163	385	14505	872	766	0	15601	163	386	14578	1130	658	0	15602	163	387	(14504,629,908,0,15600,163,385)	(14505,872,766,0,15601,163,386)	(14578,1130,658,0,15602,163,387)	3	15008	(15008,1461,508,0)
5	10	圣域之塔	410	385	1057	(410,385,1057)	1	[(25686,40)]	[(25686,20)]		150	75	[(25686,40),(25829,150)]	[(25686,20),(25829,75)]	14507	629	908	0	15603	163	388	14508	872	766	0	15604	163	389	14579	1130	658	0	15605	162	390			(14579,1130,658,0,15605,162,390)		15009	(15009,1461,508,0)
5	11	圣域之塔	411	385	1057	(411,385,1057)	0								14510	629	908	0	15606	163	391	14511	872	766	0	15607	163	392	14580	1130	658	0	15608	163	393	(14510,629,908,0,15606,163,391)	(14511,872,766,0,15607,163,392)	(14580,1130,658,0,15608,163,393)	3	15010	(15010,1461,508,0)
5	12	圣域之塔	412	385	1057	(412,385,1057)	0								14513	629	908	0	15609	163	394	14514	872	766	0	15610	163	395	14581	1130	658	0	15611	163	396	(14513,629,908,0,15609,163,394)	(14514,872,766,0,15610,163,395)	(14581,1130,658,0,15611,163,396)	3	15011	(15011,1461,508,0)
5	13	圣域之塔	413	385	1057	(413,385,1057)	0								14516	629	908	0	15612	163	397	14517	872	766	0	15613	163	398	14582	1130	658	0	15614	163	399	(14516,629,908,0,15612,163,397)	(14517,872,766,0,15613,163,398)	(14582,1130,658,0,15614,163,399)	3	15012	(15012,1461,508,0)
5	14	圣域之塔	414	385	1057	(414,385,1057)	0								14519	629	908	0	15615	163	400	14520	872	766	0	15616	163	401	14583	1130	658	0	15617	163	402	(14519,629,908,0,15615,163,400)	(14520,872,766,0,15616,163,401)	(14583,1130,658,0,15617,163,402)	3	15013	(15013,1461,508,0)
5	15	圣域之塔	415	385	1057	(415,385,1057)	1	[(25686,60)]	[(25686,30)]		200	100	[(25686,60),(25829,200)]	[(25686,30),(25829,100)]	14522	629	908	0	15618	163	403	14523	872	766	0	15619	163	404	14584	1130	658	0	15620	162	405			(14584,1130,658,0,15620,162,405)		15014	(15014,1461,508,0)
5	16	圣域之塔	416	385	1057	(416,385,1057)	0								14525	629	908	0	15621	163	406	14526	872	766	0	15622	163	407	14585	1130	658	0	15623	163	408	(14525,629,908,0,15621,163,406)	(14526,872,766,0,15622,163,407)	(14585,1130,658,0,15623,163,408)	3	15015	(15015,1461,508,0)
5	17	圣域之塔	417	385	1057	(417,385,1057)	0								14528	629	908	0	15624	163	409	14529	872	766	0	15625	163	410	14586	1130	658	0	15626	163	411	(14528,629,908,0,15624,163,409)	(14529,872,766,0,15625,163,410)	(14586,1130,658,0,15626,163,411)	3	15016	(15016,1461,508,0)
5	18	圣域之塔	418	385	1057	(418,385,1057)	0								14531	629	908	0	15627	163	412	14532	872	766	0	15628	163	413	14587	1130	658	0	15629	163	414	(14531,629,908,0,15627,163,412)	(14532,872,766,0,15628,163,413)	(14587,1130,658,0,15629,163,414)	3	15017	(15017,1461,508,0)
5	19	圣域之塔	419	385	1057	(419,385,1057)	0								14534	629	908	0	15630	163	415	14535	872	766	0	15631	163	416	14588	1130	658	0	15632	163	417	(14534,629,908,0,15630,163,415)	(14535,872,766,0,15631,163,416)	(14588,1130,658,0,15632,163,417)	3	15018	(15018,1461,508,0)
5	20	圣域之塔	420	385	1057	(420,385,1057)	1	[(25686,80)]	[(25686,40)]		250	125	[(25686,80),(25829,250)]	[(25686,40),(25829,125)]	14537	629	908	0	15633	163	418	14538	872	766	0	15634	163	419	14589	1130	658	0	15635	162	420			(14589,1130,658,0,15635,162,420)		15019	(15019,1461,508,0)
5	21	圣域之塔	421	385	1057	(421,385,1057)	0								14540	629	908	0	15636	163	421	14541	872	766	0	15637	163	422	14590	1130	658	0	15638	163	423	(14540,629,908,0,15636,163,421)	(14541,872,766,0,15637,163,422)	(14590,1130,658,0,15638,163,423)	3	15020	(15020,1461,508,0)
5	22	圣域之塔	422	385	1057	(422,385,1057)	0								14543	629	908	0	15639	163	424	14544	872	766	0	15640	163	425	14591	1130	658	0	15641	163	426	(14543,629,908,0,15639,163,424)	(14544,872,766,0,15640,163,425)	(14591,1130,658,0,15641,163,426)	3	15021	(15021,1461,508,0)
5	23	圣域之塔	423	385	1057	(423,385,1057)	0								14546	629	908	0	15642	163	427	14547	872	766	0	15643	163	428	14592	1130	658	0	15644	163	429	(14546,629,908,0,15642,163,427)	(14547,872,766,0,15643,163,428)	(14592,1130,658,0,15644,163,429)	3	15022	(15022,1461,508,0)
5	24	圣域之塔	424	385	1057	(424,385,1057)	0								14549	629	908	0	15645	163	430	14550	872	766	0	15646	163	431	14593	1130	658	0	15647	163	432	(14549,629,908,0,15645,163,430)	(14550,872,766,0,15646,163,431)	(14593,1130,658,0,15647,163,432)	3	15023	(15023,1461,508,0)
5	25	圣域之塔	425	385	1057	(425,385,1057)	1	[(25686,100)]	[(25686,50)]		300	150	[(25686,100),(25829,300)]	[(25686,50),(25829,150)]	14552	629	908	0	15648	163	433	14553	872	766	0	15649	163	434	14594	1130	658	0	15650	162	435			(14594,1130,658,0,15650,162,435)		15024	(15024,1461,508,0)
5	26	圣域之塔	426	385	1057	(426,385,1057)	0								14555	629	908	0	15651	163	436	14556	872	766	0	15652	163	437	14595	1130	658	0	15653	163	438	(14555,629,908,0,15651,163,436)	(14556,872,766,0,15652,163,437)	(14595,1130,658,0,15653,163,438)	3	15025	(15025,1461,508,0)
5	27	圣域之塔	427	385	1057	(427,385,1057)	0								14558	629	908	0	15654	163	439	14559	872	766	0	15655	163	440	14596	1130	658	0	15656	163	441	(14558,629,908,0,15654,163,439)	(14559,872,766,0,15655,163,440)	(14596,1130,658,0,15656,163,441)	3	15026	(15026,1461,508,0)
5	28	圣域之塔	428	385	1057	(428,385,1057)	0								14561	629	908	0	15657	163	442	14562	872	766	0	15658	163	443	14597	1130	658	0	15659	163	444	(14561,629,908,0,15657,163,442)	(14562,872,766,0,15658,163,443)	(14597,1130,658,0,15659,163,444)	3	15027	(15027,1461,508,0)
5	29	圣域之塔	429	385	1057	(429,385,1057)	0								14564	629	908	0	15660	163	445	14565	872	766	0	15661	163	446	14598	1130	658	0	15662	163	447	(14564,629,908,0,15660,163,445)	(14565,872,766,0,15661,163,446)	(14598,1130,658,0,15662,163,447)	3	15028	(15028,1461,508,0)
5	30	圣域之塔	430	385	1057	(430,385,1057)	1	[(25686,150)]	[(25686,75)]		400	200	[(25686,150),(25829,400)]	[(25686,75),(25829,200)]	14567	629	908	0	15663	163	448	14568	872	766	0	15664	163	449	14599	1130	658	0	15665	162	450			(14599,1130,658,0,15665,162,450)			
6	1	冥皇之塔	431	385	1057	(431,385,1057)	0								14720	629	908	0	16614	163	541	14721	872	766	0	16615	163	542	14810	1130	658	0	16616	163	543	(14720,629,908,0,16614,163,541)	(14721,872,766,0,16615,163,542)	(14810,1130,658,0,16616,163,543)	0	15000	(15000,1461,508,0)
6	2	冥皇之塔	432	385	1057	(432,385,1057)	0								14723	629	908	0	16617	163	544	14724	872	766	0	16618	163	545	14811	1130	658	0	16619	163	546	(14723,629,908,0,16617,163,544)	(14724,872,766,0,16618,163,545)	(14811,1130,658,0,16619,163,546)	3	15001	(15001,1461,508,0)
6	3	冥皇之塔	433	385	1057	(433,385,1057)	0								14726	629	908	0	16620	163	547	14727	872	766	0	16621	163	548	14812	1130	658	0	16622	163	549	(14726,629,908,0,16620,163,547)	(14727,872,766,0,16621,163,548)	(14812,1130,658,0,16622,163,549)	3	15002	(15002,1461,508,0)
6	4	冥皇之塔	434	385	1057	(434,385,1057)	0								14729	629	908	0	16623	163	550	14730	872	766	0	16624	163	551	14813	1130	658	0	16625	163	552	(14729,629,908,0,16623,163,550)	(14730,872,766,0,16624,163,551)	(14813,1130,658,0,16625,163,552)	3	15003	(15003,1461,508,0)
6	5	冥皇之塔	435	385	1057	(435,385,1057)	1	[(26607,20)]	[(26607,10)]		100	50	[(26607,20),(25829,100)]	[(26607,10),(25829,50)]	14732	629	908	0	16626	163	553	14733	872	766	0	16627	163	554	14814	1130	658	0	16628	162	555			(14814,1130,658,0,16628,162,555)		15004	(15004,1461,508,0)
6	6	冥皇之塔	436	385	1057	(436,385,1057)	0								14735	629	908	0	16629	163	556	14736	872	766	0	16630	163	557	14815	1130	658	0	16631	163	558	(14735,629,908,0,16629,163,556)	(14736,872,766,0,16630,163,557)	(14815,1130,658,0,16631,163,558)	3	15005	(15005,1461,508,0)
6	7	冥皇之塔	437	385	1057	(437,385,1057)	0								14738	629	908	0	16632	163	559	14739	872	766	0	16633	163	560	14816	1130	658	0	16634	163	561	(14738,629,908,0,16632,163,559)	(14739,872,766,0,16633,163,560)	(14816,1130,658,0,16634,163,561)	3	15006	(15006,1461,508,0)
6	8	冥皇之塔	438	385	1057	(438,385,1057)	0								14741	629	908	0	16635	163	562	14742	872	766	0	16636	163	563	14817	1130	658	0	16637	163	564	(14741,629,908,0,16635,163,562)	(14742,872,766,0,16636,163,563)	(14817,1130,658,0,16637,163,564)	3	15007	(15007,1461,508,0)
6	9	冥皇之塔	439	385	1057	(439,385,1057)	0								14744	629	908	0	16638	163	565	14745	872	766	0	16639	163	566	14818	1130	658	0	16640	163	567	(14744,629,908,0,16638,163,565)	(14745,872,766,0,16639,163,566)	(14818,1130,658,0,16640,163,567)	3	15008	(15008,1461,508,0)
6	10	冥皇之塔	440	385	1057	(440,385,1057)	1	[(26607,40)]	[(26607,20)]		150	75	[(26607,40),(25829,150)]	[(26607,20),(25829,75)]	14747	629	908	0	16641	163	568	14748	872	766	0	16642	163	569	14819	1130	658	0	16643	162	570			(14819,1130,658,0,16643,162,570)		15009	(15009,1461,508,0)
6	11	冥皇之塔	441	385	1057	(441,385,1057)	0								14750	629	908	0	16644	163	571	14751	872	766	0	16645	163	572	14820	1130	658	0	16646	163	573	(14750,629,908,0,16644,163,571)	(14751,872,766,0,16645,163,572)	(14820,1130,658,0,16646,163,573)	3	15010	(15010,1461,508,0)
6	12	冥皇之塔	442	385	1057	(442,385,1057)	0								14753	629	908	0	16647	163	574	14754	872	766	0	16648	163	575	14821	1130	658	0	16649	163	576	(14753,629,908,0,16647,163,574)	(14754,872,766,0,16648,163,575)	(14821,1130,658,0,16649,163,576)	3	15011	(15011,1461,508,0)
6	13	冥皇之塔	443	385	1057	(443,385,1057)	0								14756	629	908	0	16650	163	577	14757	872	766	0	16651	163	578	14822	1130	658	0	16652	163	579	(14756,629,908,0,16650,163,577)	(14757,872,766,0,16651,163,578)	(14822,1130,658,0,16652,163,579)	3	15012	(15012,1461,508,0)
6	14	冥皇之塔	444	385	1057	(444,385,1057)	0								14759	629	908	0	16653	163	580	14760	872	766	0	16654	163	581	14823	1130	658	0	16655	163	582	(14759,629,908,0,16653,163,580)	(14760,872,766,0,16654,163,581)	(14823,1130,658,0,16655,163,582)	3	15013	(15013,1461,508,0)
6	15	冥皇之塔	445	385	1057	(445,385,1057)	1	[(26607,60)]	[(26607,30)]		200	100	[(26607,60),(25829,200)]	[(26607,30),(25829,100)]	14762	629	908	0	16656	163	583	14763	872	766	0	16657	163	584	14824	1130	658	0	16658	162	585			(14824,1130,658,0,16658,162,585)		15014	(15014,1461,508,0)
6	16	冥皇之塔	446	385	1057	(446,385,1057)	0								14765	629	908	0	16659	163	586	14766	872	766	0	16660	163	587	14825	1130	658	0	16661	163	588	(14765,629,908,0,16659,163,586)	(14766,872,766,0,16660,163,587)	(14825,1130,658,0,16661,163,588)	3	15015	(15015,1461,508,0)
6	17	冥皇之塔	447	385	1057	(447,385,1057)	0								14768	629	908	0	16662	163	589	14769	872	766	0	16663	163	590	14826	1130	658	0	16664	163	591	(14768,629,908,0,16662,163,589)	(14769,872,766,0,16663,163,590)	(14826,1130,658,0,16664,163,591)	3	15016	(15016,1461,508,0)
6	18	冥皇之塔	448	385	1057	(448,385,1057)	0								14771	629	908	0	16665	163	592	14772	872	766	0	16666	163	593	14827	1130	658	0	16667	163	594	(14771,629,908,0,16665,163,592)	(14772,872,766,0,16666,163,593)	(14827,1130,658,0,16667,163,594)	3	15017	(15017,1461,508,0)
6	19	冥皇之塔	449	385	1057	(449,385,1057)	0								14774	629	908	0	16668	163	595	14775	872	766	0	16669	163	596	14828	1130	658	0	16670	163	597	(14774,629,908,0,16668,163,595)	(14775,872,766,0,16669,163,596)	(14828,1130,658,0,16670,163,597)	3	15018	(15018,1461,508,0)
6	20	冥皇之塔	450	385	1057	(450,385,1057)	1	[(26607,80)]	[(26607,40)]		250	125	[(26607,80),(25829,250)]	[(26607,40),(25829,125)]	14777	629	908	0	16671	163	598	14778	872	766	0	16672	163	599	14829	1130	658	0	16673	162	600			(14829,1130,658,0,16673,162,600)		15019	(15019,1461,508,0)
6	21	冥皇之塔	451	385	1057	(451,385,1057)	0								14780	629	908	0	16674	163	601	14781	872	766	0	16675	163	602	14830	1130	658	0	16676	163	603	(14780,629,908,0,16674,163,601)	(14781,872,766,0,16675,163,602)	(14830,1130,658,0,16676,163,603)	3	15020	(15020,1461,508,0)
6	22	冥皇之塔	452	385	1057	(452,385,1057)	0								14783	629	908	0	16677	163	604	14784	872	766	0	16678	163	605	14831	1130	658	0	16679	163	606	(14783,629,908,0,16677,163,604)	(14784,872,766,0,16678,163,605)	(14831,1130,658,0,16679,163,606)	3	15021	(15021,1461,508,0)
6	23	冥皇之塔	453	385	1057	(453,385,1057)	0								14786	629	908	0	16680	163	607	14787	872	766	0	16681	163	608	14832	1130	658	0	16682	163	609	(14786,629,908,0,16680,163,607)	(14787,872,766,0,16681,163,608)	(14832,1130,658,0,16682,163,609)	3	15022	(15022,1461,508,0)
6	24	冥皇之塔	454	385	1057	(454,385,1057)	0								14789	629	908	0	16683	163	610	14790	872	766	0	16684	163	611	14833	1130	658	0	16685	163	612	(14789,629,908,0,16683,163,610)	(14790,872,766,0,16684,163,611)	(14833,1130,658,0,16685,163,612)	3	15023	(15023,1461,508,0)
6	25	冥皇之塔	455	385	1057	(455,385,1057)	1	[(26607,100)]	[(26607,50)]		300	150	[(26607,100),(25829,300)]	[(26607,50),(25829,150)]	14792	629	908	0	16686	163	613	14793	872	766	0	16687	163	614	14834	1130	658	0	16688	162	615			(14834,1130,658,0,16688,162,615)		15024	(15024,1461,508,0)
6	26	冥皇之塔	456	385	1057	(456,385,1057)	0								14795	629	908	0	16689	163	616	14796	872	766	0	16690	163	617	14835	1130	658	0	16691	163	618	(14795,629,908,0,16689,163,616)	(14796,872,766,0,16690,163,617)	(14835,1130,658,0,16691,163,618)	3	15025	(15025,1461,508,0)
6	27	冥皇之塔	457	385	1057	(457,385,1057)	0								14798	629	908	0	16692	163	619	14799	872	766	0	16693	163	620	14836	1130	658	0	16694	163	621	(14798,629,908,0,16692,163,619)	(14799,872,766,0,16693,163,620)	(14836,1130,658,0,16694,163,621)	3	15026	(15026,1461,508,0)
6	28	冥皇之塔	458	385	1057	(458,385,1057)	0								14801	629	908	0	16695	163	622	14802	872	766	0	16696	163	623	14837	1130	658	0	16697	163	624	(14801,629,908,0,16695,163,622)	(14802,872,766,0,16696,163,623)	(14837,1130,658,0,16697,163,624)	3	15027	(15027,1461,508,0)
6	29	冥皇之塔	459	385	1057	(459,385,1057)	0								14804	629	908	0	16698	163	625	14805	872	766	0	16699	163	626	14838	1130	658	0	16700	163	627	(14804,629,908,0,16698,163,625)	(14805,872,766,0,16699,163,626)	(14838,1130,658,0,16700,163,627)	3	15028	(15028,1461,508,0)
6	30	冥皇之塔	460	385	1057	(460,385,1057)	1	[(26607,150)]	[(26607,75)]		400	200	[(26607,150),(25829,400)]	[(26607,75),(25829,200)]	14807	629	908	0	16701	163	628	14808	872	766	0	16702	163	629	14839	1130	658	0	16703	162	630			(14839,1130,658,0,16703,162,630)			
