kfDays	wave	bossCampId	monsterCampId	bossHP	monsterHP
开服天数	波数	boss阵营ID	monster阵营ID	boss血量	monster血量
(0,30)	1	5	6	3000000	1500000
(0,30)	2	5	6	3060000	1530000
(0,30)	3	5	6	3180000	1590000
(0,30)	4	5	6	3300000	1650000
(0,30)	5	5	6	3420000	1710000
(0,30)	6	5	6	3540000	1770000
(0,30)	7	5	6	3660000	1830000
(0,30)	8	5	6	3780000	1890000
(0,30)	9	5	6	3900000	1950000
(0,30)	10	5	6	4020000	2010000
(0,30)	11	5	6	4140000	2070000
(0,30)	12	5	6	4260000	2130000
(0,30)	13	5	6	4380000	2190000
(0,30)	14	5	6	4500000	2250000
(0,30)	15	5	6	4620000	2310000
(0,30)	16	5	6	4740000	2370000
(0,30)	17	5	6	4860000	2430000
(0,30)	18	5	6	4980000	2490000
(0,30)	19	5	6	5100000	2550000
(0,30)	20	5	6	5220000	2610000
(0,30)	21	5	6	5340000	2670000
(0,30)	22	5	6	5460000	2730000
(0,30)	23	5	6	5580000	2790000
(0,30)	24	5	6	5700000	2850000
(0,30)	25	5	6	5820000	2910000
(0,30)	26	5	6	5940000	2970000
(0,30)	27	5	6	6060000	3030000
(0,30)	28	5	6	6180000	3090000
(0,30)	29	5	6	6300000	3150000
(0,30)	30	5	6	6420000	3210000
(0,30)	31	5	6	6540000	3270000
(0,30)	32	5	6	6660000	3330000
(0,30)	33	5	6	6780000	3390000
(0,30)	34	5	6	6900000	3450000
(0,30)	35	5	6	7020000	3510000
(0,30)	36	5	6	7140000	3570000
(0,30)	37	5	6	7260000	3630000
(0,30)	38	5	6	7380000	3690000
(0,30)	39	5	6	7500000	3750000
(0,30)	40	5	6	7620000	3810000
(0,30)	41	5	6	7740000	3870000
(0,30)	42	5	6	7860000	3930000
(0,30)	43	5	6	7980000	3990000
(0,30)	44	5	6	8100000	4050000
(0,30)	45	5	6	8220000	4110000
(0,30)	46	5	6	8340000	4170000
(0,30)	47	5	6	8460000	4230000
(0,30)	48	5	6	8580000	4290000
(0,30)	49	5	6	8700000	4350000
(0,30)	50	5	6	8820000	4410000
(0,30)	51	5	6	8940000	4470000
(0,30)	52	5	6	9060000	4530000
(0,30)	53	5	6	9180000	4590000
(0,30)	54	5	6	9300000	4650000
(0,30)	55	5	6	9420000	4710000
(0,30)	56	5	6	9540000	4770000
(0,30)	57	5	6	9660000	4830000
(0,30)	58	5	6	9780000	4890000
(0,30)	59	5	6	9900000	4950000
(0,30)	60	5	6	10020000	5010000
(0,30)	61	5	6	10140000	5070000
(0,30)	62	5	6	10260000	5130000
(0,30)	63	5	6	10380000	5190000
(0,30)	64	5	6	10500000	5250000
(0,30)	65	5	6	10620000	5310000
(0,30)	66	5	6	10740000	5370000
(0,30)	67	5	6	10860000	5430000
(0,30)	68	5	6	10980000	5490000
(0,30)	69	5	6	11100000	5550000
(0,30)	70	5	6	11220000	5610000
(0,30)	71	5	6	11340000	5670000
(0,30)	72	5	6	11460000	5730000
(0,30)	73	5	6	11580000	5790000
(0,30)	74	5	6	11700000	5850000
(0,30)	75	5	6	11820000	5910000
(0,30)	76	5	6	11940000	5970000
(0,30)	77	5	6	12060000	6030000
(0,30)	78	5	6	12180000	6090000
(0,30)	79	5	6	12300000	6150000
(0,30)	80	5	6	12420000	6210000
(0,30)	81	5	6	12540000	6270000
(0,30)	82	5	6	12660000	6330000
(0,30)	83	5	6	12780000	6390000
(0,30)	84	5	6	12900000	6450000
(0,30)	85	5	6	13020000	6510000
(0,30)	86	5	6	13140000	6570000
(0,30)	87	5	6	13260000	6630000
(0,30)	88	5	6	13380000	6690000
(0,30)	89	5	6	13500000	6750000
(0,30)	90	5	6	13620000	6810000
(0,30)	91	5	6	13740000	6870000
(0,30)	92	5	6	13860000	6930000
(0,30)	93	5	6	13980000	6990000
(0,30)	94	5	6	14100000	7050000
(0,30)	95	5	6	14220000	7110000
(0,30)	96	5	6	14340000	7170000
(0,30)	97	5	6	14460000	7230000
(0,30)	98	5	6	14580000	7290000
(0,30)	99	5	6	14700000	7350000
(0,30)	100	5	6	14820000	7410000
(0,30)	101	5	6	14940000	7470000
(0,30)	102	5	6	15060000	7530000
(0,30)	103	5	6	15180000	7590000
(0,30)	104	5	6	15300000	7650000
(0,30)	105	5	6	15420000	7710000
(0,30)	106	5	6	15540000	7770000
(0,30)	107	5	6	15660000	7830000
(0,30)	108	5	6	15780000	7890000
(0,30)	109	5	6	15900000	7950000
(0,30)	110	5	6	16020000	8010000
(0,30)	111	5	6	16140000	8070000
(0,30)	112	5	6	16260000	8130000
(0,30)	113	5	6	16380000	8190000
(0,30)	114	5	6	16500000	8250000
(0,30)	115	5	6	16620000	8310000
(0,30)	116	5	6	16740000	8370000
(0,30)	117	5	6	16860000	8430000
(0,30)	118	5	6	16980000	8490000
(0,30)	119	5	6	17100000	8550000
(0,30)	120	5	6	17220000	8610000
(0,30)	121	5	6	17340000	8670000
(0,30)	122	5	6	17460000	8730000
(0,30)	123	5	6	17580000	8790000
(0,30)	124	5	6	17700000	8850000
(0,30)	125	5	6	17820000	8910000
(0,30)	126	5	6	17940000	8970000
(0,30)	127	5	6	18060000	9030000
(0,30)	128	5	6	18180000	9090000
(0,30)	129	5	6	18300000	9150000
(0,30)	130	5	6	18420000	9210000
(0,30)	131	5	6	18540000	9270000
(0,30)	132	5	6	18660000	9330000
(0,30)	133	5	6	18780000	9390000
(0,30)	134	5	6	18900000	9450000
(0,30)	135	5	6	19020000	9510000
(0,30)	136	5	6	19140000	9570000
(0,30)	137	5	6	19260000	9630000
(0,30)	138	5	6	19380000	9690000
(0,30)	139	5	6	19500000	9750000
(0,30)	140	5	6	19620000	9810000
(0,30)	141	5	6	19740000	9870000
(0,30)	142	5	6	19860000	9930000
(0,30)	143	5	6	19980000	9990000
(0,30)	144	5	6	20100000	10050000
(0,30)	145	5	6	20220000	10110000
(0,30)	146	5	6	20340000	10170000
(0,30)	147	5	6	20460000	10230000
(0,30)	148	5	6	20580000	10290000
(0,30)	149	5	6	20700000	10350000
(0,30)	150	5	6	20820000	10410000
(0,30)	151	5	6	20940000	10470000
(0,30)	152	5	6	21060000	10530000
(0,30)	153	5	6	21180000	10590000
(0,30)	154	5	6	21300000	10650000
(0,30)	155	5	6	21420000	10710000
(0,30)	156	5	6	21540000	10770000
(0,30)	157	5	6	21660000	10830000
(0,30)	158	5	6	21780000	10890000
(0,30)	159	5	6	21900000	10950000
(0,30)	160	5	6	22020000	11010000
(0,30)	161	5	6	22140000	11070000
(0,30)	162	5	6	22260000	11130000
(0,30)	163	5	6	22380000	11190000
(0,30)	164	5	6	22500000	11250000
(0,30)	165	5	6	22620000	11310000
(0,30)	166	5	6	22740000	11370000
(0,30)	167	5	6	22860000	11430000
(0,30)	168	5	6	22980000	11490000
(0,30)	169	5	6	23100000	11550000
(0,30)	170	5	6	23220000	11610000
(0,30)	171	5	6	23340000	11670000
(0,30)	172	5	6	23460000	11730000
(0,30)	173	5	6	23580000	11790000
(0,30)	174	5	6	23700000	11850000
(0,30)	175	5	6	23820000	11910000
(0,30)	176	5	6	23940000	11970000
(0,30)	177	5	6	24060000	12030000
(0,30)	178	5	6	24180000	12090000
(0,30)	179	5	6	24300000	12150000
(0,30)	180	5	6	24420000	12210000
(0,30)	181	5	6	24540000	12270000
(0,30)	182	5	6	24660000	12330000
(0,30)	183	5	6	24780000	12390000
(0,30)	184	5	6	24900000	12450000
(0,30)	185	5	6	25020000	12510000
(0,30)	186	5	6	25140000	12570000
(0,30)	187	5	6	25260000	12630000
(0,30)	188	5	6	25380000	12690000
(0,30)	189	5	6	25500000	12750000
(0,30)	190	5	6	25620000	12810000
(0,30)	191	5	6	25740000	12870000
(0,30)	192	5	6	25860000	12930000
(0,30)	193	5	6	25980000	12990000
(0,30)	194	5	6	26100000	13050000
(0,30)	195	5	6	26220000	13110000
(0,30)	196	5	6	26340000	13170000
(0,30)	197	5	6	26460000	13230000
(0,30)	198	5	6	26580000	13290000
(0,30)	199	5	6	26700000	13350000
(0,30)	200	5	6	26820000	13410000
(0,30)	201	5	6	26940000	13470000
(0,30)	202	5	6	27060000	13530000
(0,30)	203	5	6	27180000	13590000
(0,30)	204	5	6	27300000	13650000
(0,30)	205	5	6	27420000	13710000
(0,30)	206	5	6	27540000	13770000
(0,30)	207	5	6	27660000	13830000
(0,30)	208	5	6	27780000	13890000
(0,30)	209	5	6	27900000	13950000
(0,30)	210	5	6	28020000	14010000
(0,30)	211	5	6	28140000	14070000
(0,30)	212	5	6	28260000	14130000
(0,30)	213	5	6	28380000	14190000
(0,30)	214	5	6	28500000	14250000
(0,30)	215	5	6	28620000	14310000
(0,30)	216	5	6	28740000	14370000
(0,30)	217	5	6	28860000	14430000
(0,30)	218	5	6	28980000	14490000
(0,30)	219	5	6	29100000	14550000
(0,30)	220	5	6	29220000	14610000
(0,30)	221	5	6	29340000	14670000
(0,30)	222	5	6	29460000	14730000
(0,30)	223	5	6	29580000	14790000
(0,30)	224	5	6	29700000	14850000
(0,30)	225	5	6	29820000	14910000
(0,30)	226	5	6	29940000	14970000
(0,30)	227	5	6	30060000	15030000
(0,30)	228	5	6	30180000	15090000
(0,30)	229	5	6	30300000	15150000
(0,30)	230	5	6	30420000	15210000
(0,30)	231	5	6	30540000	15270000
(0,30)	232	5	6	30660000	15330000
(0,30)	233	5	6	30780000	15390000
(0,30)	234	5	6	30900000	15450000
(0,30)	235	5	6	31020000	15510000
(0,30)	236	5	6	31140000	15570000
(0,30)	237	5	6	31260000	15630000
(0,30)	238	5	6	31380000	15690000
(0,30)	239	5	6	31500000	15750000
(0,30)	240	5	6	31620000	15810000
(0,30)	241	5	6	31740000	15870000
(0,30)	242	5	6	31860000	15930000
(0,30)	243	5	6	31980000	15990000
(0,30)	244	5	6	32100000	16050000
(0,30)	245	5	6	32220000	16110000
(0,30)	246	5	6	32340000	16170000
(0,30)	247	5	6	32460000	16230000
(0,30)	248	5	6	32580000	16290000
(0,30)	249	5	6	32700000	16350000
(0,30)	250	5	6	32820000	16410000
(0,30)	251	5	6	32940000	16470000
(0,30)	252	5	6	33060000	16530000
(0,30)	253	5	6	33180000	16590000
(0,30)	254	5	6	33300000	16650000
(0,30)	255	5	6	33420000	16710000
(0,30)	256	5	6	33540000	16770000
(0,30)	257	5	6	33660000	16830000
(0,30)	258	5	6	33780000	16890000
(0,30)	259	5	6	33900000	16950000
(0,30)	260	5	6	34020000	17010000
(0,30)	261	5	6	34140000	17070000
(0,30)	262	5	6	34260000	17130000
(0,30)	263	5	6	34380000	17190000
(0,30)	264	5	6	34500000	17250000
(0,30)	265	5	6	34620000	17310000
(0,30)	266	5	6	34740000	17370000
(0,30)	267	5	6	34860000	17430000
(0,30)	268	5	6	34980000	17490000
(0,30)	269	5	6	35100000	17550000
(0,30)	270	5	6	35220000	17610000
(0,30)	271	5	6	35340000	17670000
(0,30)	272	5	6	35460000	17730000
(0,30)	273	5	6	35580000	17790000
(0,30)	274	5	6	35700000	17850000
(0,30)	275	5	6	35820000	17910000
(0,30)	276	5	6	35940000	17970000
(0,30)	277	5	6	36060000	18030000
(0,30)	278	5	6	36180000	18090000
(0,30)	279	5	6	36300000	18150000
(0,30)	280	5	6	36420000	18210000
(0,30)	281	5	6	36540000	18270000
(0,30)	282	5	6	36660000	18330000
(0,30)	283	5	6	36780000	18390000
(0,30)	284	5	6	36900000	18450000
(0,30)	285	5	6	37020000	18510000
(0,30)	286	5	6	37140000	18570000
(0,30)	287	5	6	37260000	18630000
(0,30)	288	5	6	37380000	18690000
(0,30)	289	5	6	37500000	18750000
(0,30)	290	5	6	37620000	18810000
(0,30)	291	5	6	37740000	18870000
(0,30)	292	5	6	37860000	18930000
(0,30)	293	5	6	37980000	18990000
(0,30)	294	5	6	38100000	19050000
(0,30)	295	5	6	38220000	19110000
(0,30)	296	5	6	38340000	19170000
(0,30)	297	5	6	38460000	19230000
(0,30)	298	5	6	38580000	19290000
(0,30)	299	5	6	38700000	19350000
(0,30)	300	5	6	38820000	19410000
(31,69)	1	5	6	4000000	2000000
(31,69)	2	5	6	4080000	2040000
(31,69)	3	5	6	4240000	2120000
(31,69)	4	5	6	4400000	2200000
(31,69)	5	5	6	4560000	2280000
(31,69)	6	5	6	4720000	2360000
(31,69)	7	5	6	4880000	2440000
(31,69)	8	5	6	5040000	2520000
(31,69)	9	5	6	5200000	2600000
(31,69)	10	5	6	5360000	2680000
(31,69)	11	5	6	5520000	2760000
(31,69)	12	5	6	5680000	2840000
(31,69)	13	5	6	5840000	2920000
(31,69)	14	5	6	6000000	3000000
(31,69)	15	5	6	6160000	3080000
(31,69)	16	5	6	6320000	3160000
(31,69)	17	5	6	6480000	3240000
(31,69)	18	5	6	6640000	3320000
(31,69)	19	5	6	6800000	3400000
(31,69)	20	5	6	6960000	3480000
(31,69)	21	5	6	7120000	3560000
(31,69)	22	5	6	7280000	3640000
(31,69)	23	5	6	7440000	3720000
(31,69)	24	5	6	7600000	3800000
(31,69)	25	5	6	7760000	3880000
(31,69)	26	5	6	7920000	3960000
(31,69)	27	5	6	8080000	4040000
(31,69)	28	5	6	8240000	4120000
(31,69)	29	5	6	8400000	4200000
(31,69)	30	5	6	8560000	4280000
(31,69)	31	5	6	8720000	4360000
(31,69)	32	5	6	8880000	4440000
(31,69)	33	5	6	9040000	4520000
(31,69)	34	5	6	9200000	4600000
(31,69)	35	5	6	9360000	4680000
(31,69)	36	5	6	9520000	4760000
(31,69)	37	5	6	9680000	4840000
(31,69)	38	5	6	9840000	4920000
(31,69)	39	5	6	10000000	5000000
(31,69)	40	5	6	10160000	5080000
(31,69)	41	5	6	10320000	5160000
(31,69)	42	5	6	10480000	5240000
(31,69)	43	5	6	10640000	5320000
(31,69)	44	5	6	10800000	5400000
(31,69)	45	5	6	10960000	5480000
(31,69)	46	5	6	11120000	5560000
(31,69)	47	5	6	11280000	5640000
(31,69)	48	5	6	11440000	5720000
(31,69)	49	5	6	11600000	5800000
(31,69)	50	5	6	11760000	5880000
(31,69)	51	5	6	11920000	5960000
(31,69)	52	5	6	12080000	6040000
(31,69)	53	5	6	12240000	6120000
(31,69)	54	5	6	12400000	6200000
(31,69)	55	5	6	12560000	6280000
(31,69)	56	5	6	12720000	6360000
(31,69)	57	5	6	12880000	6440000
(31,69)	58	5	6	13040000	6520000
(31,69)	59	5	6	13200000	6600000
(31,69)	60	5	6	13360000	6680000
(31,69)	61	5	6	13520000	6760000
(31,69)	62	5	6	13680000	6840000
(31,69)	63	5	6	13840000	6920000
(31,69)	64	5	6	14000000	7000000
(31,69)	65	5	6	14160000	7080000
(31,69)	66	5	6	14320000	7160000
(31,69)	67	5	6	14480000	7240000
(31,69)	68	5	6	14640000	7320000
(31,69)	69	5	6	14800000	7400000
(31,69)	70	5	6	14960000	7480000
(31,69)	71	5	6	15120000	7560000
(31,69)	72	5	6	15280000	7640000
(31,69)	73	5	6	15440000	7720000
(31,69)	74	5	6	15600000	7800000
(31,69)	75	5	6	15760000	7880000
(31,69)	76	5	6	15920000	7960000
(31,69)	77	5	6	16080000	8040000
(31,69)	78	5	6	16240000	8120000
(31,69)	79	5	6	16400000	8200000
(31,69)	80	5	6	16560000	8280000
(31,69)	81	5	6	16720000	8360000
(31,69)	82	5	6	16880000	8440000
(31,69)	83	5	6	17040000	8520000
(31,69)	84	5	6	17200000	8600000
(31,69)	85	5	6	17360000	8680000
(31,69)	86	5	6	17520000	8760000
(31,69)	87	5	6	17680000	8840000
(31,69)	88	5	6	17840000	8920000
(31,69)	89	5	6	18000000	9000000
(31,69)	90	5	6	18160000	9080000
(31,69)	91	5	6	18320000	9160000
(31,69)	92	5	6	18480000	9240000
(31,69)	93	5	6	18640000	9320000
(31,69)	94	5	6	18800000	9400000
(31,69)	95	5	6	18960000	9480000
(31,69)	96	5	6	19120000	9560000
(31,69)	97	5	6	19280000	9640000
(31,69)	98	5	6	19440000	9720000
(31,69)	99	5	6	19600000	9800000
(31,69)	100	5	6	19760000	9880000
(31,69)	101	5	6	19920000	9960000
(31,69)	102	5	6	20080000	10040000
(31,69)	103	5	6	20240000	10120000
(31,69)	104	5	6	20400000	10200000
(31,69)	105	5	6	20560000	10280000
(31,69)	106	5	6	20720000	10360000
(31,69)	107	5	6	20880000	10440000
(31,69)	108	5	6	21040000	10520000
(31,69)	109	5	6	21200000	10600000
(31,69)	110	5	6	21360000	10680000
(31,69)	111	5	6	21520000	10760000
(31,69)	112	5	6	21680000	10840000
(31,69)	113	5	6	21840000	10920000
(31,69)	114	5	6	22000000	11000000
(31,69)	115	5	6	22160000	11080000
(31,69)	116	5	6	22320000	11160000
(31,69)	117	5	6	22480000	11240000
(31,69)	118	5	6	22640000	11320000
(31,69)	119	5	6	22800000	11400000
(31,69)	120	5	6	22960000	11480000
(31,69)	121	5	6	23120000	11560000
(31,69)	122	5	6	23280000	11640000
(31,69)	123	5	6	23440000	11720000
(31,69)	124	5	6	23600000	11800000
(31,69)	125	5	6	23760000	11880000
(31,69)	126	5	6	23920000	11960000
(31,69)	127	5	6	24080000	12040000
(31,69)	128	5	6	24240000	12120000
(31,69)	129	5	6	24400000	12200000
(31,69)	130	5	6	24560000	12280000
(31,69)	131	5	6	24720000	12360000
(31,69)	132	5	6	24880000	12440000
(31,69)	133	5	6	25040000	12520000
(31,69)	134	5	6	25200000	12600000
(31,69)	135	5	6	25360000	12680000
(31,69)	136	5	6	25520000	12760000
(31,69)	137	5	6	25680000	12840000
(31,69)	138	5	6	25840000	12920000
(31,69)	139	5	6	26000000	13000000
(31,69)	140	5	6	26160000	13080000
(31,69)	141	5	6	26320000	13160000
(31,69)	142	5	6	26480000	13240000
(31,69)	143	5	6	26640000	13320000
(31,69)	144	5	6	26800000	13400000
(31,69)	145	5	6	26960000	13480000
(31,69)	146	5	6	27120000	13560000
(31,69)	147	5	6	27280000	13640000
(31,69)	148	5	6	27440000	13720000
(31,69)	149	5	6	27600000	13800000
(31,69)	150	5	6	27760000	13880000
(31,69)	151	5	6	27920000	13960000
(31,69)	152	5	6	28080000	14040000
(31,69)	153	5	6	28240000	14120000
(31,69)	154	5	6	28400000	14200000
(31,69)	155	5	6	28560000	14280000
(31,69)	156	5	6	28720000	14360000
(31,69)	157	5	6	28880000	14440000
(31,69)	158	5	6	29040000	14520000
(31,69)	159	5	6	29200000	14600000
(31,69)	160	5	6	29360000	14680000
(31,69)	161	5	6	29520000	14760000
(31,69)	162	5	6	29680000	14840000
(31,69)	163	5	6	29840000	14920000
(31,69)	164	5	6	30000000	15000000
(31,69)	165	5	6	30160000	15080000
(31,69)	166	5	6	30320000	15160000
(31,69)	167	5	6	30480000	15240000
(31,69)	168	5	6	30640000	15320000
(31,69)	169	5	6	30800000	15400000
(31,69)	170	5	6	30960000	15480000
(31,69)	171	5	6	31120000	15560000
(31,69)	172	5	6	31280000	15640000
(31,69)	173	5	6	31440000	15720000
(31,69)	174	5	6	31600000	15800000
(31,69)	175	5	6	31760000	15880000
(31,69)	176	5	6	31920000	15960000
(31,69)	177	5	6	32080000	16040000
(31,69)	178	5	6	32240000	16120000
(31,69)	179	5	6	32400000	16200000
(31,69)	180	5	6	32560000	16280000
(31,69)	181	5	6	32720000	16360000
(31,69)	182	5	6	32880000	16440000
(31,69)	183	5	6	33040000	16520000
(31,69)	184	5	6	33200000	16600000
(31,69)	185	5	6	33360000	16680000
(31,69)	186	5	6	33520000	16760000
(31,69)	187	5	6	33680000	16840000
(31,69)	188	5	6	33840000	16920000
(31,69)	189	5	6	34000000	17000000
(31,69)	190	5	6	34160000	17080000
(31,69)	191	5	6	34320000	17160000
(31,69)	192	5	6	34480000	17240000
(31,69)	193	5	6	34640000	17320000
(31,69)	194	5	6	34800000	17400000
(31,69)	195	5	6	34960000	17480000
(31,69)	196	5	6	35120000	17560000
(31,69)	197	5	6	35280000	17640000
(31,69)	198	5	6	35440000	17720000
(31,69)	199	5	6	35600000	17800000
(31,69)	200	5	6	35760000	17880000
(31,69)	201	5	6	35920000	17960000
(31,69)	202	5	6	36080000	18040000
(31,69)	203	5	6	36240000	18120000
(31,69)	204	5	6	36400000	18200000
(31,69)	205	5	6	36560000	18280000
(31,69)	206	5	6	36720000	18360000
(31,69)	207	5	6	36880000	18440000
(31,69)	208	5	6	37040000	18520000
(31,69)	209	5	6	37200000	18600000
(31,69)	210	5	6	37360000	18680000
(31,69)	211	5	6	37520000	18760000
(31,69)	212	5	6	37680000	18840000
(31,69)	213	5	6	37840000	18920000
(31,69)	214	5	6	38000000	19000000
(31,69)	215	5	6	38160000	19080000
(31,69)	216	5	6	38320000	19160000
(31,69)	217	5	6	38480000	19240000
(31,69)	218	5	6	38640000	19320000
(31,69)	219	5	6	38800000	19400000
(31,69)	220	5	6	38960000	19480000
(31,69)	221	5	6	39120000	19560000
(31,69)	222	5	6	39280000	19640000
(31,69)	223	5	6	39440000	19720000
(31,69)	224	5	6	39600000	19800000
(31,69)	225	5	6	39760000	19880000
(31,69)	226	5	6	39920000	19960000
(31,69)	227	5	6	40080000	20040000
(31,69)	228	5	6	40240000	20120000
(31,69)	229	5	6	40400000	20200000
(31,69)	230	5	6	40560000	20280000
(31,69)	231	5	6	40720000	20360000
(31,69)	232	5	6	40880000	20440000
(31,69)	233	5	6	41040000	20520000
(31,69)	234	5	6	41200000	20600000
(31,69)	235	5	6	41360000	20680000
(31,69)	236	5	6	41520000	20760000
(31,69)	237	5	6	41680000	20840000
(31,69)	238	5	6	41840000	20920000
(31,69)	239	5	6	42000000	21000000
(31,69)	240	5	6	42160000	21080000
(31,69)	241	5	6	42320000	21160000
(31,69)	242	5	6	42480000	21240000
(31,69)	243	5	6	42640000	21320000
(31,69)	244	5	6	42800000	21400000
(31,69)	245	5	6	42960000	21480000
(31,69)	246	5	6	43120000	21560000
(31,69)	247	5	6	43280000	21640000
(31,69)	248	5	6	43440000	21720000
(31,69)	249	5	6	43600000	21800000
(31,69)	250	5	6	43760000	21880000
(31,69)	251	5	6	43920000	21960000
(31,69)	252	5	6	44080000	22040000
(31,69)	253	5	6	44240000	22120000
(31,69)	254	5	6	44400000	22200000
(31,69)	255	5	6	44560000	22280000
(31,69)	256	5	6	44720000	22360000
(31,69)	257	5	6	44880000	22440000
(31,69)	258	5	6	45040000	22520000
(31,69)	259	5	6	45200000	22600000
(31,69)	260	5	6	45360000	22680000
(31,69)	261	5	6	45520000	22760000
(31,69)	262	5	6	45680000	22840000
(31,69)	263	5	6	45840000	22920000
(31,69)	264	5	6	46000000	23000000
(31,69)	265	5	6	46160000	23080000
(31,69)	266	5	6	46320000	23160000
(31,69)	267	5	6	46480000	23240000
(31,69)	268	5	6	46640000	23320000
(31,69)	269	5	6	46800000	23400000
(31,69)	270	5	6	46960000	23480000
(31,69)	271	5	6	47120000	23560000
(31,69)	272	5	6	47280000	23640000
(31,69)	273	5	6	47440000	23720000
(31,69)	274	5	6	47600000	23800000
(31,69)	275	5	6	47760000	23880000
(31,69)	276	5	6	47920000	23960000
(31,69)	277	5	6	48080000	24040000
(31,69)	278	5	6	48240000	24120000
(31,69)	279	5	6	48400000	24200000
(31,69)	280	5	6	48560000	24280000
(31,69)	281	5	6	48720000	24360000
(31,69)	282	5	6	48880000	24440000
(31,69)	283	5	6	49040000	24520000
(31,69)	284	5	6	49200000	24600000
(31,69)	285	5	6	49360000	24680000
(31,69)	286	5	6	49520000	24760000
(31,69)	287	5	6	49680000	24840000
(31,69)	288	5	6	49840000	24920000
(31,69)	289	5	6	50000000	25000000
(31,69)	290	5	6	50160000	25080000
(31,69)	291	5	6	50320000	25160000
(31,69)	292	5	6	50480000	25240000
(31,69)	293	5	6	50640000	25320000
(31,69)	294	5	6	50800000	25400000
(31,69)	295	5	6	50960000	25480000
(31,69)	296	5	6	51120000	25560000
(31,69)	297	5	6	51280000	25640000
(31,69)	298	5	6	51440000	25720000
(31,69)	299	5	6	51600000	25800000
(31,69)	300	5	6	51760000	25880000
(70,119)	1	5	6	5000000	2500000
(70,119)	2	5	6	5100000	2550000
(70,119)	3	5	6	5300000	2650000
(70,119)	4	5	6	5500000	2750000
(70,119)	5	5	6	5700000	2850000
(70,119)	6	5	6	5900000	2950000
(70,119)	7	5	6	6100000	3050000
(70,119)	8	5	6	6300000	3150000
(70,119)	9	5	6	6500000	3250000
(70,119)	10	5	6	6700000	3350000
(70,119)	11	5	6	6900000	3450000
(70,119)	12	5	6	7100000	3550000
(70,119)	13	5	6	7300000	3650000
(70,119)	14	5	6	7500000	3750000
(70,119)	15	5	6	7700000	3850000
(70,119)	16	5	6	7900000	3950000
(70,119)	17	5	6	8100000	4050000
(70,119)	18	5	6	8300000	4150000
(70,119)	19	5	6	8500000	4250000
(70,119)	20	5	6	8700000	4350000
(70,119)	21	5	6	8900000	4450000
(70,119)	22	5	6	9100000	4550000
(70,119)	23	5	6	9300000	4650000
(70,119)	24	5	6	9500000	4750000
(70,119)	25	5	6	9700000	4850000
(70,119)	26	5	6	9900000	4950000
(70,119)	27	5	6	10100000	5050000
(70,119)	28	5	6	10300000	5150000
(70,119)	29	5	6	10500000	5250000
(70,119)	30	5	6	10700000	5350000
(70,119)	31	5	6	10900000	5450000
(70,119)	32	5	6	11100000	5550000
(70,119)	33	5	6	11300000	5650000
(70,119)	34	5	6	11500000	5750000
(70,119)	35	5	6	11700000	5850000
(70,119)	36	5	6	11900000	5950000
(70,119)	37	5	6	12100000	6050000
(70,119)	38	5	6	12300000	6150000
(70,119)	39	5	6	12500000	6250000
(70,119)	40	5	6	12700000	6350000
(70,119)	41	5	6	12900000	6450000
(70,119)	42	5	6	13100000	6550000
(70,119)	43	5	6	13300000	6650000
(70,119)	44	5	6	13500000	6750000
(70,119)	45	5	6	13700000	6850000
(70,119)	46	5	6	13900000	6950000
(70,119)	47	5	6	14100000	7050000
(70,119)	48	5	6	14300000	7150000
(70,119)	49	5	6	14500000	7250000
(70,119)	50	5	6	14700000	7350000
(70,119)	51	5	6	14900000	7450000
(70,119)	52	5	6	15100000	7550000
(70,119)	53	5	6	15300000	7650000
(70,119)	54	5	6	15500000	7750000
(70,119)	55	5	6	15700000	7850000
(70,119)	56	5	6	15900000	7950000
(70,119)	57	5	6	16100000	8050000
(70,119)	58	5	6	16300000	8150000
(70,119)	59	5	6	16500000	8250000
(70,119)	60	5	6	16700000	8350000
(70,119)	61	5	6	16900000	8450000
(70,119)	62	5	6	17100000	8550000
(70,119)	63	5	6	17300000	8650000
(70,119)	64	5	6	17500000	8750000
(70,119)	65	5	6	17700000	8850000
(70,119)	66	5	6	17900000	8950000
(70,119)	67	5	6	18100000	9050000
(70,119)	68	5	6	18300000	9150000
(70,119)	69	5	6	18500000	9250000
(70,119)	70	5	6	18700000	9350000
(70,119)	71	5	6	18900000	9450000
(70,119)	72	5	6	19100000	9550000
(70,119)	73	5	6	19300000	9650000
(70,119)	74	5	6	19500000	9750000
(70,119)	75	5	6	19700000	9850000
(70,119)	76	5	6	19900000	9950000
(70,119)	77	5	6	20100000	10050000
(70,119)	78	5	6	20300000	10150000
(70,119)	79	5	6	20500000	10250000
(70,119)	80	5	6	20700000	10350000
(70,119)	81	5	6	20900000	10450000
(70,119)	82	5	6	21100000	10550000
(70,119)	83	5	6	21300000	10650000
(70,119)	84	5	6	21500000	10750000
(70,119)	85	5	6	21700000	10850000
(70,119)	86	5	6	21900000	10950000
(70,119)	87	5	6	22100000	11050000
(70,119)	88	5	6	22300000	11150000
(70,119)	89	5	6	22500000	11250000
(70,119)	90	5	6	22700000	11350000
(70,119)	91	5	6	22900000	11450000
(70,119)	92	5	6	23100000	11550000
(70,119)	93	5	6	23300000	11650000
(70,119)	94	5	6	23500000	11750000
(70,119)	95	5	6	23700000	11850000
(70,119)	96	5	6	23900000	11950000
(70,119)	97	5	6	24100000	12050000
(70,119)	98	5	6	24300000	12150000
(70,119)	99	5	6	24500000	12250000
(70,119)	100	5	6	24700000	12350000
(70,119)	101	5	6	24900000	12450000
(70,119)	102	5	6	25100000	12550000
(70,119)	103	5	6	25300000	12650000
(70,119)	104	5	6	25500000	12750000
(70,119)	105	5	6	25700000	12850000
(70,119)	106	5	6	25900000	12950000
(70,119)	107	5	6	26100000	13050000
(70,119)	108	5	6	26300000	13150000
(70,119)	109	5	6	26500000	13250000
(70,119)	110	5	6	26700000	13350000
(70,119)	111	5	6	26900000	13450000
(70,119)	112	5	6	27100000	13550000
(70,119)	113	5	6	27300000	13650000
(70,119)	114	5	6	27500000	13750000
(70,119)	115	5	6	27700000	13850000
(70,119)	116	5	6	27900000	13950000
(70,119)	117	5	6	28100000	14050000
(70,119)	118	5	6	28300000	14150000
(70,119)	119	5	6	28500000	14250000
(70,119)	120	5	6	28700000	14350000
(70,119)	121	5	6	28900000	14450000
(70,119)	122	5	6	29100000	14550000
(70,119)	123	5	6	29300000	14650000
(70,119)	124	5	6	29500000	14750000
(70,119)	125	5	6	29700000	14850000
(70,119)	126	5	6	29900000	14950000
(70,119)	127	5	6	30100000	15050000
(70,119)	128	5	6	30300000	15150000
(70,119)	129	5	6	30500000	15250000
(70,119)	130	5	6	30700000	15350000
(70,119)	131	5	6	30900000	15450000
(70,119)	132	5	6	31100000	15550000
(70,119)	133	5	6	31300000	15650000
(70,119)	134	5	6	31500000	15750000
(70,119)	135	5	6	31700000	15850000
(70,119)	136	5	6	31900000	15950000
(70,119)	137	5	6	32100000	16050000
(70,119)	138	5	6	32300000	16150000
(70,119)	139	5	6	32500000	16250000
(70,119)	140	5	6	32700000	16350000
(70,119)	141	5	6	32900000	16450000
(70,119)	142	5	6	33100000	16550000
(70,119)	143	5	6	33300000	16650000
(70,119)	144	5	6	33500000	16750000
(70,119)	145	5	6	33700000	16850000
(70,119)	146	5	6	33900000	16950000
(70,119)	147	5	6	34100000	17050000
(70,119)	148	5	6	34300000	17150000
(70,119)	149	5	6	34500000	17250000
(70,119)	150	5	6	34700000	17350000
(70,119)	151	5	6	34900000	17450000
(70,119)	152	5	6	35100000	17550000
(70,119)	153	5	6	35300000	17650000
(70,119)	154	5	6	35500000	17750000
(70,119)	155	5	6	35700000	17850000
(70,119)	156	5	6	35900000	17950000
(70,119)	157	5	6	36100000	18050000
(70,119)	158	5	6	36300000	18150000
(70,119)	159	5	6	36500000	18250000
(70,119)	160	5	6	36700000	18350000
(70,119)	161	5	6	36900000	18450000
(70,119)	162	5	6	37100000	18550000
(70,119)	163	5	6	37300000	18650000
(70,119)	164	5	6	37500000	18750000
(70,119)	165	5	6	37700000	18850000
(70,119)	166	5	6	37900000	18950000
(70,119)	167	5	6	38100000	19050000
(70,119)	168	5	6	38300000	19150000
(70,119)	169	5	6	38500000	19250000
(70,119)	170	5	6	38700000	19350000
(70,119)	171	5	6	38900000	19450000
(70,119)	172	5	6	39100000	19550000
(70,119)	173	5	6	39300000	19650000
(70,119)	174	5	6	39500000	19750000
(70,119)	175	5	6	39700000	19850000
(70,119)	176	5	6	39900000	19950000
(70,119)	177	5	6	40100000	20050000
(70,119)	178	5	6	40300000	20150000
(70,119)	179	5	6	40500000	20250000
(70,119)	180	5	6	40700000	20350000
(70,119)	181	5	6	40900000	20450000
(70,119)	182	5	6	41100000	20550000
(70,119)	183	5	6	41300000	20650000
(70,119)	184	5	6	41500000	20750000
(70,119)	185	5	6	41700000	20850000
(70,119)	186	5	6	41900000	20950000
(70,119)	187	5	6	42100000	21050000
(70,119)	188	5	6	42300000	21150000
(70,119)	189	5	6	42500000	21250000
(70,119)	190	5	6	42700000	21350000
(70,119)	191	5	6	42900000	21450000
(70,119)	192	5	6	43100000	21550000
(70,119)	193	5	6	43300000	21650000
(70,119)	194	5	6	43500000	21750000
(70,119)	195	5	6	43700000	21850000
(70,119)	196	5	6	43900000	21950000
(70,119)	197	5	6	44100000	22050000
(70,119)	198	5	6	44300000	22150000
(70,119)	199	5	6	44500000	22250000
(70,119)	200	5	6	44700000	22350000
(70,119)	201	5	6	44900000	22450000
(70,119)	202	5	6	45100000	22550000
(70,119)	203	5	6	45300000	22650000
(70,119)	204	5	6	45500000	22750000
(70,119)	205	5	6	45700000	22850000
(70,119)	206	5	6	45900000	22950000
(70,119)	207	5	6	46100000	23050000
(70,119)	208	5	6	46300000	23150000
(70,119)	209	5	6	46500000	23250000
(70,119)	210	5	6	46700000	23350000
(70,119)	211	5	6	46900000	23450000
(70,119)	212	5	6	47100000	23550000
(70,119)	213	5	6	47300000	23650000
(70,119)	214	5	6	47500000	23750000
(70,119)	215	5	6	47700000	23850000
(70,119)	216	5	6	47900000	23950000
(70,119)	217	5	6	48100000	24050000
(70,119)	218	5	6	48300000	24150000
(70,119)	219	5	6	48500000	24250000
(70,119)	220	5	6	48700000	24350000
(70,119)	221	5	6	48900000	24450000
(70,119)	222	5	6	49100000	24550000
(70,119)	223	5	6	49300000	24650000
(70,119)	224	5	6	49500000	24750000
(70,119)	225	5	6	49700000	24850000
(70,119)	226	5	6	49900000	24950000
(70,119)	227	5	6	50100000	25050000
(70,119)	228	5	6	50300000	25150000
(70,119)	229	5	6	50500000	25250000
(70,119)	230	5	6	50700000	25350000
(70,119)	231	5	6	50900000	25450000
(70,119)	232	5	6	51100000	25550000
(70,119)	233	5	6	51300000	25650000
(70,119)	234	5	6	51500000	25750000
(70,119)	235	5	6	51700000	25850000
(70,119)	236	5	6	51900000	25950000
(70,119)	237	5	6	52100000	26050000
(70,119)	238	5	6	52300000	26150000
(70,119)	239	5	6	52500000	26250000
(70,119)	240	5	6	52700000	26350000
(70,119)	241	5	6	52900000	26450000
(70,119)	242	5	6	53100000	26550000
(70,119)	243	5	6	53300000	26650000
(70,119)	244	5	6	53500000	26750000
(70,119)	245	5	6	53700000	26850000
(70,119)	246	5	6	53900000	26950000
(70,119)	247	5	6	54100000	27050000
(70,119)	248	5	6	54300000	27150000
(70,119)	249	5	6	54500000	27250000
(70,119)	250	5	6	54700000	27350000
(70,119)	251	5	6	54900000	27450000
(70,119)	252	5	6	55100000	27550000
(70,119)	253	5	6	55300000	27650000
(70,119)	254	5	6	55500000	27750000
(70,119)	255	5	6	55700000	27850000
(70,119)	256	5	6	55900000	27950000
(70,119)	257	5	6	56100000	28050000
(70,119)	258	5	6	56300000	28150000
(70,119)	259	5	6	56500000	28250000
(70,119)	260	5	6	56700000	28350000
(70,119)	261	5	6	56900000	28450000
(70,119)	262	5	6	57100000	28550000
(70,119)	263	5	6	57300000	28650000
(70,119)	264	5	6	57500000	28750000
(70,119)	265	5	6	57700000	28850000
(70,119)	266	5	6	57900000	28950000
(70,119)	267	5	6	58100000	29050000
(70,119)	268	5	6	58300000	29150000
(70,119)	269	5	6	58500000	29250000
(70,119)	270	5	6	58700000	29350000
(70,119)	271	5	6	58900000	29450000
(70,119)	272	5	6	59100000	29550000
(70,119)	273	5	6	59300000	29650000
(70,119)	274	5	6	59500000	29750000
(70,119)	275	5	6	59700000	29850000
(70,119)	276	5	6	59900000	29950000
(70,119)	277	5	6	60100000	30050000
(70,119)	278	5	6	60300000	30150000
(70,119)	279	5	6	60500000	30250000
(70,119)	280	5	6	60700000	30350000
(70,119)	281	5	6	60900000	30450000
(70,119)	282	5	6	61100000	30550000
(70,119)	283	5	6	61300000	30650000
(70,119)	284	5	6	61500000	30750000
(70,119)	285	5	6	61700000	30850000
(70,119)	286	5	6	61900000	30950000
(70,119)	287	5	6	62100000	31050000
(70,119)	288	5	6	62300000	31150000
(70,119)	289	5	6	62500000	31250000
(70,119)	290	5	6	62700000	31350000
(70,119)	291	5	6	62900000	31450000
(70,119)	292	5	6	63100000	31550000
(70,119)	293	5	6	63300000	31650000
(70,119)	294	5	6	63500000	31750000
(70,119)	295	5	6	63700000	31850000
(70,119)	296	5	6	63900000	31950000
(70,119)	297	5	6	64100000	32050000
(70,119)	298	5	6	64300000	32150000
(70,119)	299	5	6	64500000	32250000
(70,119)	300	5	6	64700000	32350000
(120,149)	1	5	6	10000000	5000000
(120,149)	2	5	6	10200000	5100000
(120,149)	3	5	6	10600000	5300000
(120,149)	4	5	6	11000000	5500000
(120,149)	5	5	6	11400000	5700000
(120,149)	6	5	6	11800000	5900000
(120,149)	7	5	6	12200000	6100000
(120,149)	8	5	6	12600000	6300000
(120,149)	9	5	6	13000000	6500000
(120,149)	10	5	6	13400000	6700000
(120,149)	11	5	6	13800000	6900000
(120,149)	12	5	6	14200000	7100000
(120,149)	13	5	6	14600000	7300000
(120,149)	14	5	6	15000000	7500000
(120,149)	15	5	6	15400000	7700000
(120,149)	16	5	6	15800000	7900000
(120,149)	17	5	6	16200000	8100000
(120,149)	18	5	6	16600000	8300000
(120,149)	19	5	6	17000000	8500000
(120,149)	20	5	6	17400000	8700000
(120,149)	21	5	6	17800000	8900000
(120,149)	22	5	6	18200000	9100000
(120,149)	23	5	6	18600000	9300000
(120,149)	24	5	6	19000000	9500000
(120,149)	25	5	6	19400000	9700000
(120,149)	26	5	6	19800000	9900000
(120,149)	27	5	6	20200000	10100000
(120,149)	28	5	6	20600000	10300000
(120,149)	29	5	6	21000000	10500000
(120,149)	30	5	6	21400000	10700000
(120,149)	31	5	6	21800000	10900000
(120,149)	32	5	6	22200000	11100000
(120,149)	33	5	6	22600000	11300000
(120,149)	34	5	6	23000000	11500000
(120,149)	35	5	6	23400000	11700000
(120,149)	36	5	6	23800000	11900000
(120,149)	37	5	6	24200000	12100000
(120,149)	38	5	6	24600000	12300000
(120,149)	39	5	6	25000000	12500000
(120,149)	40	5	6	25400000	12700000
(120,149)	41	5	6	25800000	12900000
(120,149)	42	5	6	26200000	13100000
(120,149)	43	5	6	26600000	13300000
(120,149)	44	5	6	27000000	13500000
(120,149)	45	5	6	27400000	13700000
(120,149)	46	5	6	27800000	13900000
(120,149)	47	5	6	28200000	14100000
(120,149)	48	5	6	28600000	14300000
(120,149)	49	5	6	29000000	14500000
(120,149)	50	5	6	29400000	14700000
(120,149)	51	5	6	29800000	14900000
(120,149)	52	5	6	30200000	15100000
(120,149)	53	5	6	30600000	15300000
(120,149)	54	5	6	31000000	15500000
(120,149)	55	5	6	31400000	15700000
(120,149)	56	5	6	31800000	15900000
(120,149)	57	5	6	32200000	16100000
(120,149)	58	5	6	32600000	16300000
(120,149)	59	5	6	33000000	16500000
(120,149)	60	5	6	33400000	16700000
(120,149)	61	5	6	33800000	16900000
(120,149)	62	5	6	34200000	17100000
(120,149)	63	5	6	34600000	17300000
(120,149)	64	5	6	35000000	17500000
(120,149)	65	5	6	35400000	17700000
(120,149)	66	5	6	35800000	17900000
(120,149)	67	5	6	36200000	18100000
(120,149)	68	5	6	36600000	18300000
(120,149)	69	5	6	37000000	18500000
(120,149)	70	5	6	37400000	18700000
(120,149)	71	5	6	37800000	18900000
(120,149)	72	5	6	38200000	19100000
(120,149)	73	5	6	38600000	19300000
(120,149)	74	5	6	39000000	19500000
(120,149)	75	5	6	39400000	19700000
(120,149)	76	5	6	39800000	19900000
(120,149)	77	5	6	40200000	20100000
(120,149)	78	5	6	40600000	20300000
(120,149)	79	5	6	41000000	20500000
(120,149)	80	5	6	41400000	20700000
(120,149)	81	5	6	41800000	20900000
(120,149)	82	5	6	42200000	21100000
(120,149)	83	5	6	42600000	21300000
(120,149)	84	5	6	43000000	21500000
(120,149)	85	5	6	43400000	21700000
(120,149)	86	5	6	43800000	21900000
(120,149)	87	5	6	44200000	22100000
(120,149)	88	5	6	44600000	22300000
(120,149)	89	5	6	45000000	22500000
(120,149)	90	5	6	45400000	22700000
(120,149)	91	5	6	45800000	22900000
(120,149)	92	5	6	46200000	23100000
(120,149)	93	5	6	46600000	23300000
(120,149)	94	5	6	47000000	23500000
(120,149)	95	5	6	47400000	23700000
(120,149)	96	5	6	47800000	23900000
(120,149)	97	5	6	48200000	24100000
(120,149)	98	5	6	48600000	24300000
(120,149)	99	5	6	49000000	24500000
(120,149)	100	5	6	49400000	24700000
(120,149)	101	5	6	49800000	24900000
(120,149)	102	5	6	50200000	25100000
(120,149)	103	5	6	50600000	25300000
(120,149)	104	5	6	51000000	25500000
(120,149)	105	5	6	51400000	25700000
(120,149)	106	5	6	51800000	25900000
(120,149)	107	5	6	52200000	26100000
(120,149)	108	5	6	52600000	26300000
(120,149)	109	5	6	53000000	26500000
(120,149)	110	5	6	53400000	26700000
(120,149)	111	5	6	53800000	26900000
(120,149)	112	5	6	54200000	27100000
(120,149)	113	5	6	54600000	27300000
(120,149)	114	5	6	55000000	27500000
(120,149)	115	5	6	55400000	27700000
(120,149)	116	5	6	55800000	27900000
(120,149)	117	5	6	56200000	28100000
(120,149)	118	5	6	56600000	28300000
(120,149)	119	5	6	57000000	28500000
(120,149)	120	5	6	57400000	28700000
(120,149)	121	5	6	57800000	28900000
(120,149)	122	5	6	58200000	29100000
(120,149)	123	5	6	58600000	29300000
(120,149)	124	5	6	59000000	29500000
(120,149)	125	5	6	59400000	29700000
(120,149)	126	5	6	59800000	29900000
(120,149)	127	5	6	60200000	30100000
(120,149)	128	5	6	60600000	30300000
(120,149)	129	5	6	61000000	30500000
(120,149)	130	5	6	61400000	30700000
(120,149)	131	5	6	61800000	30900000
(120,149)	132	5	6	62200000	31100000
(120,149)	133	5	6	62600000	31300000
(120,149)	134	5	6	63000000	31500000
(120,149)	135	5	6	63400000	31700000
(120,149)	136	5	6	63800000	31900000
(120,149)	137	5	6	64200000	32100000
(120,149)	138	5	6	64600000	32300000
(120,149)	139	5	6	65000000	32500000
(120,149)	140	5	6	65400000	32700000
(120,149)	141	5	6	65800000	32900000
(120,149)	142	5	6	66200000	33100000
(120,149)	143	5	6	66600000	33300000
(120,149)	144	5	6	67000000	33500000
(120,149)	145	5	6	67400000	33700000
(120,149)	146	5	6	67800000	33900000
(120,149)	147	5	6	68200000	34100000
(120,149)	148	5	6	68600000	34300000
(120,149)	149	5	6	69000000	34500000
(120,149)	150	5	6	69400000	34700000
(120,149)	151	5	6	69800000	34900000
(120,149)	152	5	6	70200000	35100000
(120,149)	153	5	6	70600000	35300000
(120,149)	154	5	6	71000000	35500000
(120,149)	155	5	6	71400000	35700000
(120,149)	156	5	6	71800000	35900000
(120,149)	157	5	6	72200000	36100000
(120,149)	158	5	6	72600000	36300000
(120,149)	159	5	6	73000000	36500000
(120,149)	160	5	6	73400000	36700000
(120,149)	161	5	6	73800000	36900000
(120,149)	162	5	6	74200000	37100000
(120,149)	163	5	6	74600000	37300000
(120,149)	164	5	6	75000000	37500000
(120,149)	165	5	6	75400000	37700000
(120,149)	166	5	6	75800000	37900000
(120,149)	167	5	6	76200000	38100000
(120,149)	168	5	6	76600000	38300000
(120,149)	169	5	6	77000000	38500000
(120,149)	170	5	6	77400000	38700000
(120,149)	171	5	6	77800000	38900000
(120,149)	172	5	6	78200000	39100000
(120,149)	173	5	6	78600000	39300000
(120,149)	174	5	6	79000000	39500000
(120,149)	175	5	6	79400000	39700000
(120,149)	176	5	6	79800000	39900000
(120,149)	177	5	6	80200000	40100000
(120,149)	178	5	6	80600000	40300000
(120,149)	179	5	6	81000000	40500000
(120,149)	180	5	6	81400000	40700000
(120,149)	181	5	6	81800000	40900000
(120,149)	182	5	6	82200000	41100000
(120,149)	183	5	6	82600000	41300000
(120,149)	184	5	6	83000000	41500000
(120,149)	185	5	6	83400000	41700000
(120,149)	186	5	6	83800000	41900000
(120,149)	187	5	6	84200000	42100000
(120,149)	188	5	6	84600000	42300000
(120,149)	189	5	6	85000000	42500000
(120,149)	190	5	6	85400000	42700000
(120,149)	191	5	6	85800000	42900000
(120,149)	192	5	6	86200000	43100000
(120,149)	193	5	6	86600000	43300000
(120,149)	194	5	6	87000000	43500000
(120,149)	195	5	6	87400000	43700000
(120,149)	196	5	6	87800000	43900000
(120,149)	197	5	6	88200000	44100000
(120,149)	198	5	6	88600000	44300000
(120,149)	199	5	6	89000000	44500000
(120,149)	200	5	6	89400000	44700000
(120,149)	201	5	6	89800000	44900000
(120,149)	202	5	6	90200000	45100000
(120,149)	203	5	6	90600000	45300000
(120,149)	204	5	6	91000000	45500000
(120,149)	205	5	6	91400000	45700000
(120,149)	206	5	6	91800000	45900000
(120,149)	207	5	6	92200000	46100000
(120,149)	208	5	6	92600000	46300000
(120,149)	209	5	6	93000000	46500000
(120,149)	210	5	6	93400000	46700000
(120,149)	211	5	6	93800000	46900000
(120,149)	212	5	6	94200000	47100000
(120,149)	213	5	6	94600000	47300000
(120,149)	214	5	6	95000000	47500000
(120,149)	215	5	6	95400000	47700000
(120,149)	216	5	6	95800000	47900000
(120,149)	217	5	6	96200000	48100000
(120,149)	218	5	6	96600000	48300000
(120,149)	219	5	6	97000000	48500000
(120,149)	220	5	6	97400000	48700000
(120,149)	221	5	6	97800000	48900000
(120,149)	222	5	6	98200000	49100000
(120,149)	223	5	6	98600000	49300000
(120,149)	224	5	6	99000000	49500000
(120,149)	225	5	6	99400000	49700000
(120,149)	226	5	6	99800000	49900000
(120,149)	227	5	6	100200000	50100000
(120,149)	228	5	6	100600000	50300000
(120,149)	229	5	6	101000000	50500000
(120,149)	230	5	6	101400000	50700000
(120,149)	231	5	6	101800000	50900000
(120,149)	232	5	6	102200000	51100000
(120,149)	233	5	6	102600000	51300000
(120,149)	234	5	6	103000000	51500000
(120,149)	235	5	6	103400000	51700000
(120,149)	236	5	6	103800000	51900000
(120,149)	237	5	6	104200000	52100000
(120,149)	238	5	6	104600000	52300000
(120,149)	239	5	6	105000000	52500000
(120,149)	240	5	6	105400000	52700000
(120,149)	241	5	6	105800000	52900000
(120,149)	242	5	6	106200000	53100000
(120,149)	243	5	6	106600000	53300000
(120,149)	244	5	6	107000000	53500000
(120,149)	245	5	6	107400000	53700000
(120,149)	246	5	6	107800000	53900000
(120,149)	247	5	6	108200000	54100000
(120,149)	248	5	6	108600000	54300000
(120,149)	249	5	6	109000000	54500000
(120,149)	250	5	6	109400000	54700000
(120,149)	251	5	6	109800000	54900000
(120,149)	252	5	6	110200000	55100000
(120,149)	253	5	6	110600000	55300000
(120,149)	254	5	6	111000000	55500000
(120,149)	255	5	6	111400000	55700000
(120,149)	256	5	6	111800000	55900000
(120,149)	257	5	6	112200000	56100000
(120,149)	258	5	6	112600000	56300000
(120,149)	259	5	6	113000000	56500000
(120,149)	260	5	6	113400000	56700000
(120,149)	261	5	6	113800000	56900000
(120,149)	262	5	6	114200000	57100000
(120,149)	263	5	6	114600000	57300000
(120,149)	264	5	6	115000000	57500000
(120,149)	265	5	6	115400000	57700000
(120,149)	266	5	6	115800000	57900000
(120,149)	267	5	6	116200000	58100000
(120,149)	268	5	6	116600000	58300000
(120,149)	269	5	6	117000000	58500000
(120,149)	270	5	6	117400000	58700000
(120,149)	271	5	6	117800000	58900000
(120,149)	272	5	6	118200000	59100000
(120,149)	273	5	6	118600000	59300000
(120,149)	274	5	6	119000000	59500000
(120,149)	275	5	6	119400000	59700000
(120,149)	276	5	6	119800000	59900000
(120,149)	277	5	6	120200000	60100000
(120,149)	278	5	6	120600000	60300000
(120,149)	279	5	6	121000000	60500000
(120,149)	280	5	6	121400000	60700000
(120,149)	281	5	6	121800000	60900000
(120,149)	282	5	6	122200000	61100000
(120,149)	283	5	6	122600000	61300000
(120,149)	284	5	6	123000000	61500000
(120,149)	285	5	6	123400000	61700000
(120,149)	286	5	6	123800000	61900000
(120,149)	287	5	6	124200000	62100000
(120,149)	288	5	6	124600000	62300000
(120,149)	289	5	6	125000000	62500000
(120,149)	290	5	6	125400000	62700000
(120,149)	291	5	6	125800000	62900000
(120,149)	292	5	6	126200000	63100000
(120,149)	293	5	6	126600000	63300000
(120,149)	294	5	6	127000000	63500000
(120,149)	295	5	6	127400000	63700000
(120,149)	296	5	6	127800000	63900000
(120,149)	297	5	6	128200000	64100000
(120,149)	298	5	6	128600000	64300000
(120,149)	299	5	6	129000000	64500000
(120,149)	300	5	6	129400000	64700000
(150,299)	1	5	6	18000000	9000000
(150,299)	2	5	6	18360000	9180000
(150,299)	3	5	6	19080000	9540000
(150,299)	4	5	6	19800000	9900000
(150,299)	5	5	6	20520000	10260000
(150,299)	6	5	6	21240000	10620000
(150,299)	7	5	6	21960000	10980000
(150,299)	8	5	6	22680000	11340000
(150,299)	9	5	6	23400000	11700000
(150,299)	10	5	6	24120000	12060000
(150,299)	11	5	6	24840000	12420000
(150,299)	12	5	6	25560000	12780000
(150,299)	13	5	6	26280000	13140000
(150,299)	14	5	6	27000000	13500000
(150,299)	15	5	6	27720000	13860000
(150,299)	16	5	6	28440000	14220000
(150,299)	17	5	6	29160000	14580000
(150,299)	18	5	6	29880000	14940000
(150,299)	19	5	6	30600000	15300000
(150,299)	20	5	6	31320000	15660000
(150,299)	21	5	6	32040000	16020000
(150,299)	22	5	6	32760000	16380000
(150,299)	23	5	6	33480000	16740000
(150,299)	24	5	6	34200000	17100000
(150,299)	25	5	6	34920000	17460000
(150,299)	26	5	6	35640000	17820000
(150,299)	27	5	6	36360000	18180000
(150,299)	28	5	6	37080000	18540000
(150,299)	29	5	6	37800000	18900000
(150,299)	30	5	6	38520000	19260000
(150,299)	31	5	6	39240000	19620000
(150,299)	32	5	6	39960000	19980000
(150,299)	33	5	6	40680000	20340000
(150,299)	34	5	6	41400000	20700000
(150,299)	35	5	6	42120000	21060000
(150,299)	36	5	6	42840000	21420000
(150,299)	37	5	6	43560000	21780000
(150,299)	38	5	6	44280000	22140000
(150,299)	39	5	6	45000000	22500000
(150,299)	40	5	6	45720000	22860000
(150,299)	41	5	6	46440000	23220000
(150,299)	42	5	6	47160000	23580000
(150,299)	43	5	6	47880000	23940000
(150,299)	44	5	6	48600000	24300000
(150,299)	45	5	6	49320000	24660000
(150,299)	46	5	6	50040000	25020000
(150,299)	47	5	6	50760000	25380000
(150,299)	48	5	6	51480000	25740000
(150,299)	49	5	6	52200000	26100000
(150,299)	50	5	6	52920000	26460000
(150,299)	51	5	6	53640000	26820000
(150,299)	52	5	6	54360000	27180000
(150,299)	53	5	6	55080000	27540000
(150,299)	54	5	6	55800000	27900000
(150,299)	55	5	6	56520000	28260000
(150,299)	56	5	6	57240000	28620000
(150,299)	57	5	6	57960000	28980000
(150,299)	58	5	6	58680000	29340000
(150,299)	59	5	6	59400000	29700000
(150,299)	60	5	6	60120000	30060000
(150,299)	61	5	6	60840000	30420000
(150,299)	62	5	6	61560000	30780000
(150,299)	63	5	6	62280000	31140000
(150,299)	64	5	6	63000000	31500000
(150,299)	65	5	6	63720000	31860000
(150,299)	66	5	6	64440000	32220000
(150,299)	67	5	6	65160000	32580000
(150,299)	68	5	6	65880000	32940000
(150,299)	69	5	6	66600000	33300000
(150,299)	70	5	6	67320000	33660000
(150,299)	71	5	6	68040000	34020000
(150,299)	72	5	6	68760000	34380000
(150,299)	73	5	6	69480000	34740000
(150,299)	74	5	6	70200000	35100000
(150,299)	75	5	6	70920000	35460000
(150,299)	76	5	6	71640000	35820000
(150,299)	77	5	6	72360000	36180000
(150,299)	78	5	6	73080000	36540000
(150,299)	79	5	6	73800000	36900000
(150,299)	80	5	6	74520000	37260000
(150,299)	81	5	6	75240000	37620000
(150,299)	82	5	6	75960000	37980000
(150,299)	83	5	6	76680000	38340000
(150,299)	84	5	6	77400000	38700000
(150,299)	85	5	6	78120000	39060000
(150,299)	86	5	6	78840000	39420000
(150,299)	87	5	6	79560000	39780000
(150,299)	88	5	6	80280000	40140000
(150,299)	89	5	6	81000000	40500000
(150,299)	90	5	6	81720000	40860000
(150,299)	91	5	6	82440000	41220000
(150,299)	92	5	6	83160000	41580000
(150,299)	93	5	6	83880000	41940000
(150,299)	94	5	6	84600000	42300000
(150,299)	95	5	6	85320000	42660000
(150,299)	96	5	6	86040000	43020000
(150,299)	97	5	6	86760000	43380000
(150,299)	98	5	6	87480000	43740000
(150,299)	99	5	6	88200000	44100000
(150,299)	100	5	6	88920000	44460000
(150,299)	101	5	6	89640000	44820000
(150,299)	102	5	6	90360000	45180000
(150,299)	103	5	6	91080000	45540000
(150,299)	104	5	6	91800000	45900000
(150,299)	105	5	6	92520000	46260000
(150,299)	106	5	6	93240000	46620000
(150,299)	107	5	6	93960000	46980000
(150,299)	108	5	6	94680000	47340000
(150,299)	109	5	6	95400000	47700000
(150,299)	110	5	6	96120000	48060000
(150,299)	111	5	6	96840000	48420000
(150,299)	112	5	6	97560000	48780000
(150,299)	113	5	6	98280000	49140000
(150,299)	114	5	6	99000000	49500000
(150,299)	115	5	6	99720000	49860000
(150,299)	116	5	6	100440000	50220000
(150,299)	117	5	6	101160000	50580000
(150,299)	118	5	6	101880000	50940000
(150,299)	119	5	6	102600000	51300000
(150,299)	120	5	6	103320000	51660000
(150,299)	121	5	6	104040000	52020000
(150,299)	122	5	6	104760000	52380000
(150,299)	123	5	6	105480000	52740000
(150,299)	124	5	6	106200000	53100000
(150,299)	125	5	6	106920000	53460000
(150,299)	126	5	6	107640000	53820000
(150,299)	127	5	6	108360000	54180000
(150,299)	128	5	6	109080000	54540000
(150,299)	129	5	6	109800000	54900000
(150,299)	130	5	6	110520000	55260000
(150,299)	131	5	6	111240000	55620000
(150,299)	132	5	6	111960000	55980000
(150,299)	133	5	6	112680000	56340000
(150,299)	134	5	6	113400000	56700000
(150,299)	135	5	6	114120000	57060000
(150,299)	136	5	6	114840000	57420000
(150,299)	137	5	6	115560000	57780000
(150,299)	138	5	6	116280000	58140000
(150,299)	139	5	6	117000000	58500000
(150,299)	140	5	6	117720000	58860000
(150,299)	141	5	6	118440000	59220000
(150,299)	142	5	6	119160000	59580000
(150,299)	143	5	6	119880000	59940000
(150,299)	144	5	6	120600000	60300000
(150,299)	145	5	6	121320000	60660000
(150,299)	146	5	6	122040000	61020000
(150,299)	147	5	6	122760000	61380000
(150,299)	148	5	6	123480000	61740000
(150,299)	149	5	6	124200000	62100000
(150,299)	150	5	6	124920000	62460000
(150,299)	151	5	6	125640000	62820000
(150,299)	152	5	6	126360000	63180000
(150,299)	153	5	6	127080000	63540000
(150,299)	154	5	6	127800000	63900000
(150,299)	155	5	6	128520000	64260000
(150,299)	156	5	6	129240000	64620000
(150,299)	157	5	6	129960000	64980000
(150,299)	158	5	6	130680000	65340000
(150,299)	159	5	6	131400000	65700000
(150,299)	160	5	6	132120000	66060000
(150,299)	161	5	6	132840000	66420000
(150,299)	162	5	6	133560000	66780000
(150,299)	163	5	6	134280000	67140000
(150,299)	164	5	6	135000000	67500000
(150,299)	165	5	6	135720000	67860000
(150,299)	166	5	6	136440000	68220000
(150,299)	167	5	6	137160000	68580000
(150,299)	168	5	6	137880000	68940000
(150,299)	169	5	6	138600000	69300000
(150,299)	170	5	6	139320000	69660000
(150,299)	171	5	6	140040000	70020000
(150,299)	172	5	6	140760000	70380000
(150,299)	173	5	6	141480000	70740000
(150,299)	174	5	6	142200000	71100000
(150,299)	175	5	6	142920000	71460000
(150,299)	176	5	6	143640000	71820000
(150,299)	177	5	6	144360000	72180000
(150,299)	178	5	6	145080000	72540000
(150,299)	179	5	6	145800000	72900000
(150,299)	180	5	6	146520000	73260000
(150,299)	181	5	6	147240000	73620000
(150,299)	182	5	6	147960000	73980000
(150,299)	183	5	6	148680000	74340000
(150,299)	184	5	6	149400000	74700000
(150,299)	185	5	6	150120000	75060000
(150,299)	186	5	6	150840000	75420000
(150,299)	187	5	6	151560000	75780000
(150,299)	188	5	6	152280000	76140000
(150,299)	189	5	6	153000000	76500000
(150,299)	190	5	6	153720000	76860000
(150,299)	191	5	6	154440000	77220000
(150,299)	192	5	6	155160000	77580000
(150,299)	193	5	6	155880000	77940000
(150,299)	194	5	6	156600000	78300000
(150,299)	195	5	6	157320000	78660000
(150,299)	196	5	6	158040000	79020000
(150,299)	197	5	6	158760000	79380000
(150,299)	198	5	6	159480000	79740000
(150,299)	199	5	6	160200000	80100000
(150,299)	200	5	6	160920000	80460000
(150,299)	201	5	6	161640000	80820000
(150,299)	202	5	6	162360000	81180000
(150,299)	203	5	6	163080000	81540000
(150,299)	204	5	6	163800000	81900000
(150,299)	205	5	6	164520000	82260000
(150,299)	206	5	6	165240000	82620000
(150,299)	207	5	6	165960000	82980000
(150,299)	208	5	6	166680000	83340000
(150,299)	209	5	6	167400000	83700000
(150,299)	210	5	6	168120000	84060000
(150,299)	211	5	6	168840000	84420000
(150,299)	212	5	6	169560000	84780000
(150,299)	213	5	6	170280000	85140000
(150,299)	214	5	6	171000000	85500000
(150,299)	215	5	6	171720000	85860000
(150,299)	216	5	6	172440000	86220000
(150,299)	217	5	6	173160000	86580000
(150,299)	218	5	6	173880000	86940000
(150,299)	219	5	6	174600000	87300000
(150,299)	220	5	6	175320000	87660000
(150,299)	221	5	6	176040000	88020000
(150,299)	222	5	6	176760000	88380000
(150,299)	223	5	6	177480000	88740000
(150,299)	224	5	6	178200000	89100000
(150,299)	225	5	6	178920000	89460000
(150,299)	226	5	6	179640000	89820000
(150,299)	227	5	6	180360000	90180000
(150,299)	228	5	6	181080000	90540000
(150,299)	229	5	6	181800000	90900000
(150,299)	230	5	6	182520000	91260000
(150,299)	231	5	6	183240000	91620000
(150,299)	232	5	6	183960000	91980000
(150,299)	233	5	6	184680000	92340000
(150,299)	234	5	6	185400000	92700000
(150,299)	235	5	6	186120000	93060000
(150,299)	236	5	6	186840000	93420000
(150,299)	237	5	6	187560000	93780000
(150,299)	238	5	6	188280000	94140000
(150,299)	239	5	6	189000000	94500000
(150,299)	240	5	6	189720000	94860000
(150,299)	241	5	6	190440000	95220000
(150,299)	242	5	6	191160000	95580000
(150,299)	243	5	6	191880000	95940000
(150,299)	244	5	6	192600000	96300000
(150,299)	245	5	6	193320000	96660000
(150,299)	246	5	6	194040000	97020000
(150,299)	247	5	6	194760000	97380000
(150,299)	248	5	6	195480000	97740000
(150,299)	249	5	6	196200000	98100000
(150,299)	250	5	6	196920000	98460000
(150,299)	251	5	6	197640000	98820000
(150,299)	252	5	6	198360000	99180000
(150,299)	253	5	6	199080000	99540000
(150,299)	254	5	6	199800000	99900000
(150,299)	255	5	6	200520000	100260000
(150,299)	256	5	6	201240000	100620000
(150,299)	257	5	6	201960000	100980000
(150,299)	258	5	6	202680000	101340000
(150,299)	259	5	6	203400000	101700000
(150,299)	260	5	6	204120000	102060000
(150,299)	261	5	6	204840000	102420000
(150,299)	262	5	6	205560000	102780000
(150,299)	263	5	6	206280000	103140000
(150,299)	264	5	6	207000000	103500000
(150,299)	265	5	6	207720000	103860000
(150,299)	266	5	6	208440000	104220000
(150,299)	267	5	6	209160000	104580000
(150,299)	268	5	6	209880000	104940000
(150,299)	269	5	6	210600000	105300000
(150,299)	270	5	6	211320000	105660000
(150,299)	271	5	6	212040000	106020000
(150,299)	272	5	6	212760000	106380000
(150,299)	273	5	6	213480000	106740000
(150,299)	274	5	6	214200000	107100000
(150,299)	275	5	6	214920000	107460000
(150,299)	276	5	6	215640000	107820000
(150,299)	277	5	6	216360000	108180000
(150,299)	278	5	6	217080000	108540000
(150,299)	279	5	6	217800000	108900000
(150,299)	280	5	6	218520000	109260000
(150,299)	281	5	6	219240000	109620000
(150,299)	282	5	6	219960000	109980000
(150,299)	283	5	6	220680000	110340000
(150,299)	284	5	6	221400000	110700000
(150,299)	285	5	6	222120000	111060000
(150,299)	286	5	6	222840000	111420000
(150,299)	287	5	6	223560000	111780000
(150,299)	288	5	6	224280000	112140000
(150,299)	289	5	6	225000000	112500000
(150,299)	290	5	6	225720000	112860000
(150,299)	291	5	6	226440000	113220000
(150,299)	292	5	6	227160000	113580000
(150,299)	293	5	6	227880000	113940000
(150,299)	294	5	6	228600000	114300000
(150,299)	295	5	6	229320000	114660000
(150,299)	296	5	6	230040000	115020000
(150,299)	297	5	6	230760000	115380000
(150,299)	298	5	6	231480000	115740000
(150,299)	299	5	6	232200000	116100000
(150,299)	300	5	6	232920000	116460000
(300,9999)	1	5	6	30000000	15000000
(300,9999)	2	5	6	30600000	15300000
(300,9999)	3	5	6	31800000	15900000
(300,9999)	4	5	6	33000000	16500000
(300,9999)	5	5	6	34200000	17100000
(300,9999)	6	5	6	35400000	17700000
(300,9999)	7	5	6	36600000	18300000
(300,9999)	8	5	6	37800000	18900000
(300,9999)	9	5	6	39000000	19500000
(300,9999)	10	5	6	40200000	20100000
(300,9999)	11	5	6	41400000	20700000
(300,9999)	12	5	6	42600000	21300000
(300,9999)	13	5	6	43800000	21900000
(300,9999)	14	5	6	45000000	22500000
(300,9999)	15	5	6	46200000	23100000
(300,9999)	16	5	6	47400000	23700000
(300,9999)	17	5	6	48600000	24300000
(300,9999)	18	5	6	49800000	24900000
(300,9999)	19	5	6	51000000	25500000
(300,9999)	20	5	6	52200000	26100000
(300,9999)	21	5	6	53400000	26700000
(300,9999)	22	5	6	54600000	27300000
(300,9999)	23	5	6	55800000	27900000
(300,9999)	24	5	6	57000000	28500000
(300,9999)	25	5	6	58200000	29100000
(300,9999)	26	5	6	59400000	29700000
(300,9999)	27	5	6	60600000	30300000
(300,9999)	28	5	6	61800000	30900000
(300,9999)	29	5	6	63000000	31500000
(300,9999)	30	5	6	64200000	32100000
(300,9999)	31	5	6	65400000	32700000
(300,9999)	32	5	6	66600000	33300000
(300,9999)	33	5	6	67800000	33900000
(300,9999)	34	5	6	69000000	34500000
(300,9999)	35	5	6	70200000	35100000
(300,9999)	36	5	6	71400000	35700000
(300,9999)	37	5	6	72600000	36300000
(300,9999)	38	5	6	73800000	36900000
(300,9999)	39	5	6	75000000	37500000
(300,9999)	40	5	6	76200000	38100000
(300,9999)	41	5	6	77400000	38700000
(300,9999)	42	5	6	78600000	39300000
(300,9999)	43	5	6	79800000	39900000
(300,9999)	44	5	6	81000000	40500000
(300,9999)	45	5	6	82200000	41100000
(300,9999)	46	5	6	83400000	41700000
(300,9999)	47	5	6	84600000	42300000
(300,9999)	48	5	6	85800000	42900000
(300,9999)	49	5	6	87000000	43500000
(300,9999)	50	5	6	88200000	44100000
(300,9999)	51	5	6	89400000	44700000
(300,9999)	52	5	6	90600000	45300000
(300,9999)	53	5	6	91800000	45900000
(300,9999)	54	5	6	93000000	46500000
(300,9999)	55	5	6	94200000	47100000
(300,9999)	56	5	6	95400000	47700000
(300,9999)	57	5	6	96600000	48300000
(300,9999)	58	5	6	97800000	48900000
(300,9999)	59	5	6	99000000	49500000
(300,9999)	60	5	6	100200000	50100000
(300,9999)	61	5	6	101400000	50700000
(300,9999)	62	5	6	102600000	51300000
(300,9999)	63	5	6	103800000	51900000
(300,9999)	64	5	6	105000000	52500000
(300,9999)	65	5	6	106200000	53100000
(300,9999)	66	5	6	107400000	53700000
(300,9999)	67	5	6	108600000	54300000
(300,9999)	68	5	6	109800000	54900000
(300,9999)	69	5	6	111000000	55500000
(300,9999)	70	5	6	112200000	56100000
(300,9999)	71	5	6	113400000	56700000
(300,9999)	72	5	6	114600000	57300000
(300,9999)	73	5	6	115800000	57900000
(300,9999)	74	5	6	117000000	58500000
(300,9999)	75	5	6	118200000	59100000
(300,9999)	76	5	6	119400000	59700000
(300,9999)	77	5	6	120600000	60300000
(300,9999)	78	5	6	121800000	60900000
(300,9999)	79	5	6	123000000	61500000
(300,9999)	80	5	6	124200000	62100000
(300,9999)	81	5	6	125400000	62700000
(300,9999)	82	5	6	126600000	63300000
(300,9999)	83	5	6	127800000	63900000
(300,9999)	84	5	6	129000000	64500000
(300,9999)	85	5	6	130200000	65100000
(300,9999)	86	5	6	131400000	65700000
(300,9999)	87	5	6	132600000	66300000
(300,9999)	88	5	6	133800000	66900000
(300,9999)	89	5	6	135000000	67500000
(300,9999)	90	5	6	136200000	68100000
(300,9999)	91	5	6	137400000	68700000
(300,9999)	92	5	6	138600000	69300000
(300,9999)	93	5	6	139800000	69900000
(300,9999)	94	5	6	141000000	70500000
(300,9999)	95	5	6	142200000	71100000
(300,9999)	96	5	6	143400000	71700000
(300,9999)	97	5	6	144600000	72300000
(300,9999)	98	5	6	145800000	72900000
(300,9999)	99	5	6	147000000	73500000
(300,9999)	100	5	6	148200000	74100000
(300,9999)	101	5	6	149400000	74700000
(300,9999)	102	5	6	150600000	75300000
(300,9999)	103	5	6	151800000	75900000
(300,9999)	104	5	6	153000000	76500000
(300,9999)	105	5	6	154200000	77100000
(300,9999)	106	5	6	155400000	77700000
(300,9999)	107	5	6	156600000	78300000
(300,9999)	108	5	6	157800000	78900000
(300,9999)	109	5	6	159000000	79500000
(300,9999)	110	5	6	160200000	80100000
(300,9999)	111	5	6	161400000	80700000
(300,9999)	112	5	6	162600000	81300000
(300,9999)	113	5	6	163800000	81900000
(300,9999)	114	5	6	165000000	82500000
(300,9999)	115	5	6	166200000	83100000
(300,9999)	116	5	6	167400000	83700000
(300,9999)	117	5	6	168600000	84300000
(300,9999)	118	5	6	169800000	84900000
(300,9999)	119	5	6	171000000	85500000
(300,9999)	120	5	6	172200000	86100000
(300,9999)	121	5	6	173400000	86700000
(300,9999)	122	5	6	174600000	87300000
(300,9999)	123	5	6	175800000	87900000
(300,9999)	124	5	6	177000000	88500000
(300,9999)	125	5	6	178200000	89100000
(300,9999)	126	5	6	179400000	89700000
(300,9999)	127	5	6	180600000	90300000
(300,9999)	128	5	6	181800000	90900000
(300,9999)	129	5	6	183000000	91500000
(300,9999)	130	5	6	184200000	92100000
(300,9999)	131	5	6	185400000	92700000
(300,9999)	132	5	6	186600000	93300000
(300,9999)	133	5	6	187800000	93900000
(300,9999)	134	5	6	189000000	94500000
(300,9999)	135	5	6	190200000	95100000
(300,9999)	136	5	6	191400000	95700000
(300,9999)	137	5	6	192600000	96300000
(300,9999)	138	5	6	193800000	96900000
(300,9999)	139	5	6	195000000	97500000
(300,9999)	140	5	6	196200000	98100000
(300,9999)	141	5	6	197400000	98700000
(300,9999)	142	5	6	198600000	99300000
(300,9999)	143	5	6	199800000	99900000
(300,9999)	144	5	6	201000000	100500000
(300,9999)	145	5	6	202200000	101100000
(300,9999)	146	5	6	203400000	101700000
(300,9999)	147	5	6	204600000	102300000
(300,9999)	148	5	6	205800000	102900000
(300,9999)	149	5	6	207000000	103500000
(300,9999)	150	5	6	208200000	104100000
(300,9999)	151	5	6	209400000	104700000
(300,9999)	152	5	6	210600000	105300000
(300,9999)	153	5	6	211800000	105900000
(300,9999)	154	5	6	213000000	106500000
(300,9999)	155	5	6	214200000	107100000
(300,9999)	156	5	6	215400000	107700000
(300,9999)	157	5	6	216600000	108300000
(300,9999)	158	5	6	217800000	108900000
(300,9999)	159	5	6	219000000	109500000
(300,9999)	160	5	6	220200000	110100000
(300,9999)	161	5	6	221400000	110700000
(300,9999)	162	5	6	222600000	111300000
(300,9999)	163	5	6	223800000	111900000
(300,9999)	164	5	6	225000000	112500000
(300,9999)	165	5	6	226200000	113100000
(300,9999)	166	5	6	227400000	113700000
(300,9999)	167	5	6	228600000	114300000
(300,9999)	168	5	6	229800000	114900000
(300,9999)	169	5	6	231000000	115500000
(300,9999)	170	5	6	232200000	116100000
(300,9999)	171	5	6	233400000	116700000
(300,9999)	172	5	6	234600000	117300000
(300,9999)	173	5	6	235800000	117900000
(300,9999)	174	5	6	237000000	118500000
(300,9999)	175	5	6	238200000	119100000
(300,9999)	176	5	6	239400000	119700000
(300,9999)	177	5	6	240600000	120300000
(300,9999)	178	5	6	241800000	120900000
(300,9999)	179	5	6	243000000	121500000
(300,9999)	180	5	6	244200000	122100000
(300,9999)	181	5	6	245400000	122700000
(300,9999)	182	5	6	246600000	123300000
(300,9999)	183	5	6	247800000	123900000
(300,9999)	184	5	6	249000000	124500000
(300,9999)	185	5	6	250200000	125100000
(300,9999)	186	5	6	251400000	125700000
(300,9999)	187	5	6	252600000	126300000
(300,9999)	188	5	6	253800000	126900000
(300,9999)	189	5	6	255000000	127500000
(300,9999)	190	5	6	256200000	128100000
(300,9999)	191	5	6	257400000	128700000
(300,9999)	192	5	6	258600000	129300000
(300,9999)	193	5	6	259800000	129900000
(300,9999)	194	5	6	261000000	130500000
(300,9999)	195	5	6	262200000	131100000
(300,9999)	196	5	6	263400000	131700000
(300,9999)	197	5	6	264600000	132300000
(300,9999)	198	5	6	265800000	132900000
(300,9999)	199	5	6	267000000	133500000
(300,9999)	200	5	6	268200000	134100000
(300,9999)	201	5	6	269400000	134700000
(300,9999)	202	5	6	270600000	135300000
(300,9999)	203	5	6	271800000	135900000
(300,9999)	204	5	6	273000000	136500000
(300,9999)	205	5	6	274200000	137100000
(300,9999)	206	5	6	275400000	137700000
(300,9999)	207	5	6	276600000	138300000
(300,9999)	208	5	6	277800000	138900000
(300,9999)	209	5	6	279000000	139500000
(300,9999)	210	5	6	280200000	140100000
(300,9999)	211	5	6	281400000	140700000
(300,9999)	212	5	6	282600000	141300000
(300,9999)	213	5	6	283800000	141900000
(300,9999)	214	5	6	285000000	142500000
(300,9999)	215	5	6	286200000	143100000
(300,9999)	216	5	6	287400000	143700000
(300,9999)	217	5	6	288600000	144300000
(300,9999)	218	5	6	289800000	144900000
(300,9999)	219	5	6	291000000	145500000
(300,9999)	220	5	6	292200000	146100000
(300,9999)	221	5	6	293400000	146700000
(300,9999)	222	5	6	294600000	147300000
(300,9999)	223	5	6	295800000	147900000
(300,9999)	224	5	6	297000000	148500000
(300,9999)	225	5	6	298200000	149100000
(300,9999)	226	5	6	299400000	149700000
(300,9999)	227	5	6	300600000	150300000
(300,9999)	228	5	6	301800000	150900000
(300,9999)	229	5	6	303000000	151500000
(300,9999)	230	5	6	304200000	152100000
(300,9999)	231	5	6	305400000	152700000
(300,9999)	232	5	6	306600000	153300000
(300,9999)	233	5	6	307800000	153900000
(300,9999)	234	5	6	309000000	154500000
(300,9999)	235	5	6	310200000	155100000
(300,9999)	236	5	6	311400000	155700000
(300,9999)	237	5	6	312600000	156300000
(300,9999)	238	5	6	313800000	156900000
(300,9999)	239	5	6	315000000	157500000
(300,9999)	240	5	6	316200000	158100000
(300,9999)	241	5	6	317400000	158700000
(300,9999)	242	5	6	318600000	159300000
(300,9999)	243	5	6	319800000	159900000
(300,9999)	244	5	6	321000000	160500000
(300,9999)	245	5	6	322200000	161100000
(300,9999)	246	5	6	323400000	161700000
(300,9999)	247	5	6	324600000	162300000
(300,9999)	248	5	6	325800000	162900000
(300,9999)	249	5	6	327000000	163500000
(300,9999)	250	5	6	328200000	164100000
(300,9999)	251	5	6	329400000	164700000
(300,9999)	252	5	6	330600000	165300000
(300,9999)	253	5	6	331800000	165900000
(300,9999)	254	5	6	333000000	166500000
(300,9999)	255	5	6	334200000	167100000
(300,9999)	256	5	6	335400000	167700000
(300,9999)	257	5	6	336600000	168300000
(300,9999)	258	5	6	337800000	168900000
(300,9999)	259	5	6	339000000	169500000
(300,9999)	260	5	6	340200000	170100000
(300,9999)	261	5	6	341400000	170700000
(300,9999)	262	5	6	342600000	171300000
(300,9999)	263	5	6	343800000	171900000
(300,9999)	264	5	6	345000000	172500000
(300,9999)	265	5	6	346200000	173100000
(300,9999)	266	5	6	347400000	173700000
(300,9999)	267	5	6	348600000	174300000
(300,9999)	268	5	6	349800000	174900000
(300,9999)	269	5	6	351000000	175500000
(300,9999)	270	5	6	352200000	176100000
(300,9999)	271	5	6	353400000	176700000
(300,9999)	272	5	6	354600000	177300000
(300,9999)	273	5	6	355800000	177900000
(300,9999)	274	5	6	357000000	178500000
(300,9999)	275	5	6	358200000	179100000
(300,9999)	276	5	6	359400000	179700000
(300,9999)	277	5	6	360600000	180300000
(300,9999)	278	5	6	361800000	180900000
(300,9999)	279	5	6	363000000	181500000
(300,9999)	280	5	6	364200000	182100000
(300,9999)	281	5	6	365400000	182700000
(300,9999)	282	5	6	366600000	183300000
(300,9999)	283	5	6	367800000	183900000
(300,9999)	284	5	6	369000000	184500000
(300,9999)	285	5	6	370200000	185100000
(300,9999)	286	5	6	371400000	185700000
(300,9999)	287	5	6	372600000	186300000
(300,9999)	288	5	6	373800000	186900000
(300,9999)	289	5	6	375000000	187500000
(300,9999)	290	5	6	376200000	188100000
(300,9999)	291	5	6	377400000	188700000
(300,9999)	292	5	6	378600000	189300000
(300,9999)	293	5	6	379800000	189900000
(300,9999)	294	5	6	381000000	190500000
(300,9999)	295	5	6	382200000	191100000
(300,9999)	296	5	6	383400000	191700000
(300,9999)	297	5	6	384600000	192300000
(300,9999)	298	5	6	385800000	192900000
(300,9999)	299	5	6	387000000	193500000
(300,9999)	300	5	6	388200000	194100000
