level	people
等级	人数
1	1
2	2
3	3
4	4
5	6
6	8
7	10
8	12
9	14
10	16
11	18
12	20
13	22
14	24
15	26
16	28
17	30
18	32
19	34
20	36
21	38
22	40
23	42
24	44
25	46
26	48
27	50
28	50
29	50
30	50
31	50
32	50
33	50
34	50
35	50
36	50
37	50
38	50
39	50
40	50
41	50
42	50
43	50
44	50
45	50
46	50
47	50
48	50
49	50
50	50
51	50
52	50
53	50
54	50
55	50
56	50
57	50
58	50
59	50
60	50
61	50
62	50
63	50
64	50
65	50
66	50
67	50
68	50
69	50
70	50
71	50
72	50
73	50
74	50
75	50
76	50
77	50
78	50
79	50
80	50
81	50
82	50
83	50
84	50
85	50
86	50
87	50
88	50
89	50
90	50
91	50
92	50
93	50
94	50
95	50
96	50
97	50
98	50
99	50
100	50
101	50
102	50
103	50
104	50
105	50
106	50
107	50
108	50
109	50
110	50
111	50
112	50
113	50
114	50
115	50
116	50
117	50
118	50
119	50
120	50
121	50
122	50
123	50
124	50
125	50
126	50
127	50
128	50
129	50
130	50
131	50
132	50
133	50
134	50
135	50
136	50
137	50
138	50
139	50
140	50
141	50
142	50
143	50
144	50
145	50
146	50
147	50
148	50
149	50
150	50
151	50
152	50
153	50
154	50
155	50
156	50
157	50
158	50
159	50
160	50