rank	Level	LevelMax	rewardItems	rewardMoney	rewardItemShow	rewardItems_fcm	rewardMoney_fcm	rewardItemShow_fcm
排名	个人等级	个人等级(max)	奖励物品	奖励金币	客户端展示奖励	奖励物品防沉迷	奖励金币防沉迷	客户端展示奖励防沉迷
1	1	59	[(26044,3),(25661,200),(25666,100),(25671,50)]	1000000	[(26044,3),(25828,1000000),(25661,200),(25666,100),(25671,50)]	[(26044,2),(25661,100),(25666,50),(25671,25)]	500000	[(26044,2),(25828,500000),(25661,100),(25666,50),(25671,25)]
2	1	59	[(26044,2),(25661,160),(25666,80),(25671,40)]	850000	[(26044,2),(25828,850000),(25661,160),(25666,80),(25671,40)]	[(26044,1),(25661,80),(25666,40),(25671,20)]	425000	[(26044,1),(25828,425000),(25661,80),(25666,40),(25671,20)]
3	1	59	[(26044,1),(25661,120),(25666,60),(25671,30)]	750000	[(26044,1),(25828,750000),(25661,120),(25666,60),(25671,30)]	[(26044,1),(25661,60),(25666,30),(25671,15)]	375000	[(26044,1),(25828,375000),(25661,60),(25666,30),(25671,15)]
4	1	59	[(25661,80),(25666,40),(25671,20)]	700000	[(25828,700000),(25661,80),(25666,40),(25671,20)]	[(25661,40),(25666,20),(25671,10)]	350000	[(25828,350000),(25661,40),(25666,20),(25671,10)]
5	1	59	[(25661,40),(25666,20),(25671,10)]	650000	[(25828,650000),(25661,40),(25666,20),(25671,10)]	[(25661,20),(25666,10),(25671,5)]	325000	[(25828,325000),(25661,20),(25666,10),(25671,5)]
1	60	79	[(26044,3),(25662,200),(25667,100),(25672,50)]	2000000	[(26044,3),(25828,2000000),(25662,200),(25667,100),(25672,50)]	[(26044,2),(25662,100),(25667,50),(25672,25)]	1000000	[(26044,2),(25828,1000000),(25662,100),(25667,50),(25672,25)]
2	60	79	[(26044,2),(25662,160),(25667,80),(25672,40)]	1700000	[(26044,2),(25828,1700000),(25662,160),(25667,80),(25672,40)]	[(26044,1),(25662,80),(25667,40),(25672,20)]	850000	[(26044,1),(25828,850000),(25662,80),(25667,40),(25672,20)]
3	60	79	[(26044,1),(25662,120),(25667,60),(25672,30)]	1500000	[(26044,1),(25828,1500000),(25662,120),(25667,60),(25672,30)]	[(26044,1),(25662,60),(25667,30),(25672,15)]	750000	[(26044,1),(25828,750000),(25662,60),(25667,30),(25672,15)]
4	60	79	[(25662,80),(25667,40),(25672,20)]	1400000	[(25828,1400000),(25662,80),(25667,40),(25672,20)]	[(25662,40),(25667,20),(25672,10)]	700000	[(25828,700000),(25662,40),(25667,20),(25672,10)]
5	60	79	[(25662,40),(25667,20),(25672,10)]	1300000	[(25828,1300000),(25662,40),(25667,20),(25672,10)]	[(25662,20),(25667,10),(25672,5)]	650000	[(25828,650000),(25662,20),(25667,10),(25672,5)]
1	80	99	[(26267,3),(25663,200),(25668,100),(25673,50)]	3000000	[(26267,3),(25828,3000000),(25663,200),(25668,100),(25673,50)]	[(26267,2),(25663,100),(25668,50),(25673,25)]	1500000	[(26267,2),(25828,1500000),(25663,100),(25668,50),(25673,25)]
2	80	99	[(26267,2),(25663,160),(25668,80),(25673,40)]	2550000	[(26267,2),(25828,2550000),(25663,160),(25668,80),(25673,40)]	[(26267,1),(25663,80),(25668,40),(25673,20)]	1275000	[(26267,1),(25828,1275000),(25663,80),(25668,40),(25673,20)]
3	80	99	[(26267,1),(25663,120),(25668,60),(25673,30)]	2250000	[(26267,1),(25828,2250000),(25663,120),(25668,60),(25673,30)]	[(26267,1),(25663,60),(25668,30),(25673,15)]	1125000	[(26267,1),(25828,1125000),(25663,60),(25668,30),(25673,15)]
4	80	99	[(25663,80),(25668,40),(25673,20)]	2100000	[(25828,2100000),(25663,80),(25668,40),(25673,20)]	[(25663,40),(25668,20),(25673,10)]	1050000	[(25828,1050000),(25663,40),(25668,20),(25673,10)]
5	80	99	[(25663,40),(25668,20),(25673,10)]	1950000	[(25828,1950000),(25663,40),(25668,20),(25673,10)]	[(25663,20),(25668,10),(25673,5)]	975000	[(25828,975000),(25663,20),(25668,10),(25673,5)]
1	100	119	[(26267,3),(25664,200),(25669,100),(25674,50)]	4000000	[(26267,3),(25828,4000000),(25664,200),(25669,100),(25674,50)]	[(26267,2),(25664,100),(25669,50),(25674,25)]	2000000	[(26267,2),(25828,2000000),(25664,100),(25669,50),(25674,25)]
2	100	119	[(26267,2),(25664,160),(25669,80),(25674,40)]	3400000	[(26267,2),(25828,3400000),(25664,160),(25669,80),(25674,40)]	[(26267,1),(25664,80),(25669,40),(25674,20)]	1700000	[(26267,1),(25828,1700000),(25664,80),(25669,40),(25674,20)]
3	100	119	[(26267,1),(25664,120),(25669,60),(25674,30)]	3000000	[(26267,1),(25828,3000000),(25664,120),(25669,60),(25674,30)]	[(26267,1),(25664,60),(25669,30),(25674,15)]	1500000	[(26267,1),(25828,1500000),(25664,60),(25669,30),(25674,15)]
4	100	119	[(25664,80),(25669,40),(25674,20)]	2800000	[(25828,2800000),(25664,80),(25669,40),(25674,20)]	[(25664,40),(25669,20),(25674,10)]	1400000	[(25828,1400000),(25664,40),(25669,20),(25674,10)]
5	100	119	[(25664,40),(25669,20),(25674,10)]	2600000	[(25828,2600000),(25664,40),(25669,20),(25674,10)]	[(25664,20),(25669,10),(25674,5)]	1300000	[(25828,1300000),(25664,20),(25669,10),(25674,5)]
1	120	139	[(26267,3),(25665,200),(25670,100),(25675,50)]	6000000	[(26267,3),(25828,6000000),(25665,200),(25670,100),(25675,50)]	[(26267,2),(25665,100),(25670,50),(25675,25)]	3000000	[(26267,2),(25828,3000000),(25665,100),(25670,50),(25675,25)]
2	120	139	[(26267,2),(25665,160),(25670,80),(25675,40)]	5100000	[(26267,2),(25828,5100000),(25665,160),(25670,80),(25675,40)]	[(26267,1),(25665,80),(25670,40),(25675,20)]	2550000	[(26267,1),(25828,2550000),(25665,80),(25670,40),(25675,20)]
3	120	139	[(26267,1),(25665,120),(25670,60),(25675,30)]	4500000	[(26267,1),(25828,4500000),(25665,120),(25670,60),(25675,30)]	[(26267,1),(25665,60),(25670,30),(25675,15)]	2250000	[(26267,1),(25828,2250000),(25665,60),(25670,30),(25675,15)]
4	120	139	[(25665,80),(25670,40),(25675,20)]	4200000	[(25828,4200000),(25665,80),(25670,40),(25675,20)]	[(25665,40),(25670,20),(25675,10)]	2100000	[(25828,2100000),(25665,40),(25670,20),(25675,10)]
5	120	139	[(25665,40),(25670,20),(25675,10)]	3900000	[(25828,3900000),(25665,40),(25670,20),(25675,10)]	[(25665,20),(25670,10),(25675,5)]	1950000	[(25828,1950000),(25665,20),(25670,10),(25675,5)]
1	140	159	[(26267,3),(27048,200),(27049,100),(27050,50)]	8000000	[(26267,3),(25828,8000000),(27048,200),(27049,100),(27050,50)]	[(26267,2),(27048,100),(27049,50),(27050,25)]	4000000	[(26267,2),(25828,4000000),(27048,100),(27049,50),(27050,25)]
2	140	159	[(26267,2),(27048,160),(27049,80),(27050,40)]	6800000	[(26267,2),(25828,6800000),(27048,160),(27049,80),(27050,40)]	[(26267,1),(27048,80),(27049,40),(27050,20)]	3400000	[(26267,1),(25828,3400000),(27048,80),(27049,40),(27050,20)]
3	140	159	[(26267,1),(27048,120),(27049,60),(27050,30)]	6000000	[(26267,1),(25828,6000000),(27048,120),(27049,60),(27050,30)]	[(26267,1),(27048,60),(27049,30),(27050,15)]	3000000	[(26267,1),(25828,3000000),(27048,60),(27049,30),(27050,15)]
4	140	159	[(27048,80),(27049,40),(27050,20)]	5600000	[(25828,5600000),(27048,80),(27049,40),(27050,20)]	[(27048,40),(27049,20),(27050,10)]	2800000	[(25828,2800000),(27048,40),(27049,20),(27050,10)]
5	140	159	[(27048,40),(27049,20),(27050,10)]	5200000	[(25828,5200000),(27048,40),(27049,20),(27050,10)]	[(27048,20),(27049,10),(27050,5)]	2600000	[(25828,2600000),(27048,20),(27049,10),(27050,5)]
1	160	179	[(26267,3),(27904,200),(27905,100),(27906,50)]	9000000	[(26267,3),(25828,9000000),(27904,200),(27905,100),(27906,50)]	[(26267,2),(27904,100),(27905,50),(27906,25)]	4500000	[(26267,2),(25828,4500000),(27904,100),(27905,50),(27906,25)]
2	160	179	[(26267,2),(27904,160),(27905,80),(27906,40)]	7650000	[(26267,2),(25828,7650000),(27904,160),(27905,80),(27906,40)]	[(26267,1),(27904,80),(27905,40),(27906,20)]	3825000	[(26267,1),(25828,3825000),(27904,80),(27905,40),(27906,20)]
3	160	179	[(26267,1),(27904,120),(27905,60),(27906,30)]	6750000	[(26267,1),(25828,6750000),(27904,120),(27905,60),(27906,30)]	[(26267,1),(27904,60),(27905,30),(27906,15)]	3375000	[(26267,1),(25828,3375000),(27904,60),(27905,30),(27906,15)]
4	160	179	[(27904,80),(27905,40),(27906,20)]	6300000	[(25828,6300000),(27904,80),(27905,40),(27906,20)]	[(27904,40),(27905,20),(27906,10)]	3150000	[(25828,3150000),(27904,40),(27905,20),(27906,10)]
5	160	179	[(27904,40),(27905,20),(27906,10)]	5850000	[(25828,5850000),(27904,40),(27905,20),(27906,10)]	[(27904,20),(27905,10),(27906,5)]	2925000	[(25828,2925000),(27904,20),(27905,10),(27906,5)]
